    -10.00000000      0.00000000      0.00000000      0.00000000      0.00000000      0.01675998      0.00000225      0.00967092      0.00000000      3.24804357      0.99981883      0.99981883      0.50004079      0.50005349      0.50005349      0.49999323      0.00000000      2.70000000    -10.00000000
    -10.16722408      0.00000000      0.00000000      0.00000000      0.00000000      0.01670721     -0.12256297      0.00964566      0.00140502      3.24979539      1.00172422      0.99981883      0.49562051      0.50061293      0.50061293      0.49848980      0.00140305      2.70000000    -10.00000000
    -10.33444816      0.00000000      0.00000000      0.00000000      0.00000000      0.01678933     -0.24415775      0.00960484      0.00562702      3.22021067      1.00345375      0.99981883      0.49106623      0.50119350      0.50119350      0.49677733      0.00559553      2.70000000    -10.00000000
    -10.50167224      0.00000000      0.00000000      0.00000000      0.00000000      0.01691775     -0.36349737      0.00953759      0.01265611      3.17339270      1.00519349      0.99981883      0.48590880      0.50178860      0.50178860      0.49470941      0.01249793      2.70000000    -10.00000000
    -10.66889632      0.00000000      0.00000000      0.00000000      0.00000000      0.01708704     -0.47988704      0.00944482      0.02249806      3.11139081      1.00694858      0.99981883      0.47968266      0.50237987      0.50237987      0.49344998      0.02200303      2.70000000    -10.00000000
    -10.83612040      0.00000000      0.00000000      0.00000000      0.00000000      0.01730052     -0.59248143      0.00932779      0.03515794      3.03492196      1.00872419      0.99981883      0.47625727      0.50297520      0.50297520      0.49213679      0.03396384      2.70000000    -10.00000000
    -11.00334448      0.00000000      0.00000000      0.00000000      0.00000000      0.01756010     -0.70048318      0.00918808      0.05063974      2.94527252      1.01052551      0.99981883      0.47244364      0.50356997      0.50356997      0.49077267      0.04819896      2.70000000    -10.00000000
    -11.17056856      0.00000000      0.00000000      0.00000000      0.00000000      0.01786693     -0.80318633      0.00902750      0.06894599      2.84410184      1.01235780      0.99981883      0.46849991      0.50416147      0.50416147      0.48940258      0.06449904      2.70000000    -10.00000000
    -11.33779264      0.00000000      0.00000000      0.00000000      0.00000000      0.01822187     -0.89998931      0.00884805      0.09007694      2.73327046      1.01422636      0.99981883      0.46455843      0.50475078      0.50475078      0.48803765      0.08263356      2.70000000    -10.00000000
    -11.50501672      0.00000000      0.00000000      0.00000000      0.00000000      0.01862570     -0.99040024      0.00865189      0.11402932      2.61472764      1.01613656      0.99981883      0.46066054      0.50533560      0.50533560      0.48668496      0.10235756      2.70000000    -10.00000000
    -11.67224080      0.00000000      0.00000000      0.00000000      0.00000000      0.01907919     -1.07403800      0.00844124      0.14079487      2.49042783      1.01809385      0.99981883      0.45682405      0.50591564      0.50591564      0.48534839      0.12341822      2.70000000    -10.00000000
    -11.83946488      0.00000000      0.00000000      0.00000000      0.00000000      0.01958316     -1.15062971      0.00821833      0.17035862      2.36226470      1.02010376      0.99981883      0.45309423      0.50648629      0.50648629      0.48403290      0.14556104      2.70000000    -10.00000000
    -12.00668896      0.00000000      0.00000000      0.00000000      0.00000000      0.02013846     -1.22000544      0.00798539      0.20269690      2.23201923      1.02217190      0.99981883      0.44940129      0.50705183      0.50705183      0.48277057      0.16853532      2.70000000    -10.00000000
    -12.17391304      0.00000000      0.00000000      0.00000000      0.00000000      0.02074597     -1.28209042      0.00774459      0.23777516      2.10132072      1.02430400      0.99981883      0.44584460      0.50760846      0.50760846      0.48147846      0.19209883      2.70000000    -10.00000000
    -12.34113712      0.00000000      0.00000000      0.00000000      0.00000000      0.02140662     -1.33689569      0.00749797      0.27554549      1.97162015      1.02650588      0.99981883      0.44240458      0.50815817      0.50815817      0.48024662      0.21602169      2.70000000    -10.00000000
    -12.50836120      0.00000000      0.00000000      0.00000000      0.00000000      0.02212136     -1.38450762      0.00724747      0.31594401      1.84417481      1.02878346      0.99981883      0.43900941      0.50870014      0.50870014      0.47904739      0.24008925      2.70000000    -10.00000000
    -12.67558528      0.00000000      0.00000000      0.00000000      0.00000000      0.02289117     -1.42507692      0.00699487      0.35888795      1.72004278      1.03114279      0.99981883      0.43593623      0.50923119      0.50923119      0.47789376      0.26410415      2.70000000    -10.00000000
    -12.84280936      0.00000000      0.00000000      0.00000000      0.00000000      0.02371700     -1.45880771      0.00674179      0.40427268      1.60008559      1.03359003      0.99981883      0.43295358      0.50974925      0.50974925      0.47678098      0.28788759      2.70000000    -10.00000000
    -13.01003344      0.00000000      0.00000000      0.00000000      0.00000000      0.02459984     -1.48594685      0.00648970      0.45196852      1.48497750      1.03613149      0.99981883      0.43013140      0.51025398      0.51025398      0.47571693      0.31127983      2.70000000    -10.00000000
    -13.17725753      0.00000000      0.00000000      0.00000000      0.00000000      0.02554063     -1.50677401      0.00623987      0.50181746      1.37521938      1.03877356      0.99981883      0.42753268      0.51074381      0.51074381      0.47469916      0.33414011      2.70000000    -10.00000000
    -13.34448161      0.00000000      0.00000000      0.00000000      0.00000000      0.02654026     -1.52159254      0.00599344      0.55362982      1.27115578      1.04152278      0.99981883      0.42505178      0.51122284      0.51122284      0.47373518      0.35634603      2.70000000    -10.00000000
    -13.51170569      0.00000000      0.00000000      0.00000000      0.00000000      0.02759959     -1.53072138      0.00575136      0.60718091      1.17299375      1.04438583      0.99981883      0.42321859      0.51168216      0.51168216      0.47283012      0.37779251      2.70000000    -10.00000000
    -13.67892977      0.00000000      0.00000000      0.00000000      0.00000000      0.02871938     -1.53448796      0.00551444      0.66220769      1.08082221      1.04736949      0.99981883      0.42194697      0.51212491      0.51212491      0.47198807      0.39839046      2.70000000    -10.00000000
    -13.84615385      0.00000000      0.00000000      0.00000000      0.00000000      0.02990030     -1.53322229      0.00528335      0.71840578      0.99463089      1.05048067      0.99981883      0.41941125      0.51254621      0.51254621      0.47121291      0.41806527      2.70000000    -10.00000000
    -14.01337793      0.00000000      0.00000000      0.00000000      0.00000000      0.03114290     -1.52725184      0.00505864      0.77542630      0.91432858      1.05372640      0.99981883      0.41713885      0.51294515      0.51294515      0.47050929      0.43675499      2.70000000    -10.00000000
    -14.18060201      0.00000000      0.00000000      0.00000000      0.00000000      0.03244757     -1.51689756      0.00484071      0.83287350      0.83975959      1.05711382      0.99981883      0.41515744      0.51332432      0.51332432      0.46986700      0.45440861      2.70000000    -10.00000000
    -14.34782609      0.00000000      0.00000000      0.00000000      0.00000000      0.03381455     -1.50247072      0.00462990      0.89030264      0.77071867      1.06065015      0.99981883      0.41339519      0.51366783      0.51366783      0.46933534      0.47098418      2.70000000    -10.00000000
    -14.51505017      0.00000000      0.00000000      0.00000000      0.00000000      0.03524386     -1.48427046      0.00442643      0.94721855      0.70696417      1.06434274      0.99981883      0.41192927      0.51398680      0.51398680      0.46887280      0.48644696      2.70000000    -10.00000000
    -14.68227425      0.00000000      0.00000000      0.00000000      0.00000000      0.03673531     -1.46258207      0.00423043      1.00307504      0.64822918      1.06819897      0.99981883      0.41074553      0.51427470      0.51427470      0.46857812      0.50076758      2.70000000    -10.00000000
    -14.84949833      0.00000000      0.00000000      0.00000000      0.00000000      0.03828843     -1.43767582      0.00404199      1.05727531      0.59423107      1.07222631      0.99981883      0.40984915      0.51453018      0.51453018      0.46822485      0.51392019      2.70000000    -10.00000000
    -15.01672241      0.00000000      0.00000000      0.00000000      0.00000000      0.03990248     -1.40980627      0.00386112      1.10917365      0.54467927      1.07643227      0.99981883      0.40924802      0.51474697      0.51474697      0.46805161      0.52588067      2.70000000    -10.00000000
    -15.18394649      0.00000000      0.00000000      0.00000000      0.00000000      0.04157640     -1.37921205      0.00368778      1.15807859      0.49928160      1.08082438      0.99981883      0.40894565      0.51492606      0.51492606      0.46799093      0.53662485      2.70000000    -10.00000000
    -15.35117057      0.00000000      0.00000000      0.00000000      0.00000000      0.04330877     -1.34611585      0.00352189      1.20325791      0.45774927      1.08541014      0.99981883      0.40894630      0.51506100      0.51506100      0.46803430      0.54612667      2.70000000    -10.00000000
    -15.51839465      0.00000000      0.00000000      0.00000000      0.00000000      0.04509779     -1.31072480      0.00336334      1.24394559      0.41980070      1.09019706      0.99981883      0.40926004      0.51515359      0.51515359      0.46820083      0.55435640      2.70000000    -10.00000000
    -15.68561873      0.00000000      0.00000000      0.00000000      0.00000000      0.04694127     -1.27323097      0.00321198      1.27935121      0.38516437      1.09519256      0.99981883      0.40988599      0.51519635      0.51519635      0.46850954      0.56127867      2.70000000    -10.00000000
    -15.85284281      0.00000000      0.00000000      0.00000000      0.00000000      0.04883653     -1.23381206      0.00306765      1.30867172      0.35358091      1.10040397      0.99981883      0.41082869      0.51519048      0.51519048      0.46904303      0.56685050      2.70000000    -10.00000000
    -16.02006689      0.00000000      0.00000000      0.00000000      0.00000000      0.05078045     -1.19263214      0.00293016      1.33110605      0.32480438      1.10583850      0.99981883      0.41209439      0.51513084      0.51513084      0.46957724      0.57101909      2.70000000    -10.00000000
    -16.18729097      0.00000000      0.00000000      0.00000000      0.00000000      0.05276937     -1.14984249      0.00279929      1.34587234      0.29860313      1.11150318      0.99981883      0.41368274      0.51501488      0.51501488      0.47004321      0.57371934      2.70000000    -10.00000000
    -16.35451505      0.00000000      0.00000000      0.00000000      0.00000000      0.05479913     -1.10558236      0.00267485      1.35222797      0.27476018      1.11740483      0.99981883      0.41559545      0.51483996      0.51483996      0.47064355      0.57487114      2.70000000    -10.00000000
    -16.52173913      0.00000000      0.00000000      0.00000000      0.00000000      0.05686499     -1.05997980      0.00255660      1.34949221      0.25307329      1.12354999      0.99981883      0.41783809      0.51460536      0.51460536      0.47138238      0.57437612      2.70000000    -10.00000000
    -16.68896321      0.00000000      0.00000000      0.00000000      0.00000000      0.05896165     -1.01315241      0.00244432      1.33707116      0.23335470      1.12994492      0.99981883      0.42039695      0.51430211      0.51430211      0.47225381      0.57211401      2.70000000    -10.00000000
    -16.85618729      0.00000000      0.00000000      0.00000000      0.00000000      0.06108324     -0.96520806      0.00233777      1.31448492      0.21543080      1.13659549      0.99981883      0.42328700      0.51393239      0.51393239      0.47326856      0.56793842      2.70000000    -10.00000000
    -17.02341137      0.00000000      0.00000000      0.00000000      0.00000000      0.06322328     -0.91624557      0.00223672      1.28139624      0.19914153      1.14350718      0.99981883      0.42655715      0.51349725      0.51349725      0.47442242      0.56167193      2.70000000    -10.00000000
    -17.19063545      0.00000000      0.00000000      0.00000000      0.00000000      0.06537475     -0.86635535      0.00214092      1.23764045      0.18433981      1.15068496      0.99981883      0.43006435      0.51299003      0.51299003      0.47571740      0.55310068      2.70000000    -10.00000000
    -17.35785953      0.00000000      0.00000000      0.00000000      0.00000000      0.06753004     -0.81562004      0.00205016      1.18325578      0.17089079      1.15813331      0.99981883      0.43382036      0.51241107      0.51241107      0.47715399      0.54196846      2.70000000    -10.00000000
    -17.52508361      0.00000000      0.00000000      0.00000000      0.00000000      0.06968103     -0.76411508      0.00196420      1.11851338      0.15867111      1.16585607      0.99981883      0.43797997      0.51174974      0.51174974      0.47872818      0.52797088      2.70000000    -10.00000000
    -17.69230769      0.00000000      0.00000000      0.00000000      0.00000000      0.07181907     -0.71190927      0.00188280      1.04394615      0.14756818      1.17385647      0.99981883      0.44239431      0.51102452      0.51102452      0.48044361      0.51075032      2.70000000    -10.00000000
    -17.85953177      0.00000000      0.00000000      0.00000000      0.00000000      0.07393509     -0.65906535      0.00180576      0.96037520      0.13747937      1.18213699      0.99981883      0.44703428      0.51021667      0.51021667      0.48229607      0.48989357      2.70000000    -10.00000000
    -18.02675585      0.00000000      0.00000000      0.00000000      0.00000000      0.07601957     -0.60564044      0.00173286      0.86893307      0.12831130      1.19069936      0.99981883      0.45200072      0.50933208      0.50933208      0.48428400      0.46493536      2.70000000    -10.00000000
    -18.19397993      0.00000000      0.00000000      0.00000000      0.00000000      0.07806269     -0.55168657      0.00166388      0.77108219      0.11997912      1.19954448      0.99981883      0.45743396      0.50837262      0.50837262      0.48640490      0.43537346      2.70000000    -10.00000000
    -18.36120401      0.00000000      0.00000000      0.00000000      0.00000000      0.08005433     -0.49725109      0.00159862      0.66862777      0.11240577      1.20867231      0.99981883      0.46312085      0.50733698      0.50733698      0.48865321      0.40070517      2.70000000    -10.00000000
    -18.52842809      0.00000000      0.00000000      0.00000000      0.00000000      0.08198420     -0.44237712      0.00153689      0.56372377      0.10552138      1.21808193      0.99981883      0.46897898      0.50621620      0.50621620      0.49102715      0.36050086      2.70000000    -10.00000000
    -18.69565217      0.00000000      0.00000000      0.00000000      0.00000000      0.08384192     -0.38710388      0.00147849      0.45887111      0.09926264      1.22777137      0.99981883      0.47515643      0.50504423      0.50504423      0.49351380      0.31453849      2.70000000    -10.00000000
    -18.86287625      0.00000000      0.00000000      0.00000000      0.00000000      0.08561708     -0.33146705      0.00142324      0.35690729      0.09357219      1.23773765      0.99981883      0.48156208      0.50379211      0.50379211      0.49601091      0.26302998      2.70000000    -10.00000000
    -19.03010033      0.00000000      0.00000000      0.00000000      0.00000000      0.08729942     -0.27549910      0.00137097      0.26098699      0.08839812      1.24797669      0.99981883      0.48819776      0.50247038      0.50247038      0.49889856      0.20697041      2.70000000    -10.00000000
    -19.19732441      0.00000000      0.00000000      0.00000000      0.00000000      0.08887885     -0.21922958      0.00132148      0.17455341      0.08369345      1.25848331      0.99981883      0.49498233      0.50108478      0.50108478      0.50166520      0.14861258      2.70000000    -10.00000000
    -19.36454849      0.00000000      0.00000000      0.00000000      0.00000000      0.09034565     -0.16268535      0.00127463      0.10130061      0.07941569      1.26925118      0.99981883      0.50194501      0.49963878      0.49963878      0.50457827      0.09198271      2.70000000    -10.00000000
    -19.53177258      0.00000000      0.00000000      0.00000000      0.00000000      0.09169052     -0.10589082      0.00123026      0.04512729      0.07552641      1.28027280      0.99981883      0.50906696      0.49813916      0.49813916      0.50756790      0.04317875      2.70000000    -10.00000000
    -19.69899666      0.00000000      0.00000000      0.00000000      0.00000000      0.09290470     -0.04886818      0.00118819      0.01008316      0.07199085      1.29153953      0.99981883      0.51633395      0.49658328      0.49658328      0.51059927      0.00998250      2.70000000    -10.00000000
    -19.86622074      0.00000000      0.00000000      0.00000000      0.00000000      0.09398012      0.00836240      0.00114830      0.00030906      0.06877757      1.30304155      0.99981883      0.52375232      0.49498441      0.49498441      0.51373629      0.00030896      2.70000000    -10.00000000
    -20.03344482      0.00000000      0.00000000      0.00000000      0.00000000      0.09490947      0.06578265      0.00111043      0.01997260      0.06585815      1.31476788      0.99981883      0.53122936      0.49334836      0.49334836      0.51693546      0.01958151      2.70000000    -10.00000000
    -20.20066890      0.00000000      0.00000000      0.00000000      0.00000000      0.09568629      0.12337596      0.00107445      0.07320123      0.06320687      1.32670644      0.99981883      0.53883046      0.49164138      0.49164138      0.52025337      0.06820830      2.70000000    -10.00000000
    -20.36789298      0.00000000      0.00000000      0.00000000      0.00000000      0.09630508      0.18112732      0.00104023      0.16401467      0.06080044      1.33884402      0.99981883      0.54649074      0.48996958      0.48996958      0.52357327      0.14090430      2.70000000    -10.00000000
    -20.53511706      0.00000000      0.00000000      0.00000000      0.00000000      0.09676138      0.23902312      0.00100764      0.29625909      0.05861782      1.35116638      0.99981883      0.55421612      0.48825332      0.48825332      0.52702199      0.22854928      2.70000000    -10.00000000
    -20.70234114      0.00000000      0.00000000      0.00000000      0.00000000      0.09705180      0.29705106      0.00097656      0.47354473      0.05663993      1.36365830      0.99981883      0.56198149      0.48652028      0.48652028      0.53045788      0.32136434      2.70000000    -10.00000000
    -20.86956522      0.00000000      0.00000000      0.00000000      0.00000000      0.09717408      0.35520002      0.00094688      0.69918914      0.05484952      1.37630362      0.99981883      0.56977115      0.48478561      0.48478561      0.53391084      0.41148400      2.70000000    -10.00000000
    -21.03678930      0.00000000      0.00000000      0.00000000      0.00000000      0.09712715      0.41345997      0.00091850      0.97616723      0.05323095      1.38908533      0.99981883      0.57756905      0.48304333      0.48304333      0.53737340      0.49396995      2.70000000    -10.00000000
    -21.20401338      0.00000000      0.00000000      0.00000000      0.00000000      0.09691111      0.47182182      0.00089130      1.30706938      0.05177009      1.40198567      0.99981883      0.58535858      0.48131338      0.48131338      0.54083645      0.56654966      2.70000000    -10.00000000
    -21.37123746      0.00000000      0.00000000      0.00000000      0.00000000      0.09652724      0.53027738      0.00086520      1.69406816      0.05045414      1.41498623      0.99981883      0.59312654      0.47960136      0.47960136      0.54429679      0.62881414      2.70000000    -10.00000000
    -21.53846154      0.00000000      0.00000000      0.00000000      0.00000000      0.09597798      0.58881919      0.00084012      2.13889344      0.04927155      1.42806804      0.99981883      0.60085805      0.47790883      0.47790883      0.54772669      0.68141639      2.70000000    -10.00000000
    -21.70568562      0.00000000      0.00000000      0.00000000      0.00000000      0.09526691      0.64744047      0.00081596      2.64281561      0.04821191      1.44121167      0.99981883      0.60853998      0.47625028      0.47625028      0.55113177      0.72548707      2.70000000    -10.00000000
    -21.87290970      0.00000000      0.00000000      0.00000000      0.00000000      0.09439866      0.70613501      0.00079266      3.20663561      0.04726584      1.45439737      0.99981883      0.61616078      0.47462550      0.47462550      0.55451267      0.76228034      2.70000000    -10.00000000
    -22.04013378      0.00000000      0.00000000      0.00000000      0.00000000      0.09337890      0.76489713      0.00077015      3.83068096      0.04642496      1.46760519      0.99981883      0.62368657      0.47304279      0.47304279      0.55784663      0.79298985      2.70000000    -10.00000000
    -22.20735786      0.00000000      0.00000000      0.00000000      0.00000000      0.09221419      0.82372155      0.00074836      4.51480682      0.04568180      1.48081510      0.99981883      0.63120901      0.47151215      0.47151215      0.56113161      0.81866999      2.70000000    -10.00000000
    -22.37458194      0.00000000      0.00000000      0.00000000      0.00000000      0.09091196      0.88260350      0.00072726      5.25840248      0.04502969      1.49400709      0.99981883      0.63853334      0.47003050      0.47003050      0.56436039      0.84021481      2.70000000    -10.00000000
    -22.54180602      0.00000000      0.00000000      0.00000000      0.00000000      0.08948033      0.94153866      0.00070680      6.06040547      0.04446273      1.50716133      0.99981883      0.64579343      0.46860889      0.46860889      0.56752797      0.85836507      2.70000000    -10.00000000
    -22.70903010      0.00000000      0.00000000      0.00000000      0.00000000      0.08792805      1.00052334      0.00068693      6.91932741      0.04397563      1.52025827      0.99981883      0.65294147      0.46724956      0.46724956      0.57064413      0.87372665      2.70000000    -10.00000000
    -22.87625418      0.00000000      0.00000000      0.00000000      0.00000000      0.08626436      1.05955460      0.00066762      7.83329727      0.04356358      1.53327874      0.99981883      0.65997259      0.46595725      0.46595725      0.57365402      0.88679199      2.70000000    -10.00000000
    -23.04347826      0.00000000      0.00000000      0.00000000      0.00000000      0.08449888      1.11863046      0.00064883      8.80012622      0.04322210      1.54620410      0.99981883      0.66686789      0.46473292      0.46473292      0.57660200      0.89796050      2.70000000    -10.00000000
    -23.21070234      0.00000000      0.00000000      0.00000000      0.00000000      0.08264149      1.17774996      0.00063052      9.81739348      0.04294687      1.55901631      0.99981883      0.67363332      0.46358279      0.46358279      0.57947037      0.90755629      2.70000000    -10.00000000
    -23.37792642      0.00000000      0.00000000      0.00000000      0.00000000      0.08070224      1.23691313      0.00061267     10.88254428      0.04273360      1.57169807      0.99981883      0.68025873      0.46250642      0.46250642      0.58225204      0.91584294      2.70000000    -10.00000000
    -23.54515050      0.00000000      0.00000000      0.00000000      0.00000000      0.07869128      1.29612085      0.00059523     11.99298462      0.04257800      1.58423283      0.99981883      0.68673914      0.46150554      0.46150554      0.58494498      0.92303539      2.70000000    -10.00000000
    -23.71237458      0.00000000      0.00000000      0.00000000      0.00000000      0.07661874      1.35537453      0.00057816     13.14615657      0.04247578      1.59660496      0.99981883      0.69307024      0.46058229      0.46058229      0.58754641      0.92930942      2.70000000    -10.00000000
    -23.87959866      0.00000000      0.00000000      0.00000000      0.00000000      0.07449469      1.41467573      0.00056143     14.33958512      0.04242274      1.60879975      0.99981883      0.69924810      0.45973675      0.45973675      0.59005771      0.93480919      2.70000000    -10.00000000
    -24.04682274      0.00000000      0.00000000      0.00000000      0.00000000      0.07232902      1.47402589      0.00054501     15.57089853      0.04241486      1.62080350      0.99981883      0.70537051      0.45896552      0.45896552      0.59246611      0.93965324      2.70000000    -10.00000000
    -24.21404682      0.00000000      0.00000000      0.00000000      0.00000000      0.07013139      1.53342614      0.00052887     16.83783161      0.04244838      1.63260354      0.99981883      0.71113179      0.45827246      0.45827246      0.59479552      0.94393937      2.70000000    -10.00000000
    -24.38127090      0.00000000      0.00000000      0.00000000      0.00000000      0.06791115      1.59287724      0.00051299     18.13822200      0.04251982      1.64418830      0.99981883      0.71683167      0.45765404      0.45765404      0.59699881      0.94774854      2.70000000    -10.00000000
    -24.54849498      0.00000000      0.00000000      0.00000000      0.00000000      0.06567724      1.65237957      0.00049735     19.47000487      0.04262605      1.65554732      0.99981883      0.72236524      0.45710645      0.45710645      0.59911786      0.95114803      2.70000000    -10.00000000
    -24.71571906      0.00000000      0.00000000      0.00000000      0.00000000      0.06343818      1.71193323      0.00048195     20.83120592      0.04276424      1.66667122      0.99981883      0.72774466      0.45664162      0.45664162      0.60113798      0.95419401      2.70000000    -10.00000000
    -24.88294314      0.00000000      0.00000000      0.00000000      0.00000000      0.06120196      1.77153804      0.00046679     22.21993029      0.04293187      1.67755179      0.99981883      0.73295877      0.45624736      0.45624736      0.60305988      0.95693355      2.70000000    -10.00000000
    -25.05016722      0.00000000      0.00000000      0.00000000      0.00000000      0.05897606      1.83119361      0.00045185     23.63434481      0.04312672      1.68818191      0.99981883      0.73800794      0.45592132      0.45592132      0.60488377      0.95940627      2.70000000    -10.00000000
    -25.21739130      0.00000000      0.00000000      0.00000000      0.00000000      0.05676741      1.89089934      0.00043715     25.07265305      0.04334690      1.69855555      0.99981883      0.74281204      0.45566123      0.45566123      0.60661026      0.96164564      2.70000000    -10.00000000
    -25.38461538      0.00000000      0.00000000      0.00000000      0.00000000      0.05458234      1.95065442      0.00042269     26.53306407      0.04359079      1.70866777      0.99981883      0.74761801      0.45546500      0.45546500      0.60824201      0.96368003      2.70000000    -10.00000000
    -25.55183946      0.00000000      0.00000000      0.00000000      0.00000000      0.05242663      2.01045787      0.00040847     28.01375680      0.04385712      1.71851468      0.99981883      0.75216349      0.45532806      0.45532806      0.60977173      0.96553359      2.70000000    -10.00000000
    -25.71906355      0.00000000      0.00000000      0.00000000      0.00000000      0.05030547      2.07030848      0.00039452     29.51284252      0.04414491      1.72809337      0.99981883      0.75655555      0.45524928      0.45524928      0.61121986      0.96722691      2.70000000    -10.00000000
    -25.88628763      0.00000000      0.00000000      0.00000000      0.00000000      0.04822346      2.13020487      0.00038083     31.02832724      0.04445349      1.73740192      0.99981883      0.76078631      0.45522496      0.45522496      0.61256971      0.96877764      2.70000000    -10.00000000
    -26.05351171      0.00000000      0.00000000      0.00000000      0.00000000      0.04618468      2.19014545      0.00036743     32.55807591      0.04478254      1.74643931      0.99981883      0.76485950      0.45525223      0.45525223      0.61383104      0.97020091      2.70000000    -10.00000000
    -26.22073579      0.00000000      0.00000000      0.00000000      0.00000000      0.04419264      2.25012845      0.00035433     34.09978004      0.04513200      1.75520540      0.99981883      0.76878266      0.45532809      0.45532809      0.61500517      0.97150979      2.70000000    -10.00000000
    -26.38795987      0.00000000      0.00000000      0.00000000      0.00000000      0.04225034      2.31015194      0.00034153     35.65092921      0.04550213      1.76370085      0.99981883      0.77256130      0.45544863      0.45544863      0.61609214      0.97271556      2.70000000    -10.00000000
    -26.55518395      0.00000000      0.00000000      0.00000000      0.00000000      0.04036028      2.37021379      0.00032906     37.20878792      0.04589348      1.77192707      0.99981883      0.77608463      0.45561116      0.45561116      0.61709646      0.97382801      2.70000000    -10.00000000
    -26.72240803      0.00000000      0.00000000      0.00000000      0.00000000      0.03852450      2.43031177      0.00031692     38.77037837      0.04630687      1.77988617      0.99981883      0.77950180      0.45581285      0.45581285      0.61802504      0.97485566      2.70000000    -10.00000000
    -26.88963211      0.00000000      0.00000000      0.00000000      0.00000000      0.03674461      2.49044351      0.00030513     40.33247086      0.04674338      1.78758091      0.99981883      0.78277329      0.45605064      0.45605064      0.61886412      0.97580595      2.70000000    -10.00000000
    -27.05685619      0.00000000      0.00000000      0.00000000      0.00000000      0.03502179      2.55060651      0.00029369     41.89158181      0.04720431      1.79501461      0.99981883      0.78590508      0.45632133      0.45632133      0.61963454      0.97668540      2.70000000    -10.00000000
    -27.22408027      0.00000000      0.00000000      0.00000000      0.00000000      0.03335687      2.61079823      0.00028262     43.44398111      0.04769123      1.80219112      0.99981883      0.78888254      0.45662222      0.45662222      0.62033115      0.97749977      2.70000000    -10.00000000
    -27.39130435      0.00000000      0.00000000      0.00000000      0.00000000      0.03175030      2.67101604      0.00027191     44.98571134      0.04820587      1.80911477      0.99981883      0.79172200      0.45695048      0.45695048      0.62095577      0.97825411      2.70000000    -10.00000000
    -27.55852843      0.00000000      0.00000000      0.00000000      0.00000000      0.03020226      2.73125730      0.00026157     46.51261864      0.04875015      1.81579029      0.99981883      0.79434876      0.45730344      0.45730344      0.62151153      0.97895296      2.70000000    -10.00000000
    -27.72575251      0.00000000      0.00000000      0.00000000      0.00000000      0.02871261      2.79151938      0.00025161     48.02049036      0.04932604      1.82222275      0.99981883      0.79698734      0.45767862      0.45767862      0.62200222      0.97960037      2.70000000    -10.00000000
    -27.89297659      0.00000000      0.00000000      0.00000000      0.00000000      0.02728097      2.85179969      0.00024202     49.50464120      0.04993599      1.82841757      0.99981883      0.79941778      0.45807355      0.45807355      0.62242348      0.98019984      2.70000000    -10.00000000
    -28.06020067      0.00000000      0.00000000      0.00000000      0.00000000      0.02590675      2.91209571      0.00023280     50.96092695      0.05058194      1.83438041      0.99981883      0.80171780      0.45848593      0.45848593      0.62279693      0.98075477      2.70000000    -10.00000000
    -28.22742475      0.00000000      0.00000000      0.00000000      0.00000000      0.02458914      2.97240505      0.00022395     52.38488193      0.05126625      1.84011712      0.99981883      0.80389282      0.45891358      0.45891358      0.62308143      0.98126811      2.70000000    -10.00000000
    -28.39464883      0.00000000      0.00000000      0.00000000      0.00000000      0.02332717      3.03272548      0.00021546     53.77227930      0.05199113      1.84563377      0.99981883      0.80593839      0.45935479      0.45935479      0.62335948      0.98174259      2.70000000    -10.00000000
    -28.56187291      0.00000000      0.00000000      0.00000000      0.00000000      0.02211971      3.09305495      0.00020732     55.11912797      0.05275874      1.85093653      0.99981883      0.80786596      0.45980679      0.45980679      0.62355993      0.98218076      2.70000000    -10.00000000
    -28.72909699      0.00000000      0.00000000      0.00000000      0.00000000      0.02096553      3.15339164      0.00019953     56.42176250      0.05357111      1.85603168      0.99981883      0.80967592      0.46026777      0.46026777      0.62370933      0.98258500      2.70000000    -10.00000000
    -28.89632107      0.00000000      0.00000000      0.00000000      0.00000000      0.01986327      3.21373394      0.00019207     57.67692150      0.05443012      1.86092557      0.99981883      0.81137146      0.46073767      0.46073767      0.62381175      0.98295752      2.70000000    -10.00000000
    -29.06354515      0.00000000      0.00000000      0.00000000      0.00000000      0.01881150      3.27408052      0.00018493     58.88184703      0.05533741      1.86562456      0.99981883      0.81295634      0.46121372      0.46121372      0.62385907      0.98330045      2.70000000    -10.00000000
    -29.23076923      0.00000000      0.00000000      0.00000000      0.00000000      0.01780872      3.33443026      0.00017810     60.03417692      0.05629453      1.87013503      0.99981883      0.81443371      0.46169456      0.46169456      0.62387900      0.98361574      2.70000000    -10.00000000
    -29.39799331      0.00000000      0.00000000      0.00000000      0.00000000      0.01685337      3.39478230      0.00017157     61.13223110      0.05730270      1.87446333      0.99981883      0.81580606      0.46217880      0.46217880      0.62384941      0.98390529      2.70000000    -10.00000000
    -29.56521739      0.00000000      0.00000000      0.00000000      0.00000000      0.01594388      3.45513609      0.00016531     62.17494568      0.05836284      1.87861579      0.99981883      0.81707716      0.46266520      0.46266520      0.62378071      0.98417094      2.70000000    -10.00000000
    -29.73244147      0.00000000      0.00000000      0.00000000      0.00000000      0.01507863      3.51549072      0.00015932     63.16117396      0.05947620      1.88259865      0.99981883      0.81825127      0.46315254      0.46315254      0.62362507      0.98441425      2.70000000    -10.00000000
    -29.89966555      0.00000000      0.00000000      0.00000000      0.00000000      0.01425601      3.57584622      0.00015359     64.09112870      0.06064308      1.88641807      0.99981883      0.81932967      0.46363979      0.46363979      0.62353327      0.98463692      2.70000000    -10.00000000
    -30.06688963      0.00000000      0.00000000      0.00000000      0.00000000      0.01347438      3.63620216      0.00014809     64.96479275      0.06186421      1.89008014      0.99981883      0.82031629      0.46412586      0.46412586      0.62335886      0.98484040      2.70000000    -10.00000000
    -30.23411371      0.00000000      0.00000000      0.00000000      0.00000000      0.01273213      3.69655798      0.00014281     65.78364532      0.06313913      1.89359080      0.99981883      0.82121073      0.46460964      0.46460964      0.62315275      0.98502627      2.70000000    -10.00000000
    -30.40133779      0.00000000      0.00000000      0.00000000      0.00000000      0.01202766      3.75691401      0.00013776     66.54634707      0.06447032      1.89695589      0.99981883      0.82202444      0.46508832      0.46508832      0.62291848      0.98519535      2.70000000    -10.00000000
    -30.56856187      0.00000000      0.00000000      0.00000000      0.00000000      0.01135940      3.81726959      0.00013290     67.25489631      0.06585720      1.90018113      0.99981883      0.82275664      0.46556770      0.46556770      0.62265372      0.98534904      2.70000000    -10.00000000
    -30.73578595      0.00000000      0.00000000      0.00000000      0.00000000      0.01072579      3.87762434      0.00012824     67.91028886      0.06730036      1.90327207      0.99981883      0.82341113      0.46604532      0.46604532      0.62236520      0.98548838      2.70000000    -10.00000000
    -30.90301003      0.00000000      0.00000000      0.00000000      0.00000000      0.01012531      3.93797772      0.00012376     68.51358077      0.06880046      1.90623415      0.99981883      0.82398933      0.46651843      0.46651843      0.62204977      0.98561432      2.70000000    -10.00000000
    -31.07023411      0.00000000      0.00000000      0.00000000      0.00000000      0.00955647      3.99832910      0.00011945     69.06580670      0.07035833      1.90907262      0.99981883      0.82449384      0.46698656      0.46698656      0.62171264      0.98572770      2.70000000    -10.00000000
    -31.23745819      0.00000000      0.00000000      0.00000000      0.00000000      0.00901784      4.05867767      0.00011531     69.56797229      0.07197494      1.91179260      0.99981883      0.82493043      0.46744927      0.46744927      0.62135352      0.98582927      2.70000000    -10.00000000
    -31.40468227      0.00000000      0.00000000      0.00000000      0.00000000      0.00850800      4.11902249      0.00011132     70.02101033      0.07365148      1.91439905      0.99981883      0.82529296      0.46790615      0.46790615      0.62098083      0.98591966      2.70000000    -10.00000000
    -31.57190635      0.00000000      0.00000000      0.00000000      0.00000000      0.00802560      4.17936248      0.00010749     70.42577948      0.07538934      1.91689677      0.99981883      0.82559233      0.46835689      0.46835689      0.62057673      0.98599945      2.70000000    -10.00000000
    -31.73913043      0.00000000      0.00000000      0.00000000      0.00000000      0.00756931      4.23969641      0.00010380     70.78305207      0.07719012      1.91929039      0.99981883      0.82583010      0.46880117      0.46880117      0.62016667      0.98606914      2.70000000    -10.00000000
    -31.90635452      0.00000000      0.00000000      0.00000000      0.00000000      0.00713786      4.30002290      0.00010025     71.09351807      0.07905567      1.92158438      0.99981883      0.82608635      0.46923871      0.46923871      0.61972915      0.98612913      2.70000000    -10.00000000
    -32.07357860      0.00000000      0.00000000      0.00000000      0.00000000      0.00673003      4.36034046      0.00009683     71.35779766      0.08098804      1.92378307      0.99981883      0.82612451      0.46966925      0.46966925      0.61928304      0.98617979      2.70000000    -10.00000000
    -32.24080268      0.00000000      0.00000000      0.00000000      0.00000000      0.00634464      4.42064747      0.00009354     71.57644768      0.08298950      1.92589061      0.99981883      0.82618686      0.47009251      0.47009251      0.61882230      0.98622143      2.70000000    -10.00000000
    -32.40802676      0.00000000      0.00000000      0.00000000      0.00000000      0.00598055      4.48094221      0.00009038     71.74997618      0.08506256      1.92791101      0.99981883      0.82622180      0.47050804      0.47050804      0.61834867      0.98625429      2.70000000    -10.00000000
    -32.57525084      0.00000000      0.00000000      0.00000000      0.00000000      0.00563668      4.54122286      0.00008733     71.87885653      0.08720994      1.92984812      0.99981883      0.82613579      0.47091439      0.47091439      0.61786324      0.98627860      2.70000000    -10.00000000
    -32.74247492      0.00000000      0.00000000      0.00000000      0.00000000      0.00531198      4.60148751      0.00008440     71.96354789      0.08943457      1.93170564      0.99981883      0.82605840      0.47131510      0.47131510      0.61736720      0.98629453      2.70000000    -10.00000000
    -32.90969900      0.00000000      0.00000000      0.00000000      0.00000000      0.00500545      4.66173416      0.00008158     72.00445019      0.09173967      1.93348711      0.99981883      0.82592163      0.47171120      0.47171120      0.61686012      0.98630220      2.70000000    -10.00000000
    -33.07692308      0.00000000      0.00000000      0.00000000      0.00000000      0.00471615      4.72196081      0.00007886     72.00214948      0.09412843      1.93519594      0.99981883      0.82573940      0.47209718      0.47209718      0.61634437      0.98630177      2.70000000    -10.00000000
    -33.24414716      0.00000000      0.00000000      0.00000000      0.00000000      0.00444315      4.78216526      0.00007625     71.95698257      0.09660458      1.93683540      0.99981883      0.82551632      0.47248016      0.47248016      0.61581916      0.98629329      2.70000000    -10.00000000
    -33.41137124      0.00000000      0.00000000      0.00000000      0.00000000      0.00418559      4.84234536      0.00007374     71.86948797      0.09917186      1.93840863      0.99981883      0.82525404      0.47285745      0.47285745      0.61528873      0.98627684      2.70000000    -10.00000000
    -33.57859532      0.00000000      0.00000000      0.00000000      0.00000000      0.00394264      4.90249883      0.00007133     71.74019190      0.10183427      1.93991861      0.99981883      0.82495239      0.47322726      0.47322726      0.61475012      0.98625244      2.70000000    -10.00000000
    -33.74581940      0.00000000      0.00000000      0.00000000      0.00000000      0.00371352      4.96262337      0.00006900     71.56965919      0.10459603      1.94136821      0.99981883      0.82461354      0.47358981      0.47358981      0.61420651      0.98622014      2.70000000    -10.00000000
    -33.91304348      0.00000000      0.00000000      0.00000000      0.00000000      0.00349746      5.02271663      0.00006677     71.35853782      0.10746151      1.94276018      0.99981883      0.82423878      0.47394501      0.47394501      0.61365571      0.98617993      2.70000000    -10.00000000
    -34.08026756      0.00000000      0.00000000      0.00000000      0.00000000      0.00329375      5.08277611      0.00006462     71.10737346      0.11043553      1.94409714      0.99981883      0.82383033      0.47429298      0.47429298      0.61310082      0.98613179      2.70000000    -10.00000000
    -34.24749164      0.00000000      0.00000000      0.00000000      0.00000000      0.00310172      5.14279938      0.00006255     70.81697842      0.11352285      1.94538159      0.99981883      0.82338835      0.47463383      0.47463383      0.61254053      0.98607572      2.70000000    -10.00000000
    -34.41471572      0.00000000      0.00000000      0.00000000      0.00000000      0.00292072      5.20278386      0.00006057     70.48807525      0.11672864      1.94661593      0.99981883      0.82291106      0.47496764      0.47496764      0.61197882      0.98601165      2.70000000    -10.00000000
    -34.58193980      0.00000000      0.00000000      0.00000000      0.00000000      0.00275014      5.26272693      0.00005866     70.12147144      0.12005829      1.94780245      0.99981883      0.82240339      0.47529452      0.47529452      0.61141277      0.98593955      2.70000000    -10.00000000
    -34.74916388      0.00000000      0.00000000      0.00000000      0.00000000      0.00258939      5.32262591      0.00005682     69.71802566      0.12351745      1.94894333      0.99981883      0.82188099      0.47561458      0.47561458      0.61084409      0.98585933      2.70000000    -10.00000000
    -34.91638796      0.00000000      0.00000000      0.00000000      0.00000000      0.00243793      5.38247804      0.00005505     69.27864960      0.12711202      1.95004065      0.99981883      0.82132318      0.47592793      0.47592793      0.61027288      0.98577093      2.70000000    -10.00000000
    -35.08361204      0.00000000      0.00000000      0.00000000      0.00000000      0.00229523      5.44228047      0.00005335     68.80429732      0.13084821      1.95109640      0.99981883      0.82073846      0.47623468      0.47623468      0.60970044      0.98567423      2.70000000    -10.00000000
    -35.25083612      0.00000000      0.00000000      0.00000000      0.00000000      0.00216081      5.50203031      0.00005172     68.29597563      0.13473250      1.95211246      0.99981883      0.82013150      0.47653496      0.47653496      0.60912640      0.98556915      2.70000000    -10.00000000
    -35.41806020      0.00000000      0.00000000      0.00000000      0.00000000      0.00203418      5.56172457      0.00005015     67.75474923      0.13877164      1.95309066      0.99981883      0.81950028      0.47682890      0.47682890      0.60855136      0.98545555      2.70000000    -10.00000000
    -35.58528428      0.00000000      0.00000000      0.00000000      0.00000000      0.00191492      5.62136014      0.00004864     67.18168780      0.14297280      1.95403271      0.99981883      0.81894252      0.47711660      0.47711660      0.60797569      0.98533331      2.70000000    -10.00000000
    -35.75250836      0.00000000      0.00000000      0.00000000      0.00000000      0.00180260      5.68093388      0.00004718     66.57795610      0.14734334      1.95494025      0.99981883      0.81817275      0.47739821      0.47739821      0.60739971      0.98520228      2.70000000    -10.00000000
    -35.91973244      0.00000000      0.00000000      0.00000000      0.00000000      0.00169682      5.74044249      0.00004579     65.94470065      0.15189111      1.95581484      0.99981883      0.81747866      0.47767385      0.47767385      0.60682418      0.98506230      2.70000000    -10.00000000
    -36.08695652      0.00000000      0.00000000      0.00000000      0.00000000      0.00159721      5.79988264      0.00004444     65.28314963      0.15662418      1.95665798      0.99981883      0.81676592      0.47794364      0.47794364      0.60621344      0.98491321      2.70000000    -10.00000000
    -36.25418060      0.00000000      0.00000000      0.00000000      0.00000000      0.00150342      5.85925081      0.00004315     64.59451964      0.16155113      1.95747109      0.99981883      0.81603429      0.47820771      0.47820771      0.60568255      0.98475482      2.70000000    -10.00000000
    -36.42140468      0.00000000      0.00000000      0.00000000      0.00000000      0.00141511      5.91854342      0.00004190     63.88007870      0.16668086      1.95825551      0.99981883      0.81538928      0.47846619      0.47846619      0.60509874      0.98458695      2.70000000    -10.00000000
    -36.58862876      0.00000000      0.00000000      0.00000000      0.00000000      0.00133196      5.97775677      0.00004071     63.14112629      0.17202266      1.95901253      0.99981883      0.81452334      0.47871920      0.47871920      0.60452615      0.98440938      2.70000000    -10.00000000
    -36.75585284      0.00000000      0.00000000      0.00000000      0.00000000      0.00125368      6.03688703      0.00003955     62.37897074      0.17758628      1.95974338      0.99981883      0.81374440      0.47896688      0.47896688      0.60404020      0.98422190      2.70000000    -10.00000000
    -36.92307692      0.00000000      0.00000000      0.00000000      0.00000000      0.00117999      6.09593020      0.00003844     61.59490872      0.18338198      1.96044923      0.99981883      0.81295109      0.47920934      0.47920934      0.60338445      0.98402426      2.70000000    -10.00000000
    -37.09030100      0.00000000      0.00000000      0.00000000      0.00000000      0.00111063      6.15488220      0.00003737     60.79030181      0.18942038      1.96113118      0.99981883      0.81214420      0.47944670      0.47944670      0.60281569      0.98381623      2.70000000    -10.00000000
    -37.25752508      0.00000000      0.00000000      0.00000000      0.00000000      0.00104533      6.21373877      0.00003634     59.96648482      0.19571265      1.96179030      0.99981883      0.81108514      0.47967911      0.47967911      0.60224899      0.98359755      2.70000000    -10.00000000
    -37.42474916      0.00000000      0.00000000      0.00000000      0.00000000      0.00098386      6.27249551      0.00003535     59.12481136      0.20227046      1.96242759      0.99981883      0.81049382      0.47990666      0.47990666      0.60168537      0.98336793      2.70000000    -10.00000000
    -37.59197324      0.00000000      0.00000000      0.00000000      0.00000000      0.00092601      6.33114785      0.00003440     58.26662039      0.20910605      1.96304401      0.99981883      0.80965042      0.48012947      0.48012947      0.60112368      0.98312710      2.70000000    -10.00000000
    -37.75919732      0.00000000      0.00000000      0.00000000      0.00000000      0.00087155      6.38969107      0.00003348     57.39327385      0.21623213      1.96364047      0.99981883      0.80879716      0.48034767      0.48034767      0.60055416      0.98287474      2.70000000    -10.00000000
    -37.92642140      0.00000000      0.00000000      0.00000000      0.00000000      0.00082030      6.44812025      0.00003259     56.50610056      0.22366211      1.96421784      0.99981883      0.80793368      0.48056137      0.48056137      0.60000724      0.98261054      2.70000000    -10.00000000
    -38.09364548      0.00000000      0.00000000      0.00000000      0.00000000      0.00077206      6.50643031      0.00003174     55.60644436      0.23140991      1.96477695      0.99981883      0.80705863      0.48077068      0.48077068      0.59933877      0.98233417      2.70000000    -10.00000000
    -38.26086957      0.00000000      0.00000000      0.00000000      0.00000000      0.00072666      6.56461598      0.00003092     54.69561839      0.23949013      1.96531858      0.99981883      0.80618004      0.48097571      0.48097571      0.59890103      0.98204527      2.70000000    -10.00000000
    -38.42809365      0.00000000      0.00000000      0.00000000      0.00000000      0.00068393      6.62267176      0.00003012     53.77492974      0.24791803      1.96584348      0.99981883      0.80528917      0.48117657      0.48117657      0.59835228      0.98174347      2.70000000    -10.00000000
    -38.59531773      0.00000000      0.00000000      0.00000000      0.00000000      0.00064372      6.68059196      0.00002936     52.84566284      0.25670957      1.96635237      0.99981883      0.80439170      0.48137336      0.48137336      0.59780676      0.98142840      2.70000000    -10.00000000
    -38.76254181      0.00000000      0.00000000      0.00000000      0.00000000      0.00060588      6.73837069      0.00002862     51.90908562      0.26588138      1.96684592      0.99981883      0.80348671      0.48156622      0.48156622      0.59726386      0.98109965      2.70000000    -10.00000000
    -38.92976589      0.00000000      0.00000000      0.00000000      0.00000000      0.00057027      6.79600179      0.00002791     50.96643513      0.27545092      1.96732479      0.99981883      0.80257589      0.48175516      0.48175516      0.59672536      0.98075681      2.70000000    -10.00000000
    -39.09698997      0.00000000      0.00000000      0.00000000      0.00000000      0.00053676      6.85347890      0.00002722     50.01892782      0.28543636      1.96778957      0.99981883      0.80166045      0.48194036      0.48194036      0.59618885      0.98039943      2.70000000    -10.00000000
    -39.26421405      0.00000000      0.00000000      0.00000000      0.00000000      0.00050522      6.91079539      0.00002655     49.06775047      0.29585671      1.96824088      0.99981883      0.80073545      0.48212190      0.48212190      0.59565782      0.98002706      2.70000000    -10.00000000
    -39.43143813      0.00000000      0.00000000      0.00000000      0.00000000      0.00047554      6.96794437      0.00002591     48.11405736      0.30673185      1.96867925      0.99981883      0.79980713      0.48229986      0.48229986      0.59512620      0.97963923      2.70000000    -10.00000000
    -39.59866221      0.00000000      0.00000000      0.00000000      0.00000000      0.00044761      7.02491869      0.00002529     47.15896950      0.31808252      1.96910522      0.99981883      0.79887402      0.48247435      0.48247435      0.59460031      0.97923544      2.70000000    -10.00000000
    -39.76588629      0.00000000      0.00000000      0.00000000      0.00000000      0.00042133      7.08171091      0.00002470     46.20357339      0.32993040      1.96951930      0.99981883      0.79792781      0.48264544      0.48264544      0.59407772      0.97881516      2.70000000    -10.00000000
    -39.93311037      0.00000000      0.00000000      0.00000000      0.00000000      0.00039660      7.13831330      0.00002412     45.24892420      0.34229808      1.96992197      0.99981883      0.79699518      0.48281322      0.48281322      0.59355871      0.97837788      2.70000000    -10.00000000
    -40.10033445      0.00000000      0.00000000      0.00000000      0.00000000      0.00037333      7.19471783      0.00002356     44.29603335      0.35520920      1.97031369      0.99981883      0.79604977      0.48297778      0.48297778      0.59304310      0.97792301      2.70000000    -10.00000000
    -40.26755853      0.00000000      0.00000000      0.00000000      0.00000000      0.00035142      7.25091612      0.00002302     43.34587558      0.36868841      1.97069490      0.99981883      0.79510153      0.48313921      0.48313921      0.59253174      0.97744999      2.70000000    -10.00000000
    -40.43478261      0.00000000      0.00000000      0.00000000      0.00000000      0.00033082      7.30689950      0.00002250     42.39939254      0.38276141      1.97106600      0.99981883      0.79414945      0.48329758      0.48329758      0.59202302      0.97695820      2.70000000    -10.00000000
    -40.60200669      0.00000000      0.00000000      0.00000000      0.00000000      0.00031142      7.36265811      0.00002199     41.45766190      0.39745318      1.97142741      0.99981883      0.79319588      0.48345297      0.48345297      0.59151838      0.97644713      2.70000000    -10.00000000
    -40.76923077      0.00000000      0.00000000      0.00000000      0.00000000      0.00029317      7.41818429      0.00002150     40.52113689      0.41279566      1.97177950      0.99981883      0.79221642      0.48360546      0.48360546      0.59101718      0.97591588      2.70000000    -10.00000000
    -40.93645485      0.00000000      0.00000000      0.00000000      0.00000000      0.00027600      7.47346736      0.00002103     39.59085382      0.42881594      1.97212263      0.99981883      0.79128117      0.48375512      0.48375512      0.59052011      0.97536391      2.70000000    -10.00000000
    -41.10367893      0.00000000      0.00000000      0.00000000      0.00000000      0.00025984      7.52849715      0.00002057     38.66758357      0.44554447      1.97245714      0.99981883      0.79032077      0.48390203      0.48390203      0.59002651      0.97479050      2.70000000    -10.00000000
    -41.27090301      0.00000000      0.00000000      0.00000000      0.00000000      0.00024463      7.58326311      0.00002012     37.75205644      0.46301296      1.97278337      0.99981883      0.78935864      0.48404625      0.48404625      0.58953679      0.97419492      2.70000000    -10.00000000
    -41.43812709      0.00000000      0.00000000      0.00000000      0.00000000      0.00023032      7.63775427      0.00001969     36.84496093      0.48125447      1.97310162      0.99981883      0.78839570      0.48418784      0.48418784      0.58915575      0.97357640      2.70000000    -10.00000000
    -41.60535117      0.00000000      0.00000000      0.00000000      0.00000000      0.00021686      7.69195921      0.00001927     35.94694435      0.50030342      1.97341220      0.99981883      0.78743330      0.48432689      0.48432689      0.58856841      0.97293416      2.70000000    -10.00000000
    -41.77257525      0.00000000      0.00000000      0.00000000      0.00000000      0.00020419      7.74586606      0.00001887     35.05861298      0.52019568      1.97371539      0.99981883      0.78646930      0.48446345      0.48446345      0.58808918      0.97226737      2.70000000    -10.00000000
    -41.93979933      0.00000000      0.00000000      0.00000000      0.00000000      0.00019226      7.79946249      0.00001848     34.18053172      0.54096858      1.97401146      0.99981883      0.78550437      0.48459759      0.48459759      0.58761416      0.97157519      2.70000000    -10.00000000
    -42.10702341      0.00000000      0.00000000      0.00000000      0.00000000      0.00018104      7.85273570      0.00001810     33.31322601      0.56266095      1.97430067      0.99981883      0.78453914      0.48472936      0.48472936      0.58714267      0.97085672      2.70000000    -10.00000000
    -42.27424749      0.00000000      0.00000000      0.00000000      0.00000000      0.00017048      7.90567234      0.00001773     32.45718140      0.58531321      1.97458328      0.99981883      0.78357415      0.48485883      0.48485883      0.58667559      0.97011105      2.70000000    -10.00000000
    -42.44147157      0.00000000      0.00000000      0.00000000      0.00000000      0.00016054      7.95825859      0.00001737     31.61284450      0.60896738      1.97485951      0.99981883      0.78261131      0.48498605      0.48498605      0.58621222      0.96933723      2.70000000    -10.00000000
    -42.60869565      0.00000000      0.00000000      0.00000000      0.00000000      0.00015118      8.01048005      0.00001702     30.78062403      0.63366712      1.97512959      0.99981883      0.78164504      0.48511108      0.48511108      0.58573726      0.96853429      2.70000000    -10.00000000
    -42.77591973      0.00000000      0.00000000      0.00000000      0.00000000      0.00014238      8.06232178      0.00001668     29.96089166      0.65945783      1.97539374      0.99981883      0.78068088      0.48523397      0.48523397      0.58529481      0.96770119      2.70000000    -10.00000000
    -42.94314381      0.00000000      0.00000000      0.00000000      0.00000000      0.00013410      8.11376827      0.00001635     29.15398230      0.68638664      1.97565217      0.99981883      0.77971769      0.48535478      0.48535478      0.58484216      0.96683688      2.70000000    -10.00000000
    -43.11036789      0.00000000      0.00000000      0.00000000      0.00000000      0.00012630      8.16480338      0.00001603     28.36019759      0.71450244      1.97590506      0.99981883      0.77875580      0.48547355      0.48547355      0.58439294      0.96594028      2.70000000    -10.00000000
    -43.27759197      0.00000000      0.00000000      0.00000000      0.00000000      0.00011896      8.21541039      0.00001572     27.57980195      0.74385604      1.97615262      0.99981883      0.77779414      0.48559034      0.48559034      0.58394734      0.96501025      2.70000000    -10.00000000
    -43.44481605      0.00000000      0.00000000      0.00000000      0.00000000      0.00011206      8.26557191      0.00001542     26.81302995      0.77450002      1.97639503      0.99981883      0.77683407      0.48570519      0.48570519      0.58350534      0.96404563      2.70000000    -10.00000000
    -43.61204013      0.00000000      0.00000000      0.00000000      0.00000000      0.00010556      8.31526991      0.00001512     26.06008279      0.80648895      1.97663244      0.99981883      0.77586729      0.48581816      0.48581816      0.58306711      0.96304520      2.70000000    -10.00000000
    -43.77926421      0.00000000      0.00000000      0.00000000      0.00000000      0.00009944      8.36448568      0.00001484     25.32113134      0.83987932      1.97686504      0.99981883      0.77494055      0.48592928      0.48592928      0.58263255      0.96200771      2.70000000    -10.00000000
    -43.94648829      0.00000000      0.00000000      0.00000000      0.00000000      0.00009368      8.41319980      0.00001456     24.59631726      0.87472961      1.97709297      0.99981883      0.77396265      0.48603859      0.48603859      0.58220142      0.96093188      2.70000000    -10.00000000
    -44.11371237      0.00000000      0.00000000      0.00000000      0.00000000      0.00008826      8.46139213      0.00001429     23.88575401      0.91110032      1.97731639      0.99981883      0.77300898      0.48614616      0.48614616      0.58177390      0.95981637      2.70000000    -10.00000000
    -44.28093645      0.00000000      0.00000000      0.00000000      0.00000000      0.00008316      8.50904178      0.00001402     23.18952797      0.94905398      1.97753545      0.99981883      0.77205706      0.48625200      0.48625200      0.58134989      0.95865980      2.70000000    -10.00000000
    -44.44816054      0.00000000      0.00000000      0.00000000      0.00000000      0.00007836      8.55612713      0.00001376     22.50770030      0.98865517      1.97775027      0.99981883      0.77114322      0.48635618      0.48635618      0.58092949      0.95746075      2.70000000    -10.00000000
    -44.61538462      0.00000000      0.00000000      0.00000000      0.00000000      0.00007384      8.60262573      0.00001351     21.84030742      1.02997058      1.97796101      0.99981883      0.77017179      0.48645871      0.48645871      0.58051239      0.95621775      2.70000000    -10.00000000
    -44.78260870      0.00000000      0.00000000      0.00000000      0.00000000      0.00006958      8.64851436      0.00001326     21.18736286      1.07306894      1.97816777      0.99981883      0.76919174      0.48655965      0.48655965      0.58009884      0.95492930      2.70000000    -10.00000000
    -44.94983278      0.00000000      0.00000000      0.00000000      0.00000000      0.00006558      8.69376895      0.00001302     20.54885783      1.11802113      1.97837069      0.99981883      0.76827075      0.48665903      0.48665903      0.57968875      0.95359383      2.70000000    -10.00000000
    -45.11705686      0.00000000      0.00000000      0.00000000      0.00000000      0.00006181      8.73836460      0.00001279     19.92476351      1.16490003      1.97856988      0.99981883      0.76720608      0.48675689      0.48675689      0.57928207      0.95220973      2.70000000    -10.00000000
    -45.28428094      0.00000000      0.00000000      0.00000000      0.00000000      0.00005826      8.78227553      0.00001256     19.31503086      1.21378068      1.97876545      0.99981883      0.76639142      0.48685325      0.48685325      0.57887899      0.95077536      2.70000000    -10.00000000
    -45.45150502      0.00000000      0.00000000      0.00000000      0.00000000      0.00005492      8.82547508      0.00001234     18.71959319      1.26474010      1.97895752      0.99981883      0.76545602      0.48694816      0.48694816      0.57847889      0.94928901      2.70000000    -10.00000000
    -45.61872910      0.00000000      0.00000000      0.00000000      0.00000000      0.00005177      8.86793570      0.00001212     18.13836616      1.31785739      1.97914618      0.99981883      0.76452259      0.48704164      0.48704164      0.57794435      0.94774894      2.70000000    -10.00000000
    -45.78595318      0.00000000      0.00000000      0.00000000      0.00000000      0.00004881      8.90962890      0.00001191     17.57124987      1.37321357      1.97933153      0.99981883      0.76359184      0.48713373      0.48713373      0.57799148      0.94615333      2.70000000    -10.00000000
    -45.95317726      0.00000000      0.00000000      0.00000000      0.00000000      0.00004602      8.95052525      0.00001170     17.01812917      1.43089161      1.97951367      0.99981883      0.76266480      0.48722447      0.48722447      0.57729882      0.94450034      2.70000000    -10.00000000
    -46.12040134      0.00000000      0.00000000      0.00000000      0.00000000      0.00004339      8.99059438      0.00001149     16.47887530      1.49097634      1.97969270      0.99981883      0.76174158      0.48731388      0.48731388      0.57691233      0.94278808      2.70000000    -10.00000000
    -46.28762542      0.00000000      0.00000000      0.00000000      0.00000000      0.00004092      9.02980494      0.00001129     15.95334655      1.55355434      1.97986869      0.99981883      0.76081855      0.48740199      0.48740199      0.57650229      0.94101460      2.70000000    -10.00000000
    -46.45484950      0.00000000      0.00000000      0.00000000      0.00000000      0.00003859      9.06812460      0.00001110     15.44138969      1.61871385      1.98004174      0.99981883      0.75990196      0.48748883      0.48748883      0.57614832      0.93917789      2.70000000    -10.00000000
    -46.62207358      0.00000000      0.00000000      0.00000000      0.00000000      0.00003640      9.10552004      0.00001091     14.94284050      1.68654471      1.98021192      0.99981883      0.75910772      0.48757442      0.48757442      0.57577405      0.93727592      2.70000000    -10.00000000
    -46.78929766      0.00000000      0.00000000      0.00000000      0.00000000      0.00003434      9.14195695      0.00001072     14.45752501      1.75713812      1.98037931      0.99981883      0.75807193      0.48765880      0.48765880      0.57539741      0.93530659      2.70000000    -10.00000000
    -46.95652174      0.00000000      0.00000000      0.00000000      0.00000000      0.00003239      9.17739997      0.00001053     13.98526029      1.83058658      1.98054399      0.99981883      0.75716306      0.48774198      0.48774198      0.57504121      0.93326776      2.70000000    -10.00000000
    -47.12374582      0.00000000      0.00000000      0.00000000      0.00000000      0.00003056      9.21181278      0.00001035     13.52585537      1.90698368      1.98070603      0.99981883      0.75625698      0.48782400      0.48782400      0.57465890      0.93115724      2.70000000    -10.00000000
    -47.29096990      0.00000000      0.00000000      0.00000000      0.00000000      0.00002884      9.24515800      0.00001018     13.07911201      1.98642387      1.98086550      0.99981883      0.75535356      0.48790487      0.48790487      0.57430392      0.92897279      2.70000000    -10.00000000
    -47.45819398      0.00000000      0.00000000      0.00000000      0.00000000      0.00002722      9.27739726      0.00001000     12.64482557      2.06900230      1.98102247      0.99981883      0.75445508      0.48798464      0.48798464      0.57393365      0.92671214      2.70000000    -10.00000000
    -47.62541806      0.00000000      0.00000000      0.00000000      0.00000000      0.00002569      9.30849117      0.00000983     12.22278572      2.15481452      1.98117700      0.99981883      0.75355935      0.48806331      0.48806331      0.57356231      0.92437297      2.70000000    -10.00000000
    -47.79264214      0.00000000      0.00000000      0.00000000      0.00000000      0.00002425      9.33839932      0.00000967     11.81277719      2.24395622      1.98132915      0.99981883      0.75271678      0.48814091      0.48814091      0.57321836      0.92195291      2.70000000    -10.00000000
    -47.95986622      0.00000000      0.00000000      0.00000000      0.00000000      0.00002289      9.36708033      0.00000950     11.41458043      2.33652292      1.98147898      0.99981883      0.75177668      0.48821747      0.48821747      0.57286564      0.91944955      2.70000000    -10.00000000
    -48.12709030      0.00000000      0.00000000      0.00000000      0.00000000      0.00002161      9.39449183      0.00000934     11.02797231      2.43260967      1.98162656      0.99981883      0.75089064      0.48829300      0.48829300      0.57251625      0.91686047      2.70000000    -10.00000000
    -48.29431438      0.00000000      0.00000000      0.00000000      0.00000000      0.00002041      9.42059049      0.00000918     10.65272668      2.53231062      1.98177194      0.99981883      0.75000916      0.48836752      0.48836752      0.57206664      0.91418318      2.70000000    -10.00000000
    -48.46153846      0.00000000      0.00000000      0.00000000      0.00000000      0.00001927      9.44533204      0.00000902     10.28861500      2.63571867      1.98191516      0.99981883      0.74913238      0.48844106      0.48844106      0.57182515      0.91141517      2.70000000    -10.00000000
    -48.62876254      0.00000000      0.00000000      0.00000000      0.00000000      0.00001820      9.46867132      0.00000887      9.93540686      2.74292502      1.98205629      0.99981883      0.74825686      0.48851364      0.48851364      0.57148430      0.90855393      2.70000000    -10.00000000
    -48.79598662      0.00000000      0.00000000      0.00000000      0.00000000      0.00001720      9.49056229      0.00000872      9.59287053      2.85401870      1.98219538      0.99981883      0.74738588      0.48858527      0.48858527      0.57114175      0.90559688      2.70000000    -10.00000000
    -48.96321070      0.00000000      0.00000000      0.00000000      0.00000000      0.00001625      9.51095808      0.00000857      9.26077341      2.96908606      1.98233246      0.99981883      0.74651804      0.48865597      0.48865597      0.57081022      0.90254146      2.70000000    -10.00000000
    -49.13043478      0.00000000      0.00000000      0.00000000      0.00000000      0.00001535      9.52981102      0.00000842      8.93888251      3.08821023      1.98246759      0.99981883      0.74565467      0.48872577      0.48872577      0.57047757      0.89938507      2.70000000    -10.00000000
    -49.29765886      0.00000000      0.00000000      0.00000000      0.00000000      0.00001451      9.54707275      0.00000828      8.62696486      3.21147055      1.98260082      0.99981883      0.74479319      0.48879467      0.48879467      0.57014748      0.89612510      2.70000000    -10.00000000
    -49.46488294      0.00000000      0.00000000      0.00000000      0.00000000      0.00001371      9.56269419      0.00000814      8.32478791      3.33894193      1.98273219      0.99981883      0.74393716      0.48886271      0.48886271      0.56982796      0.89275896      2.70000000    -10.00000000
    -49.63210702      0.00000000      0.00000000      0.00000000      0.00000000      0.00001297      9.57662570      0.00000799      8.03211992      3.47069422      1.98286173      0.99981883      0.74308673      0.48892989      0.48892989      0.56949557      0.88928402      2.70000000    -10.00000000
    -49.79933110      0.00000000      0.00000000      0.00000000      0.00000000      0.00001226      9.58881710      0.00000786      7.74873027      3.60679148      1.98298950      0.99981883      0.74223557      0.48899623      0.48899623      0.56917357      0.88569770      2.70000000    -10.00000000
    -49.96655518      0.00000000      0.00000000      0.00000000      0.00000000      0.00001160      9.59921775      0.00000772      7.47438978      3.74729129      1.98311552      0.99981883      0.74159951      0.48906175      0.48906175      0.56885378      0.88199740      2.70000000    -10.00000000
    -50.13377926      0.00000000      0.00000000      0.00000000      0.00000000      0.00001097      9.60777668      0.00000758      7.20887103      3.89224396      1.98323984      0.99981883      0.74054949      0.48912646      0.48912646      0.56853732      0.87818057      2.70000000    -10.00000000
    -50.30100334      0.00000000      0.00000000      0.00000000      0.00000000      0.00001038      9.61444266      0.00000745      6.95194860      4.04169172      1.98336250      0.99981883      0.73971092      0.48919038      0.48919038      0.56822341      0.87424466      2.70000000    -10.00000000
    -50.46822742      0.00000000      0.00000000      0.00000000      0.00000000      0.00000982      9.61916426      0.00000732      6.70339908      4.19566800      1.98348353      0.99981883      0.73887686      0.48925352      0.48925352      0.56791206      0.87018717      2.70000000    -10.00000000
    -50.63545151      0.00000000      0.00000000      0.00000000      0.00000000      0.00000930      9.62189023      0.00000719      6.46300250      4.35419607      1.98360297      0.99981883      0.73804579      0.48931590      0.48931590      0.56760328      0.86600567      2.70000000    -10.00000000
    -50.80267559      0.00000000      0.00000000      0.00000000      0.00000000      0.00000880      9.62256913      0.00000706      6.23054014      4.51728915      1.98372085      0.99981883      0.73722026      0.48937753      0.48937753      0.56729629      0.86169775      2.70000000    -10.00000000
    -50.96989967      0.00000000      0.00000000      0.00000000      0.00000000      0.00000833      9.62114994      0.00000694      6.00579708      4.68494850      1.98383720      0.99981883      0.73639769      0.48943843      0.48943843      0.56699219      0.85726107      2.70000000    -10.00000000
    -51.13712375      0.00000000      0.00000000      0.00000000      0.00000000      0.00000789      9.61758200      0.00000681      5.78856122      4.85716296      1.98395205      0.99981883      0.73557833      0.48949861      0.48949861      0.56669055      0.85269338      2.70000000    -10.00000000
    -51.30434783      0.00000000      0.00000000      0.00000000      0.00000000      0.00000748      9.61181516      0.00000669      5.57862359      5.03390796      1.98406544      0.99981883      0.73476377      0.48955808      0.48955808      0.56639102      0.84799252      2.70000000    -10.00000000
    -51.47157191      0.00000000      0.00000000      0.00000000      0.00000000      0.00000708      9.60379999      0.00000656      5.37577860      5.21514454      1.98417739      0.99981883      0.73395291      0.48961685      0.48961685      0.56602310      0.84315641      2.70000000    -10.00000000
    -51.63879599      0.00000000      0.00000000      0.00000000      0.00000000      0.00000671      9.59348794      0.00000644      5.17982400      5.40081840      1.98428794      0.99981883      0.73314575      0.48967495      0.48967495      0.56605225      0.83818309      2.70000000    -10.00000000
    -51.80602007      0.00000000      0.00000000      0.00000000      0.00000000      0.00000637      9.58083152      0.00000632      4.99056111      5.59085898      1.98439710      0.99981883      0.73220137      0.48973237      0.48973237      0.56550805      0.83307073      2.70000000    -10.00000000
    -51.97324415      0.00000000      0.00000000      0.00000000      0.00000000      0.00000604      9.56578448      0.00000620      4.80779484      5.78517854      1.98450492      0.99981883      0.73154221      0.48978913      0.48978913      0.56521802      0.82781761      2.70000000    -10.00000000
    -52.14046823      0.00000000      0.00000000      0.00000000      0.00000000      0.00000572      9.54830204      0.00000609      4.63133379      5.98367124      1.98461141      0.99981883      0.73074641      0.48984525      0.48984525      0.56493092      0.82242218      2.70000000    -10.00000000
    -52.30769231      0.00000000      0.00000000      0.00000000      0.00000000      0.00000543      9.52834105      0.00000597      4.46099029      6.18621228      1.98471660      0.99981883      0.72995247      0.48990073      0.48990073      0.56464580      0.81688303      2.70000000    -10.00000000
    -52.47491639      0.00000000      0.00000000      0.00000000      0.00000000      0.00000515      9.50586026      0.00000585      4.29658046      6.39265712      1.98482052      0.99981883      0.72916674      0.48995559      0.48995559      0.56436291      0.81119894      2.70000000    -10.00000000
    -52.64214047      0.00000000      0.00000000      0.00000000      0.00000000      0.00000489      9.48082048      0.00000574      4.13792427      6.60284068      1.98492319      0.99981883      0.72838254      0.49000984      0.49000984      0.56408193      0.80536887      2.70000000    -10.00000000
    -52.80936455      0.00000000      0.00000000      0.00000000      0.00000000      0.00000465      9.45318488      0.00000563      3.98484550      6.81657668      1.98502464      0.99981883      0.72760201      0.49006348      0.49006348      0.56380383      0.79939198      2.70000000    -10.00000000
    -52.97658863      0.00000000      0.00000000      0.00000000      0.00000000      0.00000441      9.42291911      0.00000552      3.83717185      7.03365701      1.98512488      0.99981883      0.72682531      0.49011654      0.49011654      0.56353047      0.79326763      2.70000000    -10.00000000
    -53.14381271      0.00000000      0.00000000      0.00000000      0.00000000      0.00000419      9.38999166      0.00000540      3.69473485      7.25385124      1.98522394      0.99981883      0.72605247      0.49016900      0.49016900      0.56325356      0.78699543      2.70000000    -10.00000000
    -53.31103679      0.00000000      0.00000000      0.00000000      0.00000000      0.00000399      9.35437397      0.00000529      3.55736997      7.47690618      1.98532184      0.99981883      0.72528344      0.49022090      0.49022090      0.56294715      0.78057520      2.70000000    -10.00000000
    -53.47826087      0.00000000      0.00000000      0.00000000      0.00000000      0.00000379      9.31604073      0.00000519      3.42491650      7.70254563      1.98541860      0.99981883      0.72451760      0.49027223      0.49027223      0.56271179      0.77400703      2.70000000    -10.00000000
    -53.64548495      0.00000000      0.00000000      0.00000000      0.00000000      0.00000360      9.27497012      0.00000508      3.29721761      7.93047018      1.98551424      0.99981883      0.72375730      0.49032301      0.49032301      0.56244409      0.76729128      2.70000000    -10.00000000
    -53.81270903      0.00000000      0.00000000      0.00000000      0.00000000      0.00000343      9.23114396      0.00000497      3.17412033      8.16035721      1.98560879      0.99981883      0.72299949      0.49037325      0.49037325      0.56217451      0.76042856      2.70000000    -10.00000000
    -53.97993311      0.00000000      0.00000000      0.00000000      0.00000000      0.00000326      9.18454800      0.00000487      3.05547546      8.39186107      1.98570226      0.99981883      0.72251838      0.49042295      0.49042295      0.56191492      0.75341979      2.70000000    -10.00000000
    -54.14715719      0.00000000      0.00000000      0.00000000      0.00000000      0.00000311      9.13517207      0.00000476      2.94113759      8.62461330      1.98579467      0.99981883      0.72149513      0.49047213      0.49047213      0.56165269      0.74626615      2.70000000    -10.00000000
    -54.31438127      0.00000000      0.00000000      0.00000000      0.00000000      0.00000296      9.08301032      0.00000466      2.83096506      8.85822315      1.98588605      0.99981883      0.72074878      0.49052078      0.49052078      0.56139776      0.73896917      2.70000000    -10.00000000
    -54.48160535      0.00000000      0.00000000      0.00000000      0.00000000      0.00000282      9.02806134      0.00000455      2.72481984      9.09227828      1.98597639      0.99981883      0.71999415      0.49056893      0.49056893      0.56113574      0.73153064      2.70000000    -10.00000000
    -54.64882943      0.00000000      0.00000000      0.00000000      0.00000000      0.00000269      8.97032835      0.00000445      2.62256758      9.32634555      1.98606574      0.99981883      0.71926734      0.49061658      0.49061658      0.56088077      0.72395270      2.70000000    -10.00000000
    -54.81605351      0.00000000      0.00000000      0.00000000      0.00000000      0.00000256      8.90981931      0.00000435      2.52407747      9.55997205      1.98615410      0.99981883      0.71853223      0.49066373      0.49066373      0.56061705      0.71623779      2.70000000    -10.00000000
    -54.98327759      0.00000000      0.00000000      0.00000000      0.00000000      0.00000244      8.84654702      0.00000425      2.42922221      9.79268637      1.98624148      0.99981883      0.71779668      0.49071040      0.49071040      0.56037565      0.70838868      2.70000000    -10.00000000
    -55.15050167      0.00000000      0.00000000      0.00000000      0.00000000      0.00000233      8.78052915      0.00000415      2.33787793     10.02399997      1.98632792      0.99981883      0.71707327      0.49075659      0.49075659      0.56012586      0.70040846      2.70000000    -10.00000000
    -55.31772575      0.00000000      0.00000000      0.00000000      0.00000000      0.00000223      8.71178829      0.00000405      2.24992408     10.25340874      1.98641341      0.99981883      0.71634914      0.49080231      0.49080231      0.55983251      0.69230050      2.70000000    -10.00000000
    -55.48494983      0.00000000      0.00000000      0.00000000      0.00000000      0.00000213      8.64035179      0.00000396      2.16524334     10.48039493      1.98649798      0.99981883      0.71562857      0.49084757      0.49084757      0.55963225      0.68406852      2.70000000    -10.00000000
    -55.65217391      0.00000000      0.00000000      0.00000000      0.00000000      0.00000203      8.56625179      0.00000386      2.08372156     10.70442873      1.98658165      0.99981883      0.71494933      0.49089237      0.49089237      0.55938819      0.67571651      2.70000000    -10.00000000
    -55.81939799      0.00000000      0.00000000      0.00000000      0.00000000      0.00000194      8.48952483      0.00000377      2.00524756     10.92497061      1.98666442      0.99981883      0.71419908      0.49093672      0.49093672      0.55914585      0.66724871      2.70000000    -10.00000000
    -55.98662207      0.00000000      0.00000000      0.00000000      0.00000000      0.00000186      8.41021156      0.00000367      1.92971303     11.14147321      1.98674632      0.99981883      0.71348842      0.49098064      0.49098064      0.55890565      0.65866964      2.70000000    -10.00000000
    -56.15384615      0.00000000      0.00000000      0.00000000      0.00000000      0.00000178      8.32835620      0.00000358      1.85701231     11.35338354      1.98682735      0.99981883      0.71278422      0.49102411      0.49102411      0.55865963      0.64998401      2.70000000    -10.00000000
    -56.32107023      0.00000000      0.00000000      0.00000000      0.00000000      0.00000170      8.24400585      0.00000349      1.78704221     11.56014502      1.98690753      0.99981883      0.71208218      0.49106716      0.49106716      0.55842999      0.64119668      2.70000000    -10.00000000
    -56.48829431      0.00000000      0.00000000      0.00000000      0.00000000      0.00000163      8.15720939      0.00000340      1.71970168     11.76119942      1.98698687      0.99981883      0.71138370      0.49110979      0.49110979      0.55819498      0.63231261      2.70000000    -10.00000000
    -56.65551839      0.00000000      0.00000000      0.00000000      0.00000000      0.00000156      8.06801605      0.00000331      1.65489151     11.95598846      1.98706539      0.99981883      0.71068883      0.49115200      0.49115200      0.55796161      0.62333677      2.70000000    -10.00000000
    -56.82274247      0.00000000      0.00000000      0.00000000      0.00000000      0.00000149      7.97647350      0.00000322      1.59251385     12.14395486      1.98714310      0.99981883      0.70999756      0.49119381      0.49119381      0.55773003      0.61427400      2.70000000    -10.00000000
    -56.98996656      0.00000000      0.00000000      0.00000000      0.00000000      0.00000143      7.88262494      0.00000313      1.53247155     12.32454273      1.98722001      0.99981883      0.70930854      0.49123521      0.49123521      0.55750016      0.60512883      2.70000000    -10.00000000
    -57.15719064      0.00000000      0.00000000      0.00000000      0.00000000      0.00000137      7.78650521      0.00000305      1.47466736     12.49719649      1.98729614      0.99981883      0.70862590      0.49127621      0.49127621      0.55727199      0.59590529      2.70000000    -10.00000000
    -57.32441472      0.00000000      0.00000000      0.00000000      0.00000000      0.00000132      7.68813510      0.00000296      1.41900274     12.66135794      1.98737150      0.99981883      0.70794500      0.49131682      0.49131682      0.55704550      0.58660650      2.70000000    -10.00000000
    -57.49163880      0.00000000      0.00000000      0.00000000      0.00000000      0.00000126      7.58751320      0.00000288      1.36537622     12.81646020      1.98744609      0.99981883      0.70719431      0.49135705      0.49135705      0.55682058      0.57723427      2.70000000    -10.00000000
    -57.65886288      0.00000000      0.00000000      0.00000000      0.00000000      0.00000121      7.48460389      0.00000279      1.31368100     12.96191695      1.98751993      0.99981883      0.70659392      0.49139689      0.49139689      0.55659752      0.56778830      2.70000000    -10.00000000
    -57.82608696      0.00000000      0.00000000      0.00000000      0.00000000      0.00000117      7.37931948      0.00000271      1.26380148     13.09710397      1.98759303      0.99981883      0.70592300      0.49143637      0.49143637      0.55637594      0.55826515      2.70000000    -10.00000000
    -57.99331104      0.00000000      0.00000000      0.00000000      0.00000000      0.00000112      7.27149330      0.00000263      1.21560821     13.22132866      1.98766541      0.99981883      0.70525583      0.49147547      0.49147547      0.55615600      0.54865666      2.70000000    -10.00000000
    -58.16053512      0.00000000      0.00000000      0.00000000      0.00000000      0.00000108      7.16083864      0.00000255      1.16895019     13.33377980      1.98773707      0.99981883      0.70457521      0.49151421      0.49151421      0.55593765      0.53894746      2.70000000    -10.00000000
    -58.32775920      0.00000000      0.00000000      0.00000000      0.00000000      0.00000104      7.04688513      0.00000247      1.12364341     13.43344454      1.98780802      0.99981883      0.70393456      0.49155259      0.49155259      0.55572075      0.52911115      2.70000000    -10.00000000
    -58.49498328      0.00000000      0.00000000      0.00000000      0.00000000      0.00000100      6.92887930      0.00000239      1.07945334     13.51897070      1.98787828      0.99981883      0.70325414      0.49159062      0.49159062      0.55550208      0.51910438      2.70000000    -10.00000000
    -58.66220736      0.00000000      0.00000000      0.00000000      0.00000000      0.00000096      6.80562866      0.00000231      1.03606867     13.58843572      1.98794785      0.99981883      0.70262543      0.49162829      0.49162829      0.55529156      0.50885743      2.70000000    -10.00000000
    -58.82943144      0.00000000      0.00000000      0.00000000      0.00000000      0.00000092      6.67525680      0.00000223      0.99306195     13.63895582      1.98801675      0.99981883      0.70192552      0.49166563      0.49166563      0.55510776      0.49825945      2.70000000    -10.00000000
    -58.99665552      0.00000000      0.00000000      0.00000000      0.00000000      0.00000088      6.53482541      0.00000215      0.94983330     13.66602140      1.98808498      0.99981883      0.70132966      0.49170262      0.49170262      0.55486968      0.48713564      2.70000000    -10.00000000
    -59.16387960      0.00000000      0.00000000      0.00000000      0.00000000      0.00000085      6.37977213      0.00000206      0.90553608     13.66237125      1.98815256      0.99981883      0.70068687      0.49173929      0.49173929      0.55466028      0.47521330      2.70000000    -10.00000000
    -59.33110368      0.00000000      0.00000000      0.00000000      0.00000000      0.00000081      6.20314683      0.00000197      0.85899770     13.61612821      1.98821949      0.99981883      0.70004651      0.49177562      0.49177562      0.55445262      0.46207572      2.70000000    -10.00000000
    -59.49832776      0.00000000      0.00000000      0.00000000      0.00000000      0.00000078      5.99477660      0.00000187      0.80868588     13.50789446      1.98828578      0.99981883      0.69941130      0.49181162      0.49181162      0.55424666      0.44711240      2.70000000    -10.00000000
    -59.66555184      0.00000000      0.00000000      0.00000000      0.00000000      0.00000074      5.74090931      0.00000175      0.75284803     13.30685924      1.98835144      0.99981883      0.69877851      0.49184731      0.49184731      0.55404192      0.42949989      2.70000000    -10.00000000
    -59.83277592      0.00000000      0.00000000      0.00000000      0.00000000      0.00000070      5.42568678      0.00000162      0.69004015     12.96750986      1.98841648      0.99981883      0.69814927      0.49188268      0.49188268      0.55348524      0.40829808      2.70000000    -10.00000000
    -60.00000000      0.00000000      0.00000000      0.00000000      0.00000000      0.00000066      5.03649543      0.00000146      0.62019337     12.43229424      1.98848091      0.99981883      0.69752275      0.49191773      0.49191773      0.55350278      0.38278972      2.70000000    -10.00000000
