    -10.00000000      0.00000000      0.00000000      0.00000000      0.00000000      0.02886171      0.00000173      0.01352674      0.00000000      1.78074842      0.99982859      0.99982859      0.50002644      0.50003501      0.50003501      0.49999573      0.00000000      4.00000000    -10.00000000
    -10.16722408      0.00000000      0.00000000      0.00000000      0.00000000      0.02877579     -0.04929132      0.01349955      0.00041432      1.78247563      1.00314568      0.99982859      0.49871575      0.50030573      0.50030573      0.49955307      0.00041415      4.00000000    -10.00000000
    -10.33444816      0.00000000      0.00000000      0.00000000      0.00000000      0.02882516     -0.09840242      0.01346733      0.00165803      1.77517507      1.00629540      0.99982859      0.49715683      0.50060494      0.50060494      0.49875077      0.00165528      4.00000000    -10.00000000
    -10.50167224      0.00000000      0.00000000      0.00000000      0.00000000      0.02891671     -0.14692542      0.01341398      0.00372285      1.76254525      1.00945278      0.99982859      0.49459391      0.50090505      0.50090505      0.49805571      0.00370904      4.00000000    -10.00000000
    -10.66889632      0.00000000      0.00000000      0.00000000      0.00000000      0.02903848     -0.19467080      0.01333985      0.00659955      1.74545494      1.01262166      0.99982859      0.49271984      0.50120274      0.50120274      0.49795948      0.00655628      4.00000000    -10.00000000
    -10.83612040      0.00000000      0.00000000      0.00000000      0.00000000      0.02919053     -0.24141435      0.01324547      0.01027521      1.72407747      1.01580587      0.99982859      0.49224581      0.50149706      0.50149706      0.49769176      0.01017071      4.00000000    -10.00000000
    -11.00334448      0.00000000      0.00000000      0.00000000      0.00000000      0.02937358     -0.28693166      0.01313149      0.01473296      1.69858978      1.01900923      0.99982859      0.49135901      0.50178665      0.50178665      0.49738536      0.01451905      4.00000000    -10.00000000
    -11.17056856      0.00000000      0.00000000      0.00000000      0.00000000      0.02958805     -0.33100777      0.01299869      0.01995184      1.66922504      1.02223557      0.99982859      0.49038963      0.50207077      0.50207077      0.49706885      0.01956155      4.00000000    -10.00000000
    -11.33779264      0.00000000      0.00000000      0.00000000      0.00000000      0.02983410     -0.37344207      0.01284799      0.02590682      1.63626568      1.02548870      0.99982859      0.48937222      0.50235577      0.50235577      0.49675253      0.02525261      4.00000000    -10.00000000
    -11.50501672      0.00000000      0.00000000      0.00000000      0.00000000      0.03011172     -0.41405095      0.01268038      0.03256873      1.60003071      1.02877244      0.99982859      0.48842938      0.50263598      0.50263598      0.49643583      0.03154146      4.00000000    -10.00000000
    -11.67224080      0.00000000      0.00000000      0.00000000      0.00000000      0.03042080     -0.45266955      0.01249696      0.03990421      1.56086490      1.03209061      0.99982859      0.48745722      0.50290790      0.50290790      0.49612719      0.03837297      4.00000000    -10.00000000
    -11.83946488      0.00000000      0.00000000      0.00000000      0.00000000      0.03076113     -0.48915273      0.01229888      0.04787575      1.51912962      1.03544699      0.99982859      0.48651199      0.50317189      0.50317189      0.49582780      0.04568839      4.00000000    -10.00000000
    -12.00668896      0.00000000      0.00000000      0.00000000      0.00000000      0.03113247     -0.52337560      0.01208736      0.05644157      1.47519485      1.03884538      0.99982859      0.48563108      0.50342781      0.50342781      0.49554099      0.05342611      4.00000000    -10.00000000
    -12.17391304      0.00000000      0.00000000      0.00000000      0.00000000      0.03153452     -0.55523362      0.01186365      0.06555555      1.42943219      1.04228956      0.99982859      0.48477646      0.50367460      0.50367460      0.49527612      0.06152241      4.00000000    -10.00000000
    -12.34113712      0.00000000      0.00000000      0.00000000      0.00000000      0.03196693     -0.58464224      0.01162902      0.07516719      1.38220858      1.04578330      0.99982859      0.48397168      0.50391114      0.50391114      0.49500256      0.06991209      4.00000000    -10.00000000
    -12.50836120      0.00000000      0.00000000      0.00000000      0.00000000      0.03242931     -0.61153639      0.01138474      0.08522148      1.33388086      1.04933034      0.99982859      0.48324521      0.50413915      0.50413915      0.49475947      0.07852911      4.00000000    -10.00000000
    -12.67558528      0.00000000      0.00000000      0.00000000      0.00000000      0.03292121     -0.63586967      0.01113209      0.09565886      1.28479108      1.05293442      0.99982859      0.48262395      0.50435387      0.50435387      0.49453325      0.08730716      4.00000000    -10.00000000
    -12.84280936      0.00000000      0.00000000      0.00000000      0.00000000      0.03344215     -0.65761335      0.01087231      0.10641514      1.23526271      1.05659926      0.99982859      0.48223372      0.50455686      0.50455686      0.49433463      0.09618012      4.00000000    -10.00000000
    -13.01003344      0.00000000      0.00000000      0.00000000      0.00000000      0.03399158     -0.67675523      0.01060662      0.11742146      1.18559753      1.06032853      0.99982859      0.48170282      0.50474787      0.50474787      0.49414798      0.10508251      4.00000000    -10.00000000
    -13.17725753      0.00000000      0.00000000      0.00000000      0.00000000      0.03456889     -0.69329840      0.01033619      0.12860430      1.13607342      1.06412591      0.99982859      0.48171068      0.50492581      0.50492581      0.49398336      0.11394986      4.00000000    -10.00000000
    -13.34448161      0.00000000      0.00000000      0.00000000      0.00000000      0.03517344     -0.70725984      0.01006213      0.13988553      1.08694283      1.06799502      0.99982859      0.48148651      0.50508917      0.50508917      0.49384445      0.12271893      4.00000000    -10.00000000
    -13.51170569      0.00000000      0.00000000      0.00000000      0.00000000      0.03580450     -0.71866947      0.00978552      0.15118264      1.03843182      1.07193945      0.99982859      0.48062470      0.50523824      0.50523824      0.49372944      0.13132811      4.00000000    -10.00000000
    -13.67892977      0.00000000      0.00000000      0.00000000      0.00000000      0.03646129     -0.72756765      0.00950737      0.16240841      0.99074015      1.07596277      0.99982859      0.47995371      0.50536877      0.50536877      0.49364203      0.13971716      4.00000000    -10.00000000
    -13.84615385      0.00000000      0.00000000      0.00000000      0.00000000      0.03714296     -0.73400466      0.00922860      0.17347151      0.94404130      1.08006848      0.99982859      0.47939902      0.50548397      0.50548397      0.49350235      0.14782763      4.00000000    -10.00000000
    -14.01337793      0.00000000      0.00000000      0.00000000      0.00000000      0.03784861     -0.73803953      0.00895011      0.18427687      0.89848312      1.08426004      0.99982859      0.47896366      0.50558388      0.50558388      0.49355163      0.15560286      4.00000000    -10.00000000
    -14.18060201      0.00000000      0.00000000      0.00000000      0.00000000      0.03857724     -0.73973794      0.00867269      0.19472568      0.85418920      1.08854086      0.99982859      0.47863016      0.50566500      0.50566500      0.49355587      0.16298777      4.00000000    -10.00000000
    -14.34782609      0.00000000      0.00000000      0.00000000      0.00000000      0.03932781     -0.73917137      0.00839708      0.20471595      0.81126006      1.09291428      0.99982859      0.47842062      0.50572680      0.50572680      0.49359527      0.16992881      4.00000000    -10.00000000
    -14.51505017      0.00000000      0.00000000      0.00000000      0.00000000      0.04009918     -0.73641584      0.00812396      0.21414309      0.76977479      1.09738358      0.99982859      0.47831594      0.50576774      0.50576774      0.49366811      0.17637385      4.00000000    -10.00000000
    -14.68227425      0.00000000      0.00000000      0.00000000      0.00000000      0.04089015     -0.73155080      0.00785392      0.22290045      0.72979274      1.10195195      0.99982859      0.47832655      0.50579218      0.50579218      0.49378555      0.18227195      4.00000000    -10.00000000
    -14.84949833      0.00000000      0.00000000      0.00000000      0.00000000      0.04169945     -0.72465816      0.00758752      0.23088014      0.69135531      1.10662252      0.99982859      0.47845145      0.50579350      0.50579350      0.49396730      0.18757321      4.00000000    -10.00000000
    -15.01672241      0.00000000      0.00000000      0.00000000      0.00000000      0.04252571     -0.71582137      0.00732523      0.23797388      0.65448779      1.11139831      0.99982859      0.47873094      0.50577338      0.50577338      0.49414615      0.19222851      4.00000000    -10.00000000
    -15.18394649      0.00000000      0.00000000      0.00000000      0.00000000      0.04336750     -0.70512463      0.00706748      0.24407401      0.61920113      1.11628224      0.99982859      0.47903830      0.50573338      0.50573338      0.49444710      0.19618930      4.00000000    -10.00000000
    -15.35117057      0.00000000      0.00000000      0.00000000      0.00000000      0.04422331     -0.69265218      0.00681462      0.24907475      0.58549370      1.12127715      0.99982859      0.47952524      0.50566562      0.50566562      0.49477175      0.19940740      4.00000000    -10.00000000
    -15.51839465      0.00000000      0.00000000      0.00000000      0.00000000      0.04509155     -0.67848772      0.00656698      0.25287344      0.55335300      1.12638575      0.99982859      0.48011269      0.50557724      0.50557724      0.49494091      0.20183478      4.00000000    -10.00000000
    -15.68561873      0.00000000      0.00000000      0.00000000      0.00000000      0.04597055     -0.66271386      0.00632482      0.25537218      0.52275721      1.13161061      0.99982859      0.48061870      0.50546486      0.50546486      0.49515412      0.20342348      4.00000000    -10.00000000
    -15.85284281      0.00000000      0.00000000      0.00000000      0.00000000      0.04685857     -0.64541176      0.00608836      0.25647950      0.49367667      1.13695419      0.99982859      0.48159682      0.50532687      0.50532687      0.49540590      0.20412550      4.00000000    -10.00000000
    -16.02006689      0.00000000      0.00000000      0.00000000      0.00000000      0.04775379     -0.62666070      0.00585777      0.25611229      0.46607522      1.14241879      0.99982859      0.48258121      0.50516555      0.50516555      0.49571676      0.20389283      4.00000000    -10.00000000
    -16.18729097      0.00000000      0.00000000      0.00000000      0.00000000      0.04865429     -0.60653786      0.00563320      0.25419796      0.43991146      1.14800657      0.99982859      0.48364279      0.50497810      0.50497810      0.49606059      0.20267770      4.00000000    -10.00000000
    -16.35451505      0.00000000      0.00000000      0.00000000      0.00000000      0.04955811     -0.58511803      0.00541474      0.25067675      0.41513984      1.15371952      0.99982859      0.48482158      0.50476501      0.50476501      0.49641964      0.20043288      4.00000000    -10.00000000
    -16.52173913      0.00000000      0.00000000      0.00000000      0.00000000      0.05046320     -0.56247348      0.00520247      0.24550431      0.39171165      1.15955947      0.99982859      0.48611945      0.50452755      0.50452755      0.49688961      0.19711237      4.00000000    -10.00000000
    -16.68896321      0.00000000      0.00000000      0.00000000      0.00000000      0.05136745     -0.53867383      0.00499643      0.23865450      0.36957589      1.16552803      0.99982859      0.48752208      0.50426048      0.50426048      0.49736518      0.19267237      4.00000000    -10.00000000
    -16.85618729      0.00000000      0.00000000      0.00000000      0.00000000      0.05226867     -0.51378589      0.00479664      0.23012235      0.34868002      1.17162667      0.99982859      0.48905738      0.50396864      0.50396864      0.49788778      0.18707273      4.00000000    -10.00000000
    -17.02341137      0.00000000      0.00000000      0.00000000      0.00000000      0.05316463     -0.48787367      0.00460308      0.21992727      0.32897067      1.17785660      0.99982859      0.49071288      0.50364974      0.50364974      0.49845277      0.18027900      4.00000000    -10.00000000
    -17.19063545      0.00000000      0.00000000      0.00000000      0.00000000      0.05405303     -0.46099828      0.00441573      0.20811654      0.31039413      1.18421886      0.99982859      0.49245085      0.50330515      0.50330515      0.49906157      0.17226529      4.00000000    -10.00000000
    -17.35785953      0.00000000      0.00000000      0.00000000      0.00000000      0.05493154     -0.43321795      0.00423453      0.19476889      0.29289691      1.19071425      0.99982859      0.49432051      0.50293380      0.50293380      0.49971318      0.16301805      4.00000000    -10.00000000
    -17.52508361      0.00000000      0.00000000      0.00000000      0.00000000      0.05579779     -0.40458804      0.00405942      0.17999837      0.27642608      1.19734333      0.99982859      0.49628513      0.50253586      0.50253586      0.50040572      0.15254121      4.00000000    -10.00000000
    -17.69230769      0.00000000      0.00000000      0.00000000      0.00000000      0.05664937     -0.37516108      0.00389033      0.16395840      0.26092964      1.20410641      0.99982859      0.49834796      0.50211170      0.50211170      0.50114364      0.14086276      4.00000000    -10.00000000
    -17.85953177      0.00000000      0.00000000      0.00000000      0.00000000      0.05748386     -0.34498681      0.00372717      0.14684594      0.24635679      1.21100358      0.99982859      0.50050721      0.50166084      0.50166084      0.50193728      0.12804330      4.00000000    -10.00000000
    -18.02675585      0.00000000      0.00000000      0.00000000      0.00000000      0.05829883     -0.31411224      0.00356982      0.12890595      0.23265815      1.21803463      0.99982859      0.50274770      0.50118529      0.50118529      0.50272972      0.11418661      4.00000000    -10.00000000
    -18.19397993      0.00000000      0.00000000      0.00000000      0.00000000      0.05909185     -0.28258174      0.00341819      0.11043579      0.21978590      1.22519910      0.99982859      0.50525528      0.50068528      0.50068528      0.50358354      0.09945266      4.00000000    -10.00000000
    -18.36120401      0.00000000      0.00000000      0.00000000      0.00000000      0.05986052     -0.25043713      0.00327215      0.09178994      0.20769396      1.23249626      0.99982859      0.50777654      0.50015994      0.50015994      0.50438927      0.08407289      4.00000000    -10.00000000
    -18.52842809      0.00000000      0.00000000      0.00000000      0.00000000      0.06060243     -0.21771778      0.00313158      0.07338460      0.19633802      1.23992507      0.99982859      0.51054035      0.49961067      0.49961067      0.50540064      0.06836748      4.00000000    -10.00000000
    -18.69565217      0.00000000      0.00000000      0.00000000      0.00000000      0.06131524     -0.18446071      0.00299635      0.05570245      0.18567565      1.24748423      0.99982859      0.51336010      0.49903643      0.49903643      0.50636643      0.05276340      4.00000000    -10.00000000
    -18.86287625      0.00000000      0.00000000      0.00000000      0.00000000      0.06199663     -0.15070068      0.00286632      0.03929737      0.17566630      1.25517212      0.99982859      0.51618485      0.49846494      0.49846494      0.50736244      0.03781148      4.00000000    -10.00000000
    -19.03010033      0.00000000      0.00000000      0.00000000      0.00000000      0.06264436     -0.11647031      0.00274137      0.02479902      0.16627135      1.26298684      0.99982859      0.51913623      0.49782685      0.49782685      0.50839166      0.02419891      4.00000000    -10.00000000
    -19.19732441      0.00000000      0.00000000      0.00000000      0.00000000      0.06325625     -0.08180019      0.00262135      0.01291744      0.15745403      1.27092618      0.99982859      0.52217125      0.49718974      0.49718974      0.50945319      0.01275270      4.00000000    -10.00000000
    -19.36454849      0.00000000      0.00000000      0.00000000      0.00000000      0.06383021     -0.04671896      0.00250613      0.00444732      0.14917947      1.27898761      0.99982859      0.52529029      0.49651956      0.49651956      0.51054134      0.00442763      4.00000000    -10.00000000
    -19.53177258      0.00000000      0.00000000      0.00000000      0.00000000      0.06436422     -0.01125347      0.00239556      0.00027221      0.14141463      1.28716833      0.99982859      0.52847130      0.49585884      0.49585884      0.51165688      0.00027213      4.00000000    -10.00000000
    -19.69899666      0.00000000      0.00000000      0.00000000      0.00000000      0.06485640      0.02457119      0.00228951      0.00136821      0.13412825      1.29546519      0.99982859      0.53173021      0.49516701      0.49516701      0.51279563      0.00136634      4.00000000    -10.00000000
    -19.86622074      0.00000000      0.00000000      0.00000000      0.00000000      0.06530497      0.06073155      0.00218782      0.00880751      0.12729081      1.30387478      0.99982859      0.53505479      0.49445933      0.49445933      0.51397063      0.00873062      4.00000000    -10.00000000
    -20.03344482      0.00000000      0.00000000      0.00000000      0.00000000      0.06570826      0.09720564      0.00209037      0.02376129      0.12087445      1.31239337      0.99982859      0.53844389      0.49374078      0.49374078      0.51513053      0.02320979      4.00000000    -10.00000000
    -20.20066890      0.00000000      0.00000000      0.00000000      0.00000000      0.06606476      0.13397297      0.00199701      0.04750221      0.11485292      1.32101693      0.99982859      0.54188763      0.49300468      0.49300468      0.51638160      0.04534808      4.00000000    -10.00000000
    -20.36789298      0.00000000      0.00000000      0.00000000      0.00000000      0.06637310      0.17101435      0.00190761      0.08140628      0.10920154      1.32974114      0.99982859      0.54539407      0.49225569      0.49225569      0.51763750      0.07527816      4.00000000    -10.00000000
    -20.53511706      0.00000000      0.00000000      0.00000000      0.00000000      0.06663206      0.20831189      0.00182203      0.12695399      0.10389706      1.33856140      0.99982859      0.54893275      0.49149866      0.49149866      0.51891302      0.11265233      4.00000000    -10.00000000
    -20.70234114      0.00000000      0.00000000      0.00000000      0.00000000      0.06684058      0.24584883      0.00174013      0.18573077      0.09891769      1.34747286      0.99982859      0.55252876      0.49073351      0.49073351      0.52020881      0.15663823      4.00000000    -10.00000000
    -20.86956522      0.00000000      0.00000000      0.00000000      0.00000000      0.06699777      0.28360954      0.00166180      0.25942651      0.09424294      1.35647036      0.99982859      0.55615981      0.48996115      0.48996115      0.52152215      0.20598781      4.00000000    -10.00000000
    -21.03678930      0.00000000      0.00000000      0.00000000      0.00000000      0.06710292      0.32157936      0.00158689      0.34983418      0.08985363      1.36554852      0.99982859      0.55982473      0.48918372      0.48918372      0.52284857      0.25916826      4.00000000    -10.00000000
    -21.20401338      0.00000000      0.00000000      0.00000000      0.00000000      0.06715549      0.35974459      0.00151528      0.45884734      0.08573178      1.37470172      0.99982859      0.56351838      0.48840290      0.48840290      0.52418461      0.31452732      4.00000000    -10.00000000
    -21.37123746      0.00000000      0.00000000      0.00000000      0.00000000      0.06715512      0.39809236      0.00144685      0.58845655      0.08186058      1.38392409      0.99982859      0.56723609      0.48761930      0.48761930      0.52552916      0.37045807      4.00000000    -10.00000000
    -21.53846154      0.00000000      0.00000000      0.00000000      0.00000000      0.06710164      0.43661059      0.00138148      0.74074432      0.07822431      1.39320957      0.99982859      0.57097313      0.48682646      0.48682646      0.52687967      0.42553310      4.00000000    -10.00000000
    -21.70568562      0.00000000      0.00000000      0.00000000      0.00000000      0.06699508      0.47528791      0.00131905      0.91787863      0.07480830      1.40255191      0.99982859      0.57472475      0.48605487      0.48605487      0.52823322      0.47859057      4.00000000    -10.00000000
    -21.87290970      0.00000000      0.00000000      0.00000000      0.00000000      0.06683562      0.51411359      0.00125946      1.12210465      0.07159889      1.41194467      0.99982859      0.57833946      0.48527658      0.48527658      0.52958864      0.52876970      4.00000000    -10.00000000
    -22.04013378      0.00000000      0.00000000      0.00000000      0.00000000      0.06662365      0.55307750      0.00120258      1.35573454      0.06858337      1.42138126      0.99982859      0.58225098      0.48450224      0.48450224      0.53084485      0.57550395      4.00000000    -10.00000000
    -22.20735786      0.00000000      0.00000000      0.00000000      0.00000000      0.06635973      0.59217008      0.00114833      1.62113521      0.06574992      1.43085495      0.99982859      0.58601683      0.48369633      0.48369633      0.53229585      0.61848592      4.00000000    -10.00000000
    -22.37458194      0.00000000      0.00000000      0.00000000      0.00000000      0.06604458      0.63138234      0.00109660      1.92071389      0.06308755      1.44035889      0.99982859      0.58977770      0.48297458      0.48297458      0.53364414      0.65761795      4.00000000    -10.00000000
    -22.54180602      0.00000000      0.00000000      0.00000000      0.00000000      0.06567908      0.67070585      0.00104729      2.25690197      0.06058610      1.44988615      0.99982859      0.59352945      0.48222404      0.48222404      0.53498535      0.69295975      4.00000000    -10.00000000
    -22.70903010      0.00000000      0.00000000      0.00000000      0.00000000      0.06526427      0.71013290      0.00100031      2.63213767      0.05823609      1.45942969      0.99982859      0.59726800      0.48145680      0.48145680      0.53631989      0.72468004      4.00000000    -10.00000000
    -22.87625418      0.00000000      0.00000000      0.00000000      0.00000000      0.06480129      0.74965646      0.00095557      3.04884864      0.05602866      1.46898247      0.99982859      0.60098776      0.48075597      0.48075597      0.53764248      0.75301621      4.00000000    -10.00000000
    -23.04347826      0.00000000      0.00000000      0.00000000      0.00000000      0.06429142      0.78927040      0.00091297      3.50943612      0.05395551      1.47853736      0.99982859      0.60468782      0.48004287      0.48004287      0.53895406      0.77824278      4.00000000    -10.00000000
    -23.21070234      0.00000000      0.00000000      0.00000000      0.00000000      0.06373607      0.82896942      0.00087243      4.01626143      0.05200877      1.48808728      0.99982859      0.60862259      0.47934406      0.47934406      0.54025373      0.80064835      4.00000000    -10.00000000
    -23.37792642      0.00000000      0.00000000      0.00000000      0.00000000      0.06313672      0.86874913      0.00083385      4.57163559      0.05018093      1.49762511      0.99982859      0.61200149      0.47866171      0.47866171      0.54153542      0.82051949      4.00000000    -10.00000000
    -23.54515050      0.00000000      0.00000000      0.00000000      0.00000000      0.06249499      0.90860585      0.00079715      5.17781086      0.04846480      1.50714382      0.99982859      0.61561086      0.47799636      0.47799636      0.54280188      0.83813036      4.00000000    -10.00000000
    -23.71237458      0.00000000      0.00000000      0.00000000      0.00000000      0.06181260      0.94853646      0.00076223      5.83697288      0.04685348      1.51663639      0.99982859      0.61918271      0.47734947      0.47734947      0.54404911      0.85373644      4.00000000    -10.00000000
    -23.87959866      0.00000000      0.00000000      0.00000000      0.00000000      0.06109138      0.98853818      0.00072901      6.55123163      0.04534041      1.52609591      0.99982859      0.62271535      0.47672188      0.47672188      0.54527826      0.86757127      4.00000000    -10.00000000
    -24.04682274      0.00000000      0.00000000      0.00000000      0.00000000      0.06033328      1.02860837      0.00069740      7.32261076      0.04391933      1.53551556      0.99982859      0.62620397      0.47611452      0.47611452      0.54647655      0.87984540      4.00000000    -10.00000000
    -24.21404682      0.00000000      0.00000000      0.00000000      0.00000000      0.05954033      1.06874442      0.00066731      8.15303614      0.04258433      1.54488865      0.99982859      0.62964598      0.47552802      0.47552802      0.54766962      0.89074663      4.00000000    -10.00000000
    -24.38127090      0.00000000      0.00000000      0.00000000      0.00000000      0.05871465      1.10894371      0.00063867      9.04432469      0.04132990      1.55420862      0.99982859      0.63303830      0.47496300      0.47496300      0.54882961      0.90044129      4.00000000    -10.00000000
    -24.54849498      0.00000000      0.00000000      0.00000000      0.00000000      0.05785841      1.14920360      0.00061141      9.99817482      0.04015085      1.56346907      0.99982859      0.63637579      0.47441849      0.47441849      0.54996577      0.90907582      4.00000000    -10.00000000
    -24.71571906      0.00000000      0.00000000      0.00000000      0.00000000      0.05697383      1.18952149      0.00058544     11.01615850      0.03904235      1.57266378      0.99982859      0.63966346      0.47390033      0.47390033      0.55107608      0.91677873      4.00000000    -10.00000000
    -24.88294314      0.00000000      0.00000000      0.00000000      0.00000000      0.05606318      1.22989482      0.00056070     12.09971470      0.03799989      1.58178673      0.99982859      0.64304876      0.47340788      0.47340788      0.55215924      0.92366246      4.00000000    -10.00000000
    -25.05016722      0.00000000      0.00000000      0.00000000      0.00000000      0.05512871      1.27032112      0.00053712     13.25014331      0.03701928      1.59083209      0.99982859      0.64604346      0.47293936      0.47293936      0.55321512      0.92982527      4.00000000    -10.00000000
    -25.21739130      0.00000000      0.00000000      0.00000000      0.00000000      0.05417269      1.31079801      0.00051465     14.46859945      0.03609662      1.59979426      0.99982859      0.64918956      0.47249494      0.47249494      0.55424286      0.93535291      4.00000000    -10.00000000
    -25.38461538      0.00000000      0.00000000      0.00000000      0.00000000      0.05319739      1.35132321      0.00049323     15.75608733      0.03522829      1.60866787      0.99982859      0.65224165      0.47207262      0.47207262      0.55524735      0.94032020      4.00000000    -10.00000000
    -25.55183946      0.00000000      0.00000000      0.00000000      0.00000000      0.05220505      1.39189454      0.00047280     17.11345398      0.03441094      1.61744781      0.99982859      0.65522696      0.47167904      0.47167904      0.55620065      0.94479242      4.00000000    -10.00000000
    -25.71906355      0.00000000      0.00000000      0.00000000      0.00000000      0.05119787      1.43250989      0.00045331     18.54138293      0.03364145      1.62612920      0.99982859      0.65817112      0.47130840      0.47130840      0.55714768      0.94882655      4.00000000    -10.00000000
    -25.88628763      0.00000000      0.00000000      0.00000000      0.00000000      0.05017804      1.47316729      0.00043471     20.04038780      0.03291695      1.63470744      0.99982859      0.66101807      0.47096131      0.47096131      0.55806515      0.95247236      4.00000000    -10.00000000
    -26.05351171      0.00000000      0.00000000      0.00000000      0.00000000      0.04914769      1.51386482      0.00041696     21.61080606      0.03223478      1.64317820      0.99982859      0.66382389      0.47063349      0.47063349      0.55893107      0.95577336      4.00000000    -10.00000000
    -26.22073579      0.00000000      0.00000000      0.00000000      0.00000000      0.04810888      1.55460066      0.00040002     23.25279298      0.03159251      1.65153741      0.99982859      0.66658220      0.47034318      0.47034318      0.55977865      0.95876764      4.00000000    -10.00000000
    -26.38795987      0.00000000      0.00000000      0.00000000      0.00000000      0.04706366      1.59537306      0.00038384     24.96631576      0.03098786      1.65978129      0.99982859      0.66915113      0.47007021      0.47007021      0.56059154      0.96148857      4.00000000    -10.00000000
    -26.55518395      0.00000000      0.00000000      0.00000000      0.00000000      0.04601397      1.63618037      0.00036838     26.75114754      0.03041876      1.66790634      0.99982859      0.67168716      0.46982825      0.46982825      0.56137436      0.96396545      4.00000000    -10.00000000
    -26.72240803      0.00000000      0.00000000      0.00000000      0.00000000      0.04496169      1.67702099      0.00035362     28.60686195      0.02988328      1.67590935      0.99982859      0.67417321      0.46959567      0.46959567      0.56212384      0.96622405      4.00000000    -10.00000000
    -26.88963211      0.00000000      0.00000000      0.00000000      0.00000000      0.04390865      1.71789340      0.00033952     30.53282713      0.02937967      1.68378738      0.99982859      0.67658707      0.46939348      0.46939348      0.56284317      0.96828702      4.00000000    -10.00000000
    -27.05685619      0.00000000      0.00000000      0.00000000      0.00000000      0.04285657      1.75879615      0.00032605     32.52819962      0.02890630      1.69153778      0.99982859      0.67893206      0.46921417      0.46921417      0.56353172      0.97017436      4.00000000    -10.00000000
    -27.22408027      0.00000000      0.00000000      0.00000000      0.00000000      0.04180711      1.79972785      0.00031317     34.59191891      0.02846168      1.69915819      0.99982859      0.68120322      0.46905722      0.46905722      0.56430457      0.97190373      4.00000000    -10.00000000
    -27.39130435      0.00000000      0.00000000      0.00000000      0.00000000      0.04076185      1.84068716      0.00030086     36.72270094      0.02804445      1.70664649      0.99982859      0.68340331      0.46892196      0.46892196      0.56482676      0.97349076      4.00000000    -10.00000000
    -27.55852843      0.00000000      0.00000000      0.00000000      0.00000000      0.03972226      1.88167281      0.00028910     38.91903252      0.02765335      1.71400089      0.99982859      0.68555612      0.46880807      0.46880807      0.56540640      0.97494929      4.00000000    -10.00000000
    -27.72575251      0.00000000      0.00000000      0.00000000      0.00000000      0.03868975      1.92268357      0.00027786     41.17916558      0.02728724      1.72121981      0.99982859      0.68758763      0.46871482      0.46871482      0.56596913      0.97629161      4.00000000    -10.00000000
    -27.89297659      0.00000000      0.00000000      0.00000000      0.00000000      0.03766562      1.96371827      0.00026711     43.50111212      0.02694508      1.72830196      0.99982859      0.68956388      0.46864167      0.46864167      0.56650154      0.97752865      4.00000000    -10.00000000
    -28.06020067      0.00000000      0.00000000      0.00000000      0.00000000      0.03665111      2.00477579      0.00025684     45.88263974      0.02662593      1.73524631      0.99982859      0.69148471      0.46858793      0.46858793      0.56700453      0.97867014      4.00000000    -10.00000000
    -28.22742475      0.00000000      0.00000000      0.00000000      0.00000000      0.03564735      2.04585504      0.00024702     48.32126845      0.02632891      1.74205207      0.99982859      0.69333022      0.46855294      0.46855294      0.56746734      0.97972477      4.00000000    -10.00000000
    -28.39464883      0.00000000      0.00000000      0.00000000      0.00000000      0.03465540      2.08695499      0.00023763     50.81426932      0.02605325      1.74871867      0.99982859      0.69509284      0.46853452      0.46853452      0.56792081      0.98070030      4.00000000    -10.00000000
    -28.56187291      0.00000000      0.00000000      0.00000000      0.00000000      0.03367621      2.12807464      0.00022865     53.35893654      0.02579812      1.75524579      0.99982859      0.69679320      0.46853589      0.46853589      0.56833658      0.98160376      4.00000000    -10.00000000
    -28.72909699      0.00000000      0.00000000      0.00000000      0.00000000      0.03271068      2.16921304      0.00022008     55.95122916      0.02556326      1.76163334      0.99982859      0.69842147      0.46855335      0.46855335      0.56872323      0.98244112      4.00000000    -10.00000000
    -28.89632107      0.00000000      0.00000000      0.00000000      0.00000000      0.03175961      2.21036929      0.00021188     58.58849893      0.02534772      1.76788140      0.99982859      0.69998422      0.46858734      0.46858734      0.56908278      0.98321824      4.00000000    -10.00000000
    -29.06354515      0.00000000      0.00000000      0.00000000      0.00000000      0.03082372      2.25154252      0.00020404     61.26677936      0.02515109      1.77399030      0.99982859      0.70147638      0.46863669      0.46863669      0.56941438      0.98394007      4.00000000    -10.00000000
    -29.23076923      0.00000000      0.00000000      0.00000000      0.00000000      0.02990365      2.29273190      0.00019654     63.98215572      0.02497291      1.77996053      0.99982859      0.70287959      0.46870066      0.46870066      0.56970577      0.98461116      4.00000000    -10.00000000
    -29.39799331      0.00000000      0.00000000      0.00000000      0.00000000      0.02899998      2.33393665      0.00018938     66.73054482      0.02481275      1.78579277      0.99982859      0.70422016      0.46877713      0.46877713      0.57000116      0.98523561      4.00000000    -10.00000000
    -29.56521739      0.00000000      0.00000000      0.00000000      0.00000000      0.02811320      2.37515604      0.00018254     69.50756623      0.02467026      1.79148787      0.99982859      0.70555185      0.46886960      0.46886960      0.57034947      0.98581712      4.00000000    -10.00000000
    -29.73244147      0.00000000      0.00000000      0.00000000      0.00000000      0.02724376      2.41638937      0.00017599     72.30886815      0.02454504      1.79704684      0.99982859      0.70678073      0.46897327      0.46897327      0.57048331      0.98635909      4.00000000    -10.00000000
    -29.89966555      0.00000000      0.00000000      0.00000000      0.00000000      0.02639201      2.45763599      0.00016974     75.12988360      0.02443678      1.80247084      0.99982859      0.70794400      0.46908878      0.46908878      0.57068449      0.98686455      4.00000000    -10.00000000
    -30.06688963      0.00000000      0.00000000      0.00000000      0.00000000      0.02555826      2.49889531      0.00016376     77.96590898      0.02434517      1.80776117      0.99982859      0.70904537      0.46921552      0.46921552      0.57087342      0.98733631      4.00000000    -10.00000000
    -30.23411371      0.00000000      0.00000000      0.00000000      0.00000000      0.02474275      2.54016677      0.00015805     80.81234375      0.02426992      1.81291925      0.99982859      0.71008414      0.46935268      0.46935268      0.57103256      0.98777691      4.00000000    -10.00000000
    -30.40133779      0.00000000      0.00000000      0.00000000      0.00000000      0.02394567      2.58144987      0.00015258     83.66449457      0.02421072      1.81794663      0.99982859      0.71106744      0.46949992      0.46949992      0.57117064      0.98818867      4.00000000    -10.00000000
    -30.56856187      0.00000000      0.00000000      0.00000000      0.00000000      0.02316715      2.62274417      0.00014736     86.51764714      0.02416733      1.82284497      0.99982859      0.71198376      0.46965590      0.46965590      0.57128770      0.98857373      4.00000000    -10.00000000
    -30.73578595      0.00000000      0.00000000      0.00000000      0.00000000      0.02240729      2.66404925      0.00014236     89.36737153      0.02413943      1.82761603      0.99982859      0.71284685      0.46982147      0.46982147      0.57138402      0.98893406      4.00000000    -10.00000000
    -30.90301003      0.00000000      0.00000000      0.00000000      0.00000000      0.02166612      2.70536476      0.00013758     92.20924443      0.02412674      1.83226164      0.99982859      0.71365111      0.46999462      0.46999462      0.57146032      0.98927145      4.00000000    -10.00000000
    -31.07023411      0.00000000      0.00000000      0.00000000      0.00000000      0.02094364      2.74669040      0.00013300     95.03908668      0.02412896      1.83678374      0.99982859      0.71440067      0.47017530      0.47017530      0.57151634      0.98958757      4.00000000    -10.00000000
    -31.23745819      0.00000000      0.00000000      0.00000000      0.00000000      0.02023981      2.78802590      0.00012862     97.85291007      0.02414579      1.84118432      0.99982859      0.71509437      0.47036290      0.47036290      0.57155433      0.98988396      4.00000000    -10.00000000
    -31.40468227      0.00000000      0.00000000      0.00000000      0.00000000      0.01955455      2.82937102      0.00012443    100.64695339      0.02417690      1.84546546      0.99982859      0.71573854      0.47055687      0.47055687      0.57157456      0.99016203      4.00000000    -10.00000000
    -31.57190635      0.00000000      0.00000000      0.00000000      0.00000000      0.01888773      2.87072559      0.00012041    103.41783042      0.02422197      1.84962927      0.99982859      0.71632988      0.47075670      0.47075670      0.57157725      0.99042309      4.00000000    -10.00000000
    -31.73913043      0.00000000      0.00000000      0.00000000      0.00000000      0.01823923      2.91208945      0.00011656    106.16240681      0.02428064      1.85367792      0.99982859      0.71686837      0.47096219      0.47096219      0.57156319      0.99066837      4.00000000    -10.00000000
    -31.90635452      0.00000000      0.00000000      0.00000000      0.00000000      0.01760885      2.95346247      0.00011286    108.87783571      0.02435258      1.85761362      0.99982859      0.71736320      0.47117202      0.47117202      0.57152914      0.99089898      4.00000000    -10.00000000
    -32.07357860      0.00000000      0.00000000      0.00000000      0.00000000      0.01699642      2.99484454      0.00010932    111.56162474      0.02443741      1.86143861      0.99982859      0.71780464      0.47138639      0.47138639      0.57148765      0.99111598      4.00000000    -10.00000000
    -32.24080268      0.00000000      0.00000000      0.00000000      0.00000000      0.01640169      3.03623557      0.00010591    114.21162147      0.02453478      1.86515516      0.99982859      0.71821768      0.47160480      0.47160480      0.57127918      0.99132032      4.00000000    -10.00000000
    -32.40802676      0.00000000      0.00000000      0.00000000      0.00000000      0.01582443      3.07763549      0.00010264    116.82591443      0.02464431      1.86876557      0.99982859      0.71855184      0.47182670      0.47182670      0.57135276      0.99151290      4.00000000    -10.00000000
    -32.57525084      0.00000000      0.00000000      0.00000000      0.00000000      0.01526438      3.11904422      0.00009949    119.40291397      0.02476565      1.87227214      0.99982859      0.71870929      0.47205173      0.47205173      0.57126510      0.99169455      4.00000000    -10.00000000
    -32.74247492      0.00000000      0.00000000      0.00000000      0.00000000      0.01472126      3.16046169      0.00009647    121.94129348      0.02489842      1.87567719      0.99982859      0.71912316      0.47227912      0.47227912      0.57116338      0.99186604      4.00000000    -10.00000000
    -32.90969900      0.00000000      0.00000000      0.00000000      0.00000000      0.01419477      3.20188783      0.00009356    124.43995354      0.02504228      1.87898303      0.99982859      0.71934558      0.47250944      0.47250944      0.57104997      0.99202806      4.00000000    -10.00000000
    -33.07692308      0.00000000      0.00000000      0.00000000      0.00000000      0.01368461      3.24332255      0.00009075    126.89799608      0.02519690      1.88219200      0.99982859      0.71952759      0.47274138      0.47274138      0.57092355      0.99218127      4.00000000    -10.00000000
    -33.24414716      0.00000000      0.00000000      0.00000000      0.00000000      0.01319046      3.28476640      0.00008804    129.31789205      0.02536132      1.88530640      0.99982859      0.71967055      0.47297484      0.47297484      0.57078706      0.99232646      4.00000000    -10.00000000
    -33.41137124      0.00000000      0.00000000      0.00000000      0.00000000      0.01271200      3.32621805      0.00008544    131.69326912      0.02553638      1.88832854      0.99982859      0.71977484      0.47320939      0.47320939      0.57063923      0.99246382      4.00000000    -10.00000000
    -33.57859532      0.00000000      0.00000000      0.00000000      0.00000000      0.01224889      3.36767599      0.00008293    134.00489025      0.02572536      1.89126072      0.99982859      0.71986035      0.47344415      0.47344415      0.57048105      0.99259286      4.00000000    -10.00000000
    -33.74581940      0.00000000      0.00000000      0.00000000      0.00000000      0.01180080      3.40914587      0.00008049    136.31454629      0.02591615      1.89410520      0.99982859      0.71987407      0.47367989      0.47367989      0.57031310      0.99271745      4.00000000    -10.00000000
    -33.91304348      0.00000000      0.00000000      0.00000000      0.00000000      0.01136738      3.45062145      0.00007815    138.55868141      0.02612056      1.89686426      0.99982859      0.71987296      0.47391861      0.47391861      0.57013540      0.99283456      4.00000000    -10.00000000
    -34.08026756      0.00000000      0.00000000      0.00000000      0.00000000      0.01094828      3.49210536      0.00007588    140.76229276      0.02633358      1.89954011      0.99982859      0.71983899      0.47415757      0.47415757      0.56994927      0.99294594      4.00000000    -10.00000000
    -34.24749164      0.00000000      0.00000000      0.00000000      0.00000000      0.01054315      3.53359599      0.00007369    142.90913911      0.02655800      1.90213498      0.99982859      0.71977475      0.47439651      0.47439651      0.56975493      0.99305117      4.00000000    -10.00000000
    -34.41471572      0.00000000      0.00000000      0.00000000      0.00000000      0.01015165      3.57509601      0.00007157    145.03933172      0.02678620      1.90465104      0.99982859      0.71967758      0.47463513      0.47463513      0.56955645      0.99315253      4.00000000    -10.00000000
    -34.58193980      0.00000000      0.00000000      0.00000000      0.00000000      0.00977341      3.61660228      0.00006952    147.11169203      0.02702563      1.90709044      0.99982859      0.71955105      0.47487347      0.47487347      0.56934225      0.99324834      4.00000000    -10.00000000
    -34.74916388      0.00000000      0.00000000      0.00000000      0.00000000      0.00940810      3.65811488      0.00006754    149.12940665      0.02727551      1.90945531      0.99982859      0.71939561      0.47511116      0.47511116      0.56912557      0.99333908      4.00000000    -10.00000000
    -34.91638796      0.00000000      0.00000000      0.00000000      0.00000000      0.00905535      3.69963603      0.00006561    151.12642373      0.02752955      1.91174772      0.99982859      0.71928161      0.47534780      0.47534780      0.56890704      0.99342652      4.00000000    -10.00000000
    -35.08361204      0.00000000      0.00000000      0.00000000      0.00000000      0.00871483      3.74116179      0.00006376    153.05491194      0.02779631      1.91396973      0.99982859      0.71900223      0.47558372      0.47558372      0.56867231      0.99350881      4.00000000    -10.00000000
    -35.25083612      0.00000000      0.00000000      0.00000000      0.00000000      0.00838618      3.78269481      0.00006195    154.95049836      0.02806927      1.91612335      0.99982859      0.71876648      0.47581838      0.47581838      0.56843065      0.99358771      4.00000000    -10.00000000
    -35.41806020      0.00000000      0.00000000      0.00000000      0.00000000      0.00806908      3.82423459      0.00006020    156.81056301      0.02834884      1.91821056      0.99982859      0.71850558      0.47605173      0.47605173      0.56819335      0.99366329      4.00000000    -10.00000000
    -35.58528428      0.00000000      0.00000000      0.00000000      0.00000000      0.00776317      3.86577862      0.00005852    158.60578905      0.02864023      1.92023330      0.99982859      0.71822121      0.47628363      0.47628363      0.56790443      0.99373456      4.00000000    -10.00000000
    -35.75250836      0.00000000      0.00000000      0.00000000      0.00000000      0.00746813      3.90732950      0.00005688    160.37322930      0.02893675      1.92219346      0.99982859      0.71791359      0.47651395      0.47651395      0.56769769      0.99380319      4.00000000    -10.00000000
    -35.91973244      0.00000000      0.00000000      0.00000000      0.00000000      0.00718363      3.94888430      0.00005529    162.09061880      0.02924236      1.92409291      0.99982859      0.71758340      0.47674255      0.47674255      0.56743851      0.99386844      4.00000000    -10.00000000
    -36.08695652      0.00000000      0.00000000      0.00000000      0.00000000      0.00690935      3.99044498      0.00005375    163.74985251      0.02955856      1.92593346      0.99982859      0.71723826      0.47696929      0.47696929      0.56717792      0.99393019      4.00000000    -10.00000000
    -36.25418060      0.00000000      0.00000000      0.00000000      0.00000000      0.00664496      4.03200953      0.00005226    165.36266478      0.02988320      1.92771689      0.99982859      0.71686404      0.47719400      0.47719400      0.56691356      0.99398904      4.00000000    -10.00000000
    -36.42140468      0.00000000      0.00000000      0.00000000      0.00000000      0.00639017      4.07357878      0.00005081    166.94470388      0.03021350      1.92944493      0.99982859      0.71647109      0.47741645      0.47741645      0.56664594      0.99404566      4.00000000    -10.00000000
    -36.58862876      0.00000000      0.00000000      0.00000000      0.00000000      0.00614466      4.11515200      0.00004942    168.45780267      0.03055640      1.93111929      0.99982859      0.71606085      0.47763620      0.47763620      0.56637401      0.99409883      4.00000000    -10.00000000
    -36.75585284      0.00000000      0.00000000      0.00000000      0.00000000      0.00590813      4.15672896      0.00004806    169.94169428      0.03090473      1.93274162      0.99982859      0.71562949      0.47785347      0.47785347      0.56609951      0.99415005      4.00000000    -10.00000000
    -36.92307692      0.00000000      0.00000000      0.00000000      0.00000000      0.00568029      4.19830934      0.00004674    171.35925111      0.03126532      1.93431352      0.99982859      0.71518829      0.47807121      0.47807121      0.56582161      0.99419816      4.00000000    -10.00000000
    -37.09030100      0.00000000      0.00000000      0.00000000      0.00000000      0.00546086      4.23989284      0.00004546    172.74357440      0.03163220      1.93583658      0.99982859      0.71473044      0.47828656      0.47828656      0.56554198      0.99424439      4.00000000    -10.00000000
    -37.25752508      0.00000000      0.00000000      0.00000000      0.00000000      0.00524956      4.28147918      0.00004423    174.06335928      0.03201119      1.93731233      0.99982859      0.71425614      0.47849908      0.47849908      0.56525971      0.99428778      4.00000000    -10.00000000
    -37.42474916      0.00000000      0.00000000      0.00000000      0.00000000      0.00504612      4.32306807      0.00004303    175.34683344      0.03239722      1.93874225      0.99982859      0.71375415      0.47870801      0.47870801      0.56497533      0.99432936      4.00000000    -10.00000000
    -37.59197324      0.00000000      0.00000000      0.00000000      0.00000000      0.00485026      4.36465919      0.00004186    176.57267556      0.03279432      1.94012781      0.99982859      0.71325863      0.47891784      0.47891784      0.56468548      0.99436850      4.00000000    -10.00000000
    -37.75919732      0.00000000      0.00000000      0.00000000      0.00000000      0.00466173      4.40625227      0.00004074    177.74211237      0.03320243      1.94147040      0.99982859      0.71274399      0.47912564      0.47912564      0.56440083      0.99440535      4.00000000    -10.00000000
    -37.92642140      0.00000000      0.00000000      0.00000000      0.00000000      0.00448028      4.44784702      0.00003964    178.87092376      0.03361874      1.94277141      0.99982859      0.71221819      0.47933082      0.47933082      0.56411021      0.99444046      4.00000000    -10.00000000
    -38.09364548      0.00000000      0.00000000      0.00000000      0.00000000      0.00430567      4.48944315      0.00003858    179.94254559      0.03404651      1.94403217      0.99982859      0.71167950      0.47953354      0.47953354      0.56382010      0.99447338      4.00000000    -10.00000000
    -38.26086957      0.00000000      0.00000000      0.00000000      0.00000000      0.00413765      4.53104037      0.00003755    180.95780420      0.03448578      1.94525398      0.99982859      0.71112533      0.47973379      0.47973379      0.56352801      0.99450422      4.00000000    -10.00000000
    -38.42809365      0.00000000      0.00000000      0.00000000      0.00000000      0.00397599      4.57263840      0.00003656    181.92884713      0.03493443      1.94643809      0.99982859      0.71056301      0.47993155      0.47993155      0.56323557      0.99453339      4.00000000    -10.00000000
    -38.59531773      0.00000000      0.00000000      0.00000000      0.00000000      0.00382048      4.61423695      0.00003559    182.84284705      0.03539511      1.94758574      0.99982859      0.71004043      0.48012681      0.48012681      0.56294102      0.99456057      4.00000000    -10.00000000
    -38.76254181      0.00000000      0.00000000      0.00000000      0.00000000      0.00367088      4.65583574      0.00003465    183.70367362      0.03586732      1.94869811      0.99982859      0.70940557      0.48031957      0.48031957      0.56264651      0.99458592      4.00000000    -10.00000000
    -38.92976589      0.00000000      0.00000000      0.00000000      0.00000000      0.00352700      4.69743449      0.00003374    184.51104252      0.03635136      1.94977634      0.99982859      0.70881295      0.48050983      0.48050983      0.56235145      0.99460949      4.00000000    -10.00000000
    -39.09698997      0.00000000      0.00000000      0.00000000      0.00000000      0.00338861      4.73903292      0.00003286    185.26478487      0.03684750      1.95082156      0.99982859      0.70821367      0.48069759      0.48069759      0.56205602      0.99463130      4.00000000    -10.00000000
    -39.26421405      0.00000000      0.00000000      0.00000000      0.00000000      0.00325554      4.78063073      0.00003201    185.96439547      0.03735615      1.95183485      0.99982859      0.70760186      0.48088286      0.48088286      0.56176069      0.99465139      4.00000000    -10.00000000
    -39.43143813      0.00000000      0.00000000      0.00000000      0.00000000      0.00312757      4.82222768      0.00003118    186.61000106      0.03787756      1.95281727      0.99982859      0.70698406      0.48106564      0.48106564      0.56146464      0.99466979      4.00000000    -10.00000000
    -39.59866221      0.00000000      0.00000000      0.00000000      0.00000000      0.00300454      4.86382346      0.00003037    187.20132439      0.03841211      1.95376982      0.99982859      0.70635952      0.48124594      0.48124594      0.56116722      0.99468654      4.00000000    -10.00000000
    -39.76588629      0.00000000      0.00000000      0.00000000      0.00000000      0.00288624      4.90541780      0.00002960    187.73822421      0.03896017      1.95469350      0.99982859      0.70572762      0.48142376      0.48142376      0.56087319      0.99470166      4.00000000    -10.00000000
    -39.93311037      0.00000000      0.00000000      0.00000000      0.00000000      0.00277252      4.94701051      0.00002884    188.22005339      0.03952222      1.95558926      0.99982859      0.70508970      0.48159915      0.48159915      0.56063995      0.99471515      4.00000000    -10.00000000
    -40.10033445      0.00000000      0.00000000      0.00000000      0.00000000      0.00266320      4.98860106      0.00002811    188.64850131      0.04009828      1.95645802      0.99982859      0.70444594      0.48177209      0.48177209      0.56028364      0.99472709      4.00000000    -10.00000000
    -40.26755853      0.00000000      0.00000000      0.00000000      0.00000000      0.00255812      5.03018942      0.00002739    189.02177070      0.04068913      1.95730069      0.99982859      0.70379556      0.48194260      0.48194260      0.55998846      0.99473745      4.00000000    -10.00000000
    -40.43478261      0.00000000      0.00000000      0.00000000      0.00000000      0.00245712      5.07177522      0.00002671    189.34045593      0.04129506      1.95811813      0.99982859      0.70314031      0.48211071      0.48211071      0.55969424      0.99474626      4.00000000    -10.00000000
    -40.60200669      0.00000000      0.00000000      0.00000000      0.00000000      0.00236005      5.11335820      0.00002604    189.60467613      0.04191649      1.95891118      0.99982859      0.70248079      0.48227644      0.48227644      0.55940086      0.99475354      4.00000000    -10.00000000
    -40.76923077      0.00000000      0.00000000      0.00000000      0.00000000      0.00226676      5.15493806      0.00002539    189.81445429      0.04255388      1.95968065      0.99982859      0.70181634      0.48243981      0.48243981      0.55910805      0.99475931      4.00000000    -10.00000000
    -40.93645485      0.00000000      0.00000000      0.00000000      0.00000000      0.00217711      5.19651453      0.00002476    189.96993716      0.04320768      1.96042732      0.99982859      0.70114791      0.48260083      0.48260083      0.55881621      0.99476357      4.00000000    -10.00000000
    -41.10367893      0.00000000      0.00000000      0.00000000      0.00000000      0.00209096      5.23808733      0.00002415    190.07127950      0.04387837      1.96115196      0.99982859      0.70047465      0.48275954      0.48275954      0.55852586      0.99476635      4.00000000    -10.00000000
    -41.27090301      0.00000000      0.00000000      0.00000000      0.00000000      0.00200818      5.27965616      0.00002355    190.11866758      0.04456645      1.96185531      0.99982859      0.69979950      0.48291596      0.48291596      0.55823434      0.99476765      4.00000000    -10.00000000
    -41.43812709      0.00000000      0.00000000      0.00000000      0.00000000      0.00192863      5.32122074      0.00002298    190.11238543      0.04527241      1.96253807      0.99982859      0.69912069      0.48307016      0.48307016      0.55794402      0.99476748      4.00000000    -10.00000000
    -41.60535117      0.00000000      0.00000000      0.00000000      0.00000000      0.00185221      5.36278079      0.00002242    190.05267464      0.04599680      1.96320092      0.99982859      0.69843942      0.48322201      0.48322201      0.55765768      0.99476584      4.00000000    -10.00000000
    -41.77257525      0.00000000      0.00000000      0.00000000      0.00000000      0.00177879      5.40433601      0.00002188    189.93988224      0.04674014      1.96384455      0.99982859      0.69775437      0.48337170      0.48337170      0.55737070      0.99476275      4.00000000    -10.00000000
    -41.93979933      0.00000000      0.00000000      0.00000000      0.00000000      0.00170825      5.44588611      0.00002136    189.77435391      0.04750301      1.96446958      0.99982859      0.69706767      0.48351920      0.48351920      0.55708525      0.99475821      4.00000000    -10.00000000
    -42.10702341      0.00000000      0.00000000      0.00000000      0.00000000      0.00164048      5.48743079      0.00002085    189.55648156      0.04828597      1.96507664      0.99982859      0.69638081      0.48366454      0.48366454      0.55680138      0.99475221      4.00000000    -10.00000000
    -42.27424749      0.00000000      0.00000000      0.00000000      0.00000000      0.00157538      5.52896976      0.00002035    189.28671529      0.04908964      1.96566633      0.99982859      0.69585216      0.48380774      0.48380774      0.55651692      0.99474477      4.00000000    -10.00000000
    -42.44147157      0.00000000      0.00000000      0.00000000      0.00000000      0.00151284      5.57050271      0.00001987    188.96552022      0.04991461      1.96623923      0.99982859      0.69499733      0.48394884      0.48394884      0.55623448      0.99473589      4.00000000    -10.00000000
    -42.60869565      0.00000000      0.00000000      0.00000000      0.00000000      0.00145277      5.61202933      0.00001941    188.59340921      0.05076155      1.96679589      0.99982859      0.69430277      0.48408787      0.48408787      0.55583148      0.99472556      4.00000000    -10.00000000
    -42.77591973      0.00000000      0.00000000      0.00000000      0.00000000      0.00139507      5.65354932      0.00001896    188.17090760      0.05163110      1.96733687      0.99982859      0.69360859      0.48422485      0.48422485      0.55567480      0.99471377      4.00000000    -10.00000000
    -42.94314381      0.00000000      0.00000000      0.00000000      0.00000000      0.00133964      5.69506236      0.00001852    187.69864363      0.05252395      1.96786267      0.99982859      0.69291287      0.48435980      0.48435980      0.55539691      0.99470054      4.00000000    -10.00000000
    -43.11036789      0.00000000      0.00000000      0.00000000      0.00000000      0.00128641      5.73656814      0.00001809    187.17722490      0.05344078      1.96837382      0.99982859      0.69221572      0.48449277      0.48449277      0.55512022      0.99468586      4.00000000    -10.00000000
    -43.27759197      0.00000000      0.00000000      0.00000000      0.00000000      0.00123528      5.77806633      0.00001768    186.60731091      0.05438234      1.96887078      0.99982859      0.69152030      0.48462378      0.48462378      0.55484541      0.99466972      4.00000000    -10.00000000
    -43.44481605      0.00000000      0.00000000      0.00000000      0.00000000      0.00118617      5.81955660      0.00001728    185.98959070      0.05534937      1.96935405      0.99982859      0.69082353      0.48475286      0.48475286      0.55458763      0.99465211      4.00000000    -10.00000000
    -43.61204013      0.00000000      0.00000000      0.00000000      0.00000000      0.00113901      5.86103862      0.00001689    185.32479727      0.05634263      1.96982406      0.99982859      0.69012669      0.48488003      0.48488003      0.55429932      0.99463303      4.00000000    -10.00000000
    -43.77926421      0.00000000      0.00000000      0.00000000      0.00000000      0.00109372      5.90251205      0.00001651    184.61368686      0.05736294      1.97028126      0.99982859      0.68942996      0.48500534      0.48500534      0.55403045      0.99461247      4.00000000    -10.00000000
    -43.94648829      0.00000000      0.00000000      0.00000000      0.00000000      0.00105022      5.94397655      0.00001615    183.85706149      0.05841110      1.97072608      0.99982859      0.68873319      0.48512879      0.48512879      0.55376085      0.99459041      4.00000000    -10.00000000
    -44.11371237      0.00000000      0.00000000      0.00000000      0.00000000      0.00100844      5.98543177      0.00001579    183.05574197      0.05948797      1.97115891      0.99982859      0.68786518      0.48525044      0.48525044      0.55349366      0.99456686      4.00000000    -10.00000000
    -44.28093645      0.00000000      0.00000000      0.00000000      0.00000000      0.00096833      6.02687736      0.00001544    182.21058069      0.06059442      1.97158017      0.99982859      0.68816095      0.48537030      0.48537030      0.55328506      0.99454180      4.00000000    -10.00000000
    -44.44816054      0.00000000      0.00000000      0.00000000      0.00000000      0.00092980      6.06831294      0.00001511    181.32246880      0.06173136      1.97199022      0.99982859      0.68664666      0.48548840      0.48548840      0.55296415      0.99451521      4.00000000    -10.00000000
    -44.61538462      0.00000000      0.00000000      0.00000000      0.00000000      0.00089281      6.10973816      0.00001478    180.39231463      0.06289971      1.97238944      0.99982859      0.68594931      0.48560477      0.48560477      0.55270186      0.99448709      4.00000000    -10.00000000
    -44.78260870      0.00000000      0.00000000      0.00000000      0.00000000      0.00085728      6.15115263      0.00001446    179.42106038      0.06410045      1.97277818      0.99982859      0.68526034      0.48571944      0.48571944      0.55244099      0.99445741      4.00000000    -10.00000000
    -44.94983278      0.00000000      0.00000000      0.00000000      0.00000000      0.00082317      6.19255597      0.00001415    178.40967227      0.06533456      1.97315679      0.99982859      0.68456783      0.48583244      0.48583244      0.55218424      0.99442616      4.00000000    -10.00000000
    -45.11705686      0.00000000      0.00000000      0.00000000      0.00000000      0.00079041      6.23394779      0.00001386    177.35913701      0.06660307      1.97352560      0.99982859      0.68387759      0.48594380      0.48594380      0.55193138      0.99439333      4.00000000    -10.00000000
    -45.28428094      0.00000000      0.00000000      0.00000000      0.00000000      0.00075895      6.27532768      0.00001356    176.27046879      0.06790703      1.97388492      0.99982859      0.68318781      0.48605353      0.48605353      0.55166970      0.99435890      4.00000000    -10.00000000
    -45.45150502      0.00000000      0.00000000      0.00000000      0.00000000      0.00072875      6.31669525      0.00001328    175.14469795      0.06924754      1.97423507      0.99982859      0.68249988      0.48616168      0.48616168      0.55141546      0.99432285      4.00000000    -10.00000000
    -45.61872910      0.00000000      0.00000000      0.00000000      0.00000000      0.00069974      6.35805007      0.00001301    173.98287581      0.07062572      1.97457635      0.99982859      0.68181347      0.48626826      0.48626826      0.55116262      0.99428516      4.00000000    -10.00000000
    -45.78595318      0.00000000      0.00000000      0.00000000      0.00000000      0.00067190      6.39939172      0.00001274    172.78607891      0.07204273      1.97490903      0.99982859      0.68112733      0.48637331      0.48637331      0.55046947      0.99424580      4.00000000    -10.00000000
    -45.95317726      0.00000000      0.00000000      0.00000000      0.00000000      0.00064516      6.44071976      0.00001248    171.55539055      0.07349976      1.97523340      0.99982859      0.68044640      0.48647686      0.48647686      0.55053369      0.99420476      4.00000000    -10.00000000
    -46.12040134      0.00000000      0.00000000      0.00000000      0.00000000      0.00061948      6.48203374      0.00001223    170.29191791      0.07499806      1.97554973      0.99982859      0.67976468      0.48657891      0.48657891      0.55059628      0.99416201      4.00000000    -10.00000000
    -46.28762542      0.00000000      0.00000000      0.00000000      0.00000000      0.00059483      6.52333322      0.00001198    168.99677291      0.07653890      1.97585827      0.99982859      0.67928499      0.48667950      0.48667950      0.55017161      0.99411754      4.00000000    -10.00000000
    -46.45484950      0.00000000      0.00000000      0.00000000      0.00000000      0.00057116      6.56461772      0.00001174    167.67108634      0.07812359      1.97615928      0.99982859      0.67840954      0.48677866      0.48677866      0.54992798      0.99407130      4.00000000    -10.00000000
    -46.62207358      0.00000000      0.00000000      0.00000000      0.00000000      0.00054843      6.60588676      0.00001151    166.31600015      0.07975350      1.97645299      0.99982859      0.67773295      0.48687642      0.48687642      0.54968630      0.99402329      4.00000000    -10.00000000
    -46.78929766      0.00000000      0.00000000      0.00000000      0.00000000      0.00052661      6.64713987      0.00001129    164.93265991      0.08143001      1.97673964      0.99982859      0.67706016      0.48697279      0.48697279      0.54944614      0.99397346      4.00000000    -10.00000000
    -46.95652174      0.00000000      0.00000000      0.00000000      0.00000000      0.00050566      6.68837653      0.00001107    163.52222385      0.08315458      1.97701945      0.99982859      0.67638968      0.48706780      0.48706780      0.54920842      0.99392179      4.00000000    -10.00000000
    -47.12374582      0.00000000      0.00000000      0.00000000      0.00000000      0.00048554      6.72959625      0.00001085    162.08585078      0.08492869      1.97729264      0.99982859      0.67572113      0.48716148      0.48716148      0.54897167      0.99386826      4.00000000    -10.00000000
    -47.29096990      0.00000000      0.00000000      0.00000000      0.00000000      0.00046623      6.77079848      0.00001065    160.62471031      0.08675388      1.97755942      0.99982859      0.67505465      0.48725385      0.48725385      0.54873614      0.99381283      4.00000000    -10.00000000
    -47.45819398      0.00000000      0.00000000      0.00000000      0.00000000      0.00044768      6.81198270      0.00001044    159.13996958      0.08863175      1.97781999      0.99982859      0.67439116      0.48734493      0.48734493      0.54850256      0.99375546      4.00000000    -10.00000000
    -47.62541806      0.00000000      0.00000000      0.00000000      0.00000000      0.00042988      6.85314835      0.00001025    157.63279946      0.09056391      1.97807454      0.99982859      0.67372893      0.48743474      0.48743474      0.54827125      0.99369613      4.00000000    -10.00000000
    -47.79264214      0.00000000      0.00000000      0.00000000      0.00000000      0.00041278      6.89429488      0.00001005    156.10437504      0.09255207      1.97832326      0.99982859      0.67307234      0.48752331      0.48752331      0.54804099      0.99363480      4.00000000    -10.00000000
    -47.95986622      0.00000000      0.00000000      0.00000000      0.00000000      0.00039637      6.93542159      0.00000987    154.55550728      0.09459817      1.97856634      0.99982859      0.67241501      0.48761065      0.48761065      0.54781284      0.99357143      4.00000000    -10.00000000
    -48.12709030      0.00000000      0.00000000      0.00000000      0.00000000      0.00038061      6.97652819      0.00000969    152.98839509      0.09670340      1.97880394      0.99982859      0.67176150      0.48769680      0.48769680      0.54758625      0.99350600      4.00000000    -10.00000000
    -48.29431438      0.00000000      0.00000000      0.00000000      0.00000000      0.00036548      7.01761379      0.00000951    151.40318507      0.09887020      1.97903624      0.99982859      0.67111063      0.48778177      0.48778177      0.54736127      0.99343846      4.00000000    -10.00000000
    -48.46153846      0.00000000      0.00000000      0.00000000      0.00000000      0.00035095      7.05867785      0.00000934    149.80136342      0.10110031      1.97926340      0.99982859      0.67044712      0.48786558      0.48786558      0.54713866      0.99336876      4.00000000    -10.00000000
    -48.62876254      0.00000000      0.00000000      0.00000000      0.00000000      0.00033701      7.09971974      0.00000917    148.18408436      0.10339567      1.97948558      0.99982859      0.66985251      0.48794826      0.48794826      0.54691654      0.99329687      4.00000000    -10.00000000
    -48.79598662      0.00000000      0.00000000      0.00000000      0.00000000      0.00032362      7.14073878      0.00000901    146.55247291      0.10575835      1.97970293      0.99982859      0.66917468      0.48802982      0.48802982      0.54669664      0.99322275      4.00000000    -10.00000000
    -48.96321070      0.00000000      0.00000000      0.00000000      0.00000000      0.00031076      7.18173432      0.00000885    144.90767104      0.10819042      1.97991559      0.99982859      0.66853424      0.48811028      0.48811028      0.54647789      0.99314635      4.00000000    -10.00000000
    -49.13043478      0.00000000      0.00000000      0.00000000      0.00000000      0.00029841      7.22270566      0.00000869    143.25079345      0.11069406      1.98012372      0.99982859      0.66789788      0.48818967      0.48818967      0.54626178      0.99306763      4.00000000    -10.00000000
    -49.29765886      0.00000000      0.00000000      0.00000000      0.00000000      0.00028656      7.26365209      0.00000854    141.58294544      0.11327150      1.98032744      0.99982859      0.66726264      0.48826800      0.48826800      0.54604650      0.99298654      4.00000000    -10.00000000
    -49.46488294      0.00000000      0.00000000      0.00000000      0.00000000      0.00027518      7.30457287      0.00000840    139.90521966      0.11592504      1.98052689      0.99982859      0.66663158      0.48834529      0.48834529      0.54583343      0.99290303      4.00000000    -10.00000000
    -49.63210702      0.00000000      0.00000000      0.00000000      0.00000000      0.00026426      7.34546726      0.00000825    138.21869582      0.11865706      1.98072219      0.99982859      0.66600512      0.48842156      0.48842156      0.54562198      0.99281706      4.00000000    -10.00000000
    -49.79933110      0.00000000      0.00000000      0.00000000      0.00000000      0.00025377      7.38633449      0.00000811    136.52443521      0.12147001      1.98091347      0.99982859      0.66537691      0.48849683      0.48849683      0.54541149      0.99272856      4.00000000    -10.00000000
    -49.96655518      0.00000000      0.00000000      0.00000000      0.00000000      0.00024370      7.42717377      0.00000798    134.82348493      0.12436642      1.98110085      0.99982859      0.66475735      0.48857112      0.48857112      0.54520792      0.99263750      4.00000000    -10.00000000
    -50.13377926      0.00000000      0.00000000      0.00000000      0.00000000      0.00023403      7.46798429      0.00000784    133.11687379      0.12734890      1.98128444      0.99982859      0.66413543      0.48864444      0.48864444      0.54499599      0.99254382      4.00000000    -10.00000000
    -50.30100334      0.00000000      0.00000000      0.00000000      0.00000000      0.00022474      7.50876522      0.00000771    131.40561285      0.13042013      1.98146436      0.99982859      0.66352006      0.48871680      0.48871680      0.54484910      0.99244745      4.00000000    -10.00000000
    -50.46822742      0.00000000      0.00000000      0.00000000      0.00000000      0.00021583      7.54951569      0.00000759    129.69069470      0.13358290      1.98164070      0.99982859      0.66290516      0.48878824      0.48878824      0.54458626      0.99234835      4.00000000    -10.00000000
    -50.63545151      0.00000000      0.00000000      0.00000000      0.00000000      0.00020727      7.59023484      0.00000746    127.97309092      0.13684007      1.98181359      0.99982859      0.66229391      0.48885876      0.48885876      0.54438453      0.99224644      4.00000000    -10.00000000
    -50.80267559      0.00000000      0.00000000      0.00000000      0.00000000      0.00019905      7.63092176      0.00000734    126.25375382      0.14019458      1.98198310      0.99982859      0.66168831      0.48892838      0.48892838      0.54418366      0.99214169      4.00000000    -10.00000000
    -50.96989967      0.00000000      0.00000000      0.00000000      0.00000000      0.00019116      7.67157550      0.00000723    124.53362674      0.14364946      1.98214935      0.99982859      0.66108266      0.48899712      0.48899712      0.54398445      0.99203401      4.00000000    -10.00000000
    -51.13712375      0.00000000      0.00000000      0.00000000      0.00000000      0.00018359      7.71219516      0.00000711    122.81358040      0.14720791      1.98231242      0.99982859      0.66048011      0.48906498      0.48906498      0.54378672      0.99192334      4.00000000    -10.00000000
    -51.30434783      0.00000000      0.00000000      0.00000000      0.00000000      0.00017632      7.75277971      0.00000700    121.09454056      0.15087311      1.98247241      0.99982859      0.65982800      0.48913200      0.48913200      0.54359103      0.99180963      4.00000000    -10.00000000
    -51.47157191      0.00000000      0.00000000      0.00000000      0.00000000      0.00016933      7.79332817      0.00000689    119.37735850      0.15464841      1.98262940      0.99982859      0.65928695      0.48919817      0.48919817      0.54339579      0.99169279      4.00000000    -10.00000000
    -51.63879599      0.00000000      0.00000000      0.00000000      0.00000000      0.00016263      7.83383949      0.00000679    117.66287533      0.15853728      1.98278348      0.99982859      0.65869494      0.48926353      0.48926353      0.54320252      0.99157276      4.00000000    -10.00000000
    -51.80602007      0.00000000      0.00000000      0.00000000      0.00000000      0.00015619      7.87431262      0.00000668    115.95190885      0.16254324      1.98293472      0.99982859      0.65810555      0.48932807      0.48932807      0.54301079      0.99144948      4.00000000    -10.00000000
    -51.97324415      0.00000000      0.00000000      0.00000000      0.00000000      0.00015001      7.91474628      0.00000658    114.24494118      0.16667042      1.98308322      0.99982859      0.65751962      0.48939182      0.48939182      0.54282049      0.99132283      4.00000000    -10.00000000
    -52.14046823      0.00000000      0.00000000      0.00000000      0.00000000      0.00014407      7.95513991      0.00000648    112.54367708      0.17092125      1.98322903      0.99982859      0.65693610      0.48945478      0.48945478      0.54263163      0.99119282      4.00000000    -10.00000000
    -52.30769231      0.00000000      0.00000000      0.00000000      0.00000000      0.00013837      7.99549179      0.00000638    110.84792756      0.17530096      1.98337224      0.99982859      0.65635607      0.48951698      0.48951698      0.54244421      0.99105929      4.00000000    -10.00000000
    -52.47491639      0.00000000      0.00000000      0.00000000      0.00000000      0.00013290      8.03580092      0.00000629    109.15872448      0.17981313      1.98351293      0.99982859      0.65578014      0.48957843      0.48957843      0.54225822      0.99092219      4.00000000    -10.00000000
    -52.64214047      0.00000000      0.00000000      0.00000000      0.00000000      0.00012765      8.07606609      0.00000620    107.47676507      0.18446189      1.98365114      0.99982859      0.65520572      0.48963913      0.48963913      0.54207364      0.99078144      4.00000000    -10.00000000
    -52.80936455      0.00000000      0.00000000      0.00000000      0.00000000      0.00012260      8.11628604      0.00000611    105.80272102      0.18925151      1.98378696      0.99982859      0.65462852      0.48969911      0.48969911      0.54185458      0.99063694      4.00000000    -10.00000000
    -52.97658863      0.00000000      0.00000000      0.00000000      0.00000000      0.00011776      8.15645949      0.00000602    104.13723940      0.19418640      1.98392045      0.99982859      0.65406666      0.48975837      0.48975837      0.54170867      0.99048862      4.00000000    -10.00000000
    -53.14381271      0.00000000      0.00000000      0.00000000      0.00000000      0.00011310      8.19658512      0.00000593    102.48094245      0.19927109      1.98405167      0.99982859      0.65350163      0.48981693      0.48981693      0.54152828      0.99033638      4.00000000    -10.00000000
    -53.31103679      0.00000000      0.00000000      0.00000000      0.00000000      0.00010864      8.23666156      0.00000585    100.83442792      0.20451027      1.98418068      0.99982859      0.65294036      0.48987480      0.48987480      0.54134919      0.99018014      4.00000000    -10.00000000
    -53.47826087      0.00000000      0.00000000      0.00000000      0.00000000      0.00010435      8.27668741      0.00000576     99.19826880      0.20990874      1.98430754      0.99982859      0.65238179      0.48993199      0.48993199      0.54117157      0.99001979      4.00000000    -10.00000000
    -53.64548495      0.00000000      0.00000000      0.00000000      0.00000000      0.00010023      8.31666125      0.00000568     97.57301355      0.21547149      1.98443230      0.99982859      0.65182683      0.48998850      0.48998850      0.54099521      0.98985524      4.00000000    -10.00000000
    -53.81270903      0.00000000      0.00000000      0.00000000      0.00000000      0.00009628      8.35658163      0.00000561     95.95922347      0.22120356      1.98455502      0.99982859      0.65127366      0.49004437      0.49004437      0.54082055      0.98968639      4.00000000    -10.00000000
    -53.97993311      0.00000000      0.00000000      0.00000000      0.00000000      0.00009248      8.39644693      0.00000553     94.35728760      0.22711047      1.98467575      0.99982859      0.65072456      0.49009958      0.49009958      0.54064648      0.98951312      4.00000000    -10.00000000
    -54.14715719      0.00000000      0.00000000      0.00000000      0.00000000      0.00008883      8.43625567      0.00000545     92.76777701      0.23319747      1.98479455      0.99982859      0.65017809      0.49015416      0.49015416      0.54047410      0.98933536      4.00000000    -10.00000000
    -54.31438127      0.00000000      0.00000000      0.00000000      0.00000000      0.00008533      8.47600626      0.00000538     91.19115719      0.23947011      1.98491146      0.99982859      0.64922728      0.49020812      0.49020812      0.54030302      0.98915297      4.00000000    -10.00000000
    -54.48160535      0.00000000      0.00000000      0.00000000      0.00000000      0.00008197      8.51569700      0.00000531     89.62775642      0.24593446      1.98502653      0.99982859      0.64933718      0.49026146      0.49026146      0.54013312      0.98896585      4.00000000    -10.00000000
    -54.64882943      0.00000000      0.00000000      0.00000000      0.00000000      0.00007874      8.55532624      0.00000523     88.07814872      0.25259601      1.98513980      0.99982859      0.64944574      0.49031420      0.49031420      0.53996498      0.98877390      4.00000000    -10.00000000
    -54.81605351      0.00000000      0.00000000      0.00000000      0.00000000      0.00007564      8.59489221      0.00000517     86.54256620      0.25946131      1.98525133      0.99982859      0.64802274      0.49036635      0.49036635      0.53979816      0.98857699      4.00000000    -10.00000000
    -54.98327759      0.00000000      0.00000000      0.00000000      0.00000000      0.00007266      8.63439312      0.00000510     85.02141996      0.26653656      1.98536115      0.99982859      0.64749138      0.49041791      0.49041791      0.53963095      0.98837499      4.00000000    -10.00000000
    -55.15050167      0.00000000      0.00000000      0.00000000      0.00000000      0.00006980      8.67382714      0.00000503     83.51504911      0.27382828      1.98546931      0.99982859      0.64696317      0.49046892      0.49046892      0.53946682      0.98816779      4.00000000    -10.00000000
    -55.31772575      0.00000000      0.00000000      0.00000000      0.00000000      0.00006706      8.71319237      0.00000497     82.02377005      0.28134318      1.98557584      0.99982859      0.64643628      0.49051932      0.49051932      0.53930318      0.98795526      4.00000000    -10.00000000
    -55.48494983      0.00000000      0.00000000      0.00000000      0.00000000      0.00006442      8.75248687      0.00000490     80.54787961      0.28908818      1.98568080      0.99982859      0.64590120      0.49056919      0.49056919      0.53914090      0.98773727      4.00000000    -10.00000000
    -55.65217391      0.00000000      0.00000000      0.00000000      0.00000000      0.00006189      8.79170863      0.00000484     79.08765247      0.29707041      1.98578421      0.99982859      0.64539622      0.49061851      0.49061851      0.53879189      0.98751368      4.00000000    -10.00000000
    -55.81939799      0.00000000      0.00000000      0.00000000      0.00000000      0.00005946      8.83085565      0.00000478     77.64336744      0.30529713      1.98588611      0.99982859      0.64487675      0.49066731      0.49066731      0.53881701      0.98728437      4.00000000    -10.00000000
    -55.98662207      0.00000000      0.00000000      0.00000000      0.00000000      0.00005712      8.86992573      0.00000472     76.21521382      0.31377606      1.98598653      0.99982859      0.64436194      0.49071555      0.49071555      0.53884183      0.98704918      4.00000000    -10.00000000
    -56.15384615      0.00000000      0.00000000      0.00000000      0.00000000      0.00005488      8.90891670      0.00000466     74.80340040      0.32251504      1.98608553      0.99982859      0.64384545      0.49076328      0.49076328      0.53850342      0.98680798      4.00000000    -10.00000000
    -56.32107023      0.00000000      0.00000000      0.00000000      0.00000000      0.00005273      8.94782641      0.00000460     73.40817531      0.33152187      1.98618311      0.99982859      0.64334650      0.49081051      0.49081051      0.53834707      0.98656062      4.00000000    -10.00000000
    -56.48829431      0.00000000      0.00000000      0.00000000      0.00000000      0.00005066      8.98665252      0.00000454     72.02969421      0.34080491      1.98627933      0.99982859      0.64284223      0.49085724      0.49085724      0.53819285      0.98630694      4.00000000    -10.00000000
    -56.65551839      0.00000000      0.00000000      0.00000000      0.00000000      0.00004867      9.02539268      0.00000449     70.66811002      0.35037269      1.98637421      0.99982859      0.64234020      0.49090345      0.49090345      0.53804988      0.98604679      4.00000000    -10.00000000
    -56.82274247      0.00000000      0.00000000      0.00000000      0.00000000      0.00004676      9.06404447      0.00000443     69.32358098      0.36023390      1.98646778      0.99982859      0.64184010      0.49094919      0.49094919      0.53788475      0.98578002      4.00000000    -10.00000000
    -56.98996656      0.00000000      0.00000000      0.00000000      0.00000000      0.00004493      9.10260539      0.00000438     67.99621669      0.37039762      1.98656007      0.99982859      0.64134449      0.49099444      0.49099444      0.53773290      0.98550645      4.00000000    -10.00000000
    -57.15719064      0.00000000      0.00000000      0.00000000      0.00000000      0.00004317      9.14107289      0.00000433     66.68613105      0.38087313      1.98665111      0.99982859      0.64085110      0.49103923      0.49103923      0.53758216      0.98522592      4.00000000    -10.00000000
    -57.32441472      0.00000000      0.00000000      0.00000000      0.00000000      0.00004148      9.17944426      0.00000428     65.39343398      0.39166985      1.98674093      0.99982859      0.64036042      0.49108354      0.49108354      0.53743325      0.98493827      4.00000000    -10.00000000
    -57.49163880      0.00000000      0.00000000      0.00000000      0.00000000      0.00003986      9.21771701      0.00000423     64.11814670      0.40279799      1.98682955      0.99982859      0.63987258      0.49112741      0.49112741      0.53727487      0.98464330      4.00000000    -10.00000000
    -57.65886288      0.00000000      0.00000000      0.00000000      0.00000000      0.00003830      9.25588820      0.00000418     62.86040524      0.41426719      1.98691700      0.99982859      0.63938742      0.49117082      0.49117082      0.53713706      0.98434084      4.00000000    -10.00000000
    -57.82608696      0.00000000      0.00000000      0.00000000      0.00000000      0.00003680      9.29395496      0.00000413     61.62020245      0.42608821      1.98700332      0.99982859      0.63890547      0.49121379      0.49121379      0.53699028      0.98403071      4.00000000    -10.00000000
    -57.99331104      0.00000000      0.00000000      0.00000000      0.00000000      0.00003537      9.33191442      0.00000408     60.39760046      0.43827159      1.98708851      0.99982859      0.63826553      0.49125631      0.49125631      0.53684496      0.98371272      4.00000000    -10.00000000
    -58.16053512      0.00000000      0.00000000      0.00000000      0.00000000      0.00003398      9.36976355      0.00000403     59.19261221      0.45082840      1.98717261      0.99982859      0.63794873      0.49129842      0.49129842      0.53670111      0.98338667      4.00000000    -10.00000000
    -58.32775920      0.00000000      0.00000000      0.00000000      0.00000000      0.00003266      9.40749926      0.00000399     58.00524390      0.46376998      1.98725564      0.99982859      0.63747470      0.49134009      0.49134009      0.53655721      0.98305235      4.00000000    -10.00000000
    -58.49498328      0.00000000      0.00000000      0.00000000      0.00000000      0.00003138      9.44511837      0.00000394     56.83549183      0.47710800      1.98733762      0.99982859      0.63700332      0.49138135      0.49138135      0.53641501      0.98270958      4.00000000    -10.00000000
    -58.66220736      0.00000000      0.00000000      0.00000000      0.00000000      0.00003016      9.48261765      0.00000390     55.68334955      0.49085434      1.98741858      0.99982859      0.63653194      0.49142220      0.49142220      0.53627382      0.98235814      4.00000000    -10.00000000
    -58.82943144      0.00000000      0.00000000      0.00000000      0.00000000      0.00002898      9.51999359      0.00000385     54.54868776      0.50502225      1.98749853      0.99982859      0.63606953      0.49146264      0.49146264      0.53613354      0.98199777      4.00000000    -10.00000000
    -58.99665552      0.00000000      0.00000000      0.00000000      0.00000000      0.00002785      9.55724300      0.00000381     53.43170383      0.51962226      1.98757750      0.99982859      0.63560588      0.49150269      0.49150269      0.53599450      0.98162835      4.00000000    -10.00000000
    -59.16387960      0.00000000      0.00000000      0.00000000      0.00000000      0.00002677      9.59436216      0.00000377     52.33213310      0.53466935      1.98765551      0.99982859      0.63514465      0.49154234      0.49154234      0.53585696      0.98124958      4.00000000    -10.00000000
    -59.33110368      0.00000000      0.00000000      0.00000000      0.00000000      0.00002573      9.63134747      0.00000373     51.24998213      0.55017632      1.98773257      0.99982859      0.63468791      0.49158161      0.49158161      0.53572354      0.98086124      4.00000000    -10.00000000
    -59.49832776      0.00000000      0.00000000      0.00000000      0.00000000      0.00002473      9.66819522      0.00000368     50.18518292      0.56615692      1.98780870      0.99982859      0.63423363      0.49162050      0.49162050      0.53558291      0.98046310      4.00000000    -10.00000000
    -59.66555184      0.00000000      0.00000000      0.00000000      0.00000000      0.00002377      9.70490155      0.00000364     49.13765589      0.58262530      1.98788394      0.99982859      0.63377819      0.49165901      0.49165901      0.53544753      0.98005491      4.00000000    -10.00000000
    -59.83277592      0.00000000      0.00000000      0.00000000      0.00000000      0.00002284      9.74146255      0.00000360     48.10731338      0.59959601      1.98795828      0.99982859      0.63332811      0.49169715      0.49169715      0.53531316      0.97963643      4.00000000    -10.00000000
    -60.00000000      0.00000000      0.00000000      0.00000000      0.00000000      0.00002196      9.77787413      0.00000357     47.09406222      0.61708394      1.98803175      0.99982859      0.63288067      0.49173493      0.49173493      0.53518057      0.97920741      4.00000000    -10.00000000
