    -10.00000000     -0.00000000     -0.00000000      0.00000000      0.00000000      0.03511244      0.00000097      0.00934279      0.00000000      0.53919480      0.00000000      0.99985735      0.50001341      0.50001692      0.50001692      0.49999812      0.00000000      7.50000000    -10.00000000
     -9.73244147     -0.00000000     -0.00000000      0.00000000      0.00000000      0.03500073      0.00090289      0.00932577      0.00000046      0.53993045      0.00000000      0.99985735      0.49971193      0.50006847      0.50006847      0.50008828      0.00000046      7.50000000    -10.00000000
     -9.46488294     -0.00000000     -0.00000000      0.00000000      0.00000000      0.03502359      0.00175270      0.00930918      0.00000173      0.53861832      0.00000000      0.99985735      0.50082625      0.50013710      0.50013710      0.50007146      0.00000173      7.50000000    -10.00000000
     -9.19732441     -0.00000000     -0.00000000      0.00000000      0.00000000      0.03505649      0.00248826      0.00928164      0.00000351      0.53652045      0.00000000      0.99985735      0.49954932      0.50020700      0.50020700      0.49979474      0.00000351      7.50000000    -10.00000000
     -8.92976589     -0.00000000     -0.00000000      0.00000000      0.00000000      0.03509771      0.00305114      0.00924322      0.00000530      0.53367255      0.00000000      0.99985735      0.49869491      0.50027908      0.50027908      0.49957625      0.00000530      7.50000000    -10.00000000
     -8.66220736     -0.00000000     -0.00000000      0.00000000      0.00000000      0.03514763      0.00338013      0.00919408      0.00000655      0.53008161      0.00000000      0.99985735      0.49800247      0.50035307      0.50035307      0.49937766      0.00000655      7.50000000    -10.00000000
     -8.39464883     -0.00000000     -0.00000000      0.00000000      0.00000000      0.03520648      0.00341387      0.00913441      0.00000674      0.52576073      0.00000000      0.99985735      0.49738577      0.50043272      0.50043272      0.49919620      0.00000674      7.50000000    -10.00000000
     -8.12709030     -0.00000000     -0.00000000      0.00000000      0.00000000      0.03527422      0.00309347      0.00906444      0.00000559      0.52073155      0.00000000      0.99985735      0.49672424      0.50051045      0.50051045      0.49909254      0.00000559      7.50000000    -10.00000000
     -7.85953177     -0.00000000     -0.00000000      0.00000000      0.00000000      0.03535064      0.00236413      0.00898448      0.00000330      0.51502235      0.00000000      0.99985735      0.49612045      0.50059114      0.50059114      0.49883413      0.00000330      7.50000000    -10.00000000
     -7.59197324     -0.00000000     -0.00000000      0.00000000      0.00000000      0.03543547      0.00117547      0.00889490      0.00000083      0.50866654      0.00000000      0.99985735      0.49542534      0.50067591      0.50067591      0.49866341      0.00000083      7.50000000    -10.00000000
     -7.32441472     -0.00000000     -0.00000000      0.00000000      0.00000000      0.03552835     -0.00051882      0.00879610      0.00000016      0.50170158      0.00000000      0.99985735      0.49457154      0.50076734      0.50076734      0.49848236      0.00000016      7.50000000    -10.00000000
     -7.05685619     -0.00000000     -0.00000000      0.00000000      0.00000000      0.03562888     -0.00276145      0.00868854      0.00000469      0.49416816      0.00000000      0.99985735      0.49374664      0.50086149      0.50086149      0.49830741      0.00000469      7.50000000    -10.00000000
     -6.78929766     -0.00000000     -0.00000000      0.00000000      0.00000000      0.03573659     -0.00559183      0.00857269      0.00001955      0.48610941      0.00000000      0.99985735      0.49348088      0.50096167      0.50096167      0.49808850      0.00001955      7.50000000    -10.00000000
     -6.52173913     -0.00000000     -0.00000000      0.00000000      0.00000000      0.03585147     -0.00905894      0.00844911      0.00005223      0.47756719      0.00000000      0.99985735      0.49308522      0.50106267      0.50106267      0.49798009      0.00005223      7.50000000    -10.00000000
     -6.25418060     -0.00000000     -0.00000000      0.00000000      0.00000000      0.03597142     -0.01315651      0.00831815      0.00011228      0.46859708      0.00000000      0.99985735      0.49279855      0.50118024      0.50118024      0.49773508      0.00011227      7.50000000    -10.00000000
     -5.98662207     -0.00000000     -0.00000000      0.00000000      0.00000000      0.03609737     -0.01795313      0.00818053      0.00021334      0.45923646      0.00000000      0.99985735      0.49235992      0.50129940      0.50129940      0.49752487      0.00021329      7.50000000    -10.00000000
     -5.71906355     -0.00000000     -0.00000000      0.00000000      0.00000000      0.03622813     -0.02346139      0.00803674      0.00037219      0.44953550      0.00000000      0.99985735      0.49191951      0.50142447      0.50142447      0.49729127      0.00037205      7.50000000    -10.00000000
     -5.45150502     -0.00000000     -0.00000000      0.00000000      0.00000000      0.03636303     -0.02970360      0.00788731      0.00061016      0.43954086      0.00000000      0.99985735      0.49141548      0.50155575      0.50155575      0.49699485      0.00060978      7.50000000    -10.00000000
     -5.18394649     -0.00000000     -0.00000000      0.00000000      0.00000000      0.03650133     -0.03669852      0.00773282      0.00095358      0.42929846      0.00000000      0.99985735      0.49111633      0.50169442      0.50169442      0.49680513      0.00095268      7.50000000    -10.00000000
     -4.91638796     -0.00000000     -0.00000000      0.00000000      0.00000000      0.03664231     -0.04446146      0.00757381      0.00143459      0.41885308      0.00000000      0.99985735      0.49032173      0.50184052      0.50184052      0.49668202      0.00143253      7.50000000    -10.00000000
     -4.64882943     -0.00000000     -0.00000000      0.00000000      0.00000000      0.03678520     -0.05300430      0.00741083      0.00209180      0.40824802      0.00000000      0.99985735      0.48972966      0.50199473      0.50199473      0.49654348      0.00208743      7.50000000    -10.00000000
     -4.38127090     -0.00000000     -0.00000000      0.00000000      0.00000000      0.03692921     -0.06233566      0.00724443      0.00297119      0.39752484      0.00000000      0.99985735      0.48911080      0.50215599      0.50215599      0.49639167      0.00296239      7.50000000    -10.00000000
     -4.11371237     -0.00000000     -0.00000000      0.00000000      0.00000000      0.03707356     -0.07246099      0.00707513      0.00412696      0.38672312      0.00000000      0.99985735      0.48846378      0.50232491      0.50232491      0.49622651      0.00410999      7.50000000    -10.00000000
     -3.84615385     -0.00000000     -0.00000000      0.00000000      0.00000000      0.03721743     -0.08338274      0.00690344      0.00562243      0.37588031      0.00000000      0.99985735      0.48779132      0.50250282      0.50250282      0.49605058      0.00559100      7.50000000    -10.00000000
     -3.57859532     -0.00000000     -0.00000000      0.00000000      0.00000000      0.03736002     -0.09510053      0.00672988      0.00753107      0.36503163      0.00000000      0.99985735      0.48708331      0.50268742      0.50268742      0.49586365      0.00747478      7.50000000    -10.00000000
     -3.31103679     -0.00000000     -0.00000000      0.00000000      0.00000000      0.03750048     -0.10761133      0.00655492      0.00993749      0.35420997      0.00000000      0.99985735      0.48637464      0.50288087      0.50288087      0.49566672      0.00983971      7.50000000    -10.00000000
     -3.04347826     -0.00000000     -0.00000000      0.00000000      0.00000000      0.03763796     -0.12090968      0.00637902      0.01293854      0.34344582      0.00000000      0.99985735      0.48563343      0.50308459      0.50308459      0.49546055      0.01277328      7.50000000    -10.00000000
     -2.77591973     -0.00000000     -0.00000000      0.00000000      0.00000000      0.03777160     -0.13498788      0.00620263      0.01664449      0.33276728      0.00000000      0.99985735      0.48487434      0.50329447      0.50329447      0.49524613      0.01637199      7.50000000    -10.00000000
     -2.50836120     -0.00000000     -0.00000000      0.00000000      0.00000000      0.03790053     -0.14983625      0.00602616      0.02118019      0.32219997      0.00000000      0.99985735      0.48410023      0.50351275      0.50351275      0.49502284      0.02074089      7.50000000    -10.00000000
     -2.24080268     -0.00000000     -0.00000000      0.00000000      0.00000000      0.03802389     -0.16544330      0.00585001      0.02668638      0.31176709      0.00000000      0.99985735      0.48332589      0.50373809      0.50373809      0.49479195      0.02599272      7.50000000    -10.00000000
     -1.97324415     -0.00000000     -0.00000000      0.00000000      0.00000000      0.03814079     -0.18179594      0.00567455      0.03332099      0.30148938      0.00000000      0.99985735      0.48256452      0.50397183      0.50397183      0.49455427      0.03224650      7.50000000    -10.00000000
     -1.70568562     -0.00000000     -0.00000000      0.00000000      0.00000000      0.03825038     -0.19887973      0.00550013      0.04126055      0.29138522      0.00000000      0.99985735      0.48159597      0.50421469      0.50421469      0.49430974      0.03962558      7.50000000    -10.00000000
     -1.43812709     -0.00000000     -0.00000000      0.00000000      0.00000000      0.03835181     -0.21667899      0.00532707      0.05070164      0.28147066      0.00000000      0.99985735      0.48068914      0.50446254      0.50446254      0.49405995      0.04825503      7.50000000    -10.00000000
     -1.17056856     -0.00000000     -0.00000000      0.00000000      0.00000000      0.03844426     -0.23517706      0.00515568      0.06186238      0.27175951      0.00000000      0.99985735      0.47973609      0.50471923      0.50471923      0.49380395      0.05825838      7.50000000    -10.00000000
     -0.90301003     -0.00000000     -0.00000000      0.00000000      0.00000000      0.03852693     -0.25435640      0.00498623      0.07498407      0.26226350      0.00000000      0.99985735      0.47876794      0.50499527      0.50499527      0.49354696      0.06975366      7.50000000    -10.00000000
     -0.63545151     -0.00000000     -0.00000000      0.00000000      0.00000000      0.03859904     -0.27419881      0.00481896      0.09033276      0.25299233      0.00000000      0.99985735      0.47778404      0.50525074      0.50525074      0.49327888      0.08284880      7.50000000    -10.00000000
     -0.36789298     -0.00000000     -0.00000000      0.00000000      0.00000000      0.03865986     -0.29468549      0.00465412      0.10820101      0.24395387      0.00000000      0.99985735      0.47678430      0.50552664      0.50552664      0.49301207      0.09763663      7.50000000    -10.00000000
     -0.10033445     -0.00000000     -0.00000000      0.00000000      0.00000000      0.03870868     -0.31579725      0.00449191      0.12890964      0.23515423      0.00000000      0.99985735      0.47575985      0.50580771      0.50580771      0.49274532      0.11418951      7.50000000    -10.00000000
      0.16722408     -0.00000000     -0.00000000      0.00000000      0.00000000      0.03874484     -0.33751455      0.00433251      0.15280956      0.22659795      0.00000000      0.99985735      0.47473491      0.50609600      0.50609600      0.49247997      0.13255404      7.50000000    -10.00000000
      0.43478261     -0.00000000     -0.00000000      0.00000000      0.00000000      0.03876772     -0.35981762      0.00417609      0.18028361      0.21828812      0.00000000      0.99985735      0.47369583      0.50638847      0.50638847      0.49216617      0.15274601      7.50000000    -10.00000000
      0.70234114     -0.00000000     -0.00000000      0.00000000      0.00000000      0.03877674     -0.38268654      0.00402280      0.21174853      0.21022652      0.00000000      0.99985735      0.47264099      0.50668476      0.50668476      0.49183904      0.17474626      7.50000000    -10.00000000
      0.96989967     -0.00000000     -0.00000000      0.00000000      0.00000000      0.03877137     -0.40610126      0.00387276      0.24765679      0.20241372      0.00000000      0.99985735      0.47156275      0.50698745      0.50698745      0.49154625      0.19849753      7.50000000    -10.00000000
      1.23745819     -0.00000000     -0.00000000      0.00000000      0.00000000      0.03875115     -0.43004162      0.00372609      0.28849859      0.19484928      0.00000000      0.99985735      0.47043359      0.50729266      0.50729266      0.49123332      0.22390291      7.50000000    -10.00000000
      1.50501672     -0.00000000     -0.00000000      0.00000000      0.00000000      0.03871568     -0.45448738      0.00358287      0.33480363      0.18753184      0.00000000      0.99985735      0.46938222      0.50760190      0.50760190      0.49092280      0.25082613      7.50000000    -10.00000000
      1.77257525     -0.00000000     -0.00000000      0.00000000      0.00000000      0.03866460     -0.47941818      0.00344320      0.38714291      0.18045927      0.00000000      0.99985735      0.46826724      0.50791412      0.50791412      0.49058791      0.27909375      7.50000000    -10.00000000
      2.04013378     -0.00000000     -0.00000000      0.00000000      0.00000000      0.03859764     -0.50481360      0.00330714      0.44613040      0.17362881      0.00000000      0.99985735      0.46715944      0.50822713      0.50822713      0.49026436      0.30849943      7.50000000    -10.00000000
      2.30769231     -0.00000000     -0.00000000      0.00000000      0.00000000      0.03851456     -0.53065330      0.00317474      0.51242464      0.16703722      0.00000000      0.99985735      0.46603116      0.50854341      0.50854341      0.48993013      0.33881003      7.50000000    -10.00000000
      2.57525084     -0.00000000     -0.00000000      0.00000000      0.00000000      0.03841519     -0.55691733      0.00304605      0.58673069      0.16068087      0.00000000      0.99985735      0.46490824      0.50886064      0.50886064      0.48949557      0.36977333      7.50000000    -10.00000000
      2.84280936     -0.00000000     -0.00000000      0.00000000      0.00000000      0.03829935     -0.58358671      0.00292110      0.66980276      0.15455582      0.00000000      0.99985735      0.46374514      0.50917793      0.50917793      0.48927700      0.40112687      7.50000000    -10.00000000
      3.11036789     -0.00000000     -0.00000000      0.00000000      0.00000000      0.03816683     -0.61064420      0.00279991      0.76244795      0.14865783      0.00000000      0.99985735      0.46260008      0.50949664      0.50949664      0.48891926      0.43260736      7.50000000    -10.00000000
      3.37792642     -0.00000000     -0.00000000      0.00000000      0.00000000      0.03801742     -0.63807473      0.00268247      0.86553104      0.14298219      0.00000000      0.99985735      0.46147131      0.50981448      0.50981448      0.48861347      0.46395960      7.50000000    -10.00000000
      3.64548495     -0.00000000     -0.00000000      0.00000000      0.00000000      0.03785090     -0.66586525      0.00256876      0.97997922      0.13752364      0.00000000      0.99985735      0.46032057      0.51013147      0.51013147      0.48828201      0.49494419      7.50000000    -10.00000000
      3.91304348     -0.00000000     -0.00000000      0.00000000      0.00000000      0.03766710     -0.69400382      0.00245875      1.10678514      0.13227626      0.00000000      0.99985735      0.45916711      0.51044720      0.51044720      0.48795003      0.52534315      7.50000000    -10.00000000
      4.18060201     -0.00000000     -0.00000000      0.00000000      0.00000000      0.03746598     -0.72247847      0.00235239      1.24700841      0.12723364      0.00000000      0.99985735      0.45802120      0.51076115      0.51076115      0.48761946      0.55496384      7.50000000    -10.00000000
      4.44816054     -0.00000000     -0.00000000      0.00000000      0.00000000      0.03724762     -0.75127671      0.00224963      1.40177649      0.12238906      0.00000000      0.99985735      0.45687302      0.51107252      0.51107252      0.48728987      0.58364152      7.50000000    -10.00000000
      4.71571906     -0.00000000     -0.00000000      0.00000000      0.00000000      0.03701220     -0.78038547      0.00215042      1.57228651      0.11773570      0.00000000      0.99985735      0.45572854      0.51138353      0.51138353      0.48696153      0.61124082      7.50000000    -10.00000000
      4.98327759     -0.00000000     -0.00000000      0.00000000      0.00000000      0.03676000     -0.80979150      0.00205470      1.75980784      0.11326682      0.00000000      0.99985735      0.45458262      0.51168611      0.51168611      0.48663564      0.63765593      7.50000000    -10.00000000
      5.25083612     -0.00000000     -0.00000000      0.00000000      0.00000000      0.03649133     -0.83948163      0.00196241      1.96568509      0.10897577      0.00000000      0.99985735      0.45343967      0.51198459      0.51198459      0.48629154      0.66280978      7.50000000    -10.00000000
      5.51839465     -0.00000000     -0.00000000      0.00000000      0.00000000      0.03620657     -0.86944298      0.00187349      2.19134093      0.10485612      0.00000000      0.99985735      0.45229586      0.51227671      0.51227671      0.48599040      0.68665209      7.50000000    -10.00000000
      5.78595318     -0.00000000     -0.00000000      0.00000000      0.00000000      0.03590612     -0.89966306      0.00178787      2.43827898      0.10090156      0.00000000      0.99985735      0.45115006      0.51256996      0.51256996      0.48567964      0.70915682      7.50000000    -10.00000000
      6.05351171     -0.00000000     -0.00000000      0.00000000      0.00000000      0.03559041     -0.93012984      0.00170549      2.70808645      0.09710602      0.00000000      0.99985735      0.45002942      0.51285459      0.51285459      0.48535713      0.73031912      7.50000000    -10.00000000
      6.32107023     -0.00000000     -0.00000000      0.00000000      0.00000000      0.03525992     -0.96083174      0.00162627      3.00243700      0.09346355      0.00000000      0.99985735      0.44898399      0.51313351      0.51313351      0.48504824      0.75015222      7.50000000    -10.00000000
      6.58862876     -0.00000000     -0.00000000      0.00000000      0.00000000      0.03491515     -0.99175770      0.00155015      3.32309355      0.08996842      0.00000000      0.99985735      0.44787492      0.51340636      0.51340636      0.48474234      0.76868416      7.50000000    -10.00000000
      6.85618729     -0.00000000     -0.00000000      0.00000000      0.00000000      0.03455664     -1.02289712      0.00147705      3.67191102      0.08661503      0.00000000      0.99985735      0.44683877      0.51367256      0.51367256      0.48443372      0.78595483      7.50000000    -10.00000000
      7.12374582     -0.00000000     -0.00000000      0.00000000      0.00000000      0.03418494     -1.05423991      0.00140689      4.05083915      0.08339796      0.00000000      0.99985735      0.44579227      0.51393187      0.51393187      0.48414313      0.80201310      7.50000000    -10.00000000
      7.39130435     -0.00000000     -0.00000000      0.00000000      0.00000000      0.03380063     -1.08577644      0.00133960      4.46192506      0.08031193      0.00000000      0.99985735      0.44475286      0.51418395      0.51418395      0.48385016      0.81691437      7.50000000    -10.00000000
      7.65886288     -0.00000000     -0.00000000      0.00000000      0.00000000      0.03340433     -1.11749757      0.00127510      4.90731578      0.07735184      0.00000000      0.99985735      0.44373050      0.51442661      0.51442661      0.48356313      0.83071838      7.50000000    -10.00000000
      7.92642140     -0.00000000     -0.00000000      0.00000000      0.00000000      0.03299664     -1.14939454      0.00121331      5.38926051      0.07451275      0.00000000      0.99985735      0.44272370      0.51466493      0.51466493      0.48328428      0.84348736      7.50000000    -10.00000000
      8.19397993     -0.00000000     -0.00000000      0.00000000      0.00000000      0.03257822     -1.18145907      0.00115414      5.91011276      0.07178986      0.00000000      0.99985735      0.44173418      0.51489343      0.51489343      0.48301240      0.85528456      7.50000000    -10.00000000
      8.46153846     -0.00000000     -0.00000000      0.00000000      0.00000000      0.03214972     -1.21368326      0.00109753      6.47233212      0.06917855      0.00000000      0.99985735      0.44075770      0.51511482      0.51511482      0.48274126      0.86617297      7.50000000    -10.00000000
      8.72909699     -0.00000000     -0.00000000      0.00000000      0.00000000      0.03171181     -1.24605958      0.00104340      7.07848593      0.06667434      0.00000000      0.99985735      0.43980650      0.51532521      0.51532521      0.48248128      0.87621443      7.50000000    -10.00000000
      8.99665552     -0.00000000     -0.00000000      0.00000000      0.00000000      0.03126516     -1.27858089      0.00099165      7.73125048      0.06427294      0.00000000      0.99985735      0.43918174      0.51552681      0.51552681      0.48222346      0.88546887      7.50000000    -10.00000000
      9.26421405     -0.00000000     -0.00000000      0.00000000      0.00000000      0.03081046     -1.31124039      0.00094222      8.43341195      0.06197019      0.00000000      0.99985735      0.43795757      0.51571958      0.51571958      0.48197559      0.89399382      7.50000000    -10.00000000
      9.53177258     -0.00000000     -0.00000000      0.00000000      0.00000000      0.03034839     -1.34403163      0.00089502      9.18786707      0.05976209      0.00000000      0.99985735      0.43701247      0.51590333      0.51590333      0.48173347      0.90184403      7.50000000    -10.00000000
      9.79933110     -0.00000000     -0.00000000      0.00000000      0.00000000      0.02987965     -1.37694847      0.00084997      9.99762298      0.05764480      0.00000000      0.99985735      0.43619205      0.51607782      0.51607782      0.48152572      0.90907126      7.50000000    -10.00000000
     10.06688963     -0.00000000     -0.00000000      0.00000000      0.00000000      0.02940491     -1.40998508      0.00080701     10.86579722      0.05561462      0.00000000      0.99985735      0.43534474      0.51624314      0.51624314      0.48127175      0.91572416      7.50000000    -10.00000000
     10.33444816     -0.00000000     -0.00000000      0.00000000      0.00000000      0.02892487     -1.44313592      0.00076605     11.79561702      0.05366799      0.00000000      0.99985735      0.43451969      0.51639915      0.51639915      0.48105187      0.92184824      7.50000000    -10.00000000
     10.60200669     -0.00000000     -0.00000000      0.00000000      0.00000000      0.02844019     -1.47639575      0.00072702     12.79041644      0.05180151      0.00000000      0.99985735      0.43382103      0.51654579      0.51654579      0.48083961      0.92748587      7.50000000    -10.00000000
     10.86956522     -0.00000000     -0.00000000      0.00000000      0.00000000      0.02795156     -1.50975956      0.00068984     13.85363796      0.05001189      0.00000000      0.99985735      0.43289859      0.51668311      0.51668311      0.48063516      0.93267643      7.50000000    -10.00000000
     11.13712375     -0.00000000     -0.00000000      0.00000000      0.00000000      0.02745962     -1.54322263      0.00065445     14.98882572      0.04829599      0.00000000      0.99985735      0.43217972      0.51680974      0.51680974      0.48048553      0.93745632      7.50000000    -10.00000000
     11.40468227     -0.00000000     -0.00000000      0.00000000      0.00000000      0.02696503     -1.57678047      0.00062077     16.19962558      0.04665079      0.00000000      0.99985735      0.43144875      0.51693037      0.51693037      0.48024823      0.94185920      7.50000000    -10.00000000
     11.67224080     -0.00000000     -0.00000000      0.00000000      0.00000000      0.02646842     -1.61042883      0.00058873     17.48978019      0.04507339      0.00000000      0.99985735      0.43074220      0.51703908      0.51703908      0.48006600      0.94591607      7.50000000    -10.00000000
     11.93979933     -0.00000000     -0.00000000      0.00000000      0.00000000      0.02597040     -1.64416366      0.00055827     18.86312548      0.04356101      0.00000000      0.99985735      0.43005997      0.51713929      0.51713929      0.47989266      0.94965546      7.50000000    -10.00000000
     12.20735786     -0.00000000     -0.00000000      0.00000000      0.00000000      0.02547158     -1.67798114      0.00052932     20.32358436      0.04211098      0.00000000      0.99985735      0.42940232      0.51723036      0.51723036      0.47972649      0.95310357      7.50000000    -10.00000000
     12.47491639     -0.00000000     -0.00000000      0.00000000      0.00000000      0.02497255     -1.71187764      0.00050182     21.87516491      0.04072074      0.00000000      0.99985735      0.42877683      0.51731243      0.51731243      0.47956829      0.95628447      7.50000000    -10.00000000
     12.74247492     -0.00000000     -0.00000000      0.00000000      0.00000000      0.02447386     -1.74584973      0.00047570     23.52194654      0.03938782      0.00000000      0.99985735      0.42816115      0.51738543      0.51738543      0.47941686      0.95922020      7.50000000    -10.00000000
     13.01003344     -0.00000000     -0.00000000      0.00000000      0.00000000      0.02397607     -1.77989415      0.00045091     25.26808342      0.03810988      0.00000000      0.99985735      0.42757808      0.51745016      0.51745016      0.47927441      0.96193099      7.50000000    -10.00000000
     13.27759197     -0.00000000     -0.00000000      0.00000000      0.00000000      0.02347969     -1.81400782      0.00042737     27.11779388      0.03688463      0.00000000      0.99985735      0.42698758      0.51750608      0.51750608      0.47913881      0.96443533      7.50000000    -10.00000000
     13.54515050     -0.00000000     -0.00000000      0.00000000      0.00000000      0.02298523     -1.84818781      0.00040505     29.07534929      0.03570991      0.00000000      0.99985735      0.42648640      0.51755357      0.51755357      0.47901116      0.96675018      7.50000000    -10.00000000
     13.81270903     -0.00000000     -0.00000000      0.00000000      0.00000000      0.02249317     -1.88243136      0.00038388     31.14507532      0.03458362      0.00000000      0.99985735      0.42597740      0.51759283      0.51759283      0.47889019      0.96889104      7.50000000    -10.00000000
     14.08026756     -0.00000000     -0.00000000      0.00000000      0.00000000      0.02200396     -1.91673585      0.00036380     33.33133265      0.03350375      0.00000000      0.99985735      0.42549304      0.51762401      0.51762401      0.47877818      0.97087209      7.50000000    -10.00000000
     14.34782609     -0.00000000     -0.00000000      0.00000000      0.00000000      0.02151804     -1.95109878      0.00034477     35.63851979      0.03246836      0.00000000      0.99985735      0.42503353      0.51764752      0.51764752      0.47867698      0.97270632      7.50000000    -10.00000000
     14.61538462     -0.00000000     -0.00000000      0.00000000      0.00000000      0.02103582     -1.98551780      0.00032674     38.07105802      0.03147561      0.00000000      0.99985735      0.42459809      0.51766310      0.51766310      0.47857527      0.97440561      7.50000000    -10.00000000
     14.88294314     -0.00000000     -0.00000000      0.00000000      0.00000000      0.02055769     -2.01999068      0.00030966     40.63338596      0.03052370      0.00000000      0.99985735      0.42419035      0.51767137      0.51767137      0.47848341      0.97598081      7.50000000    -10.00000000
     15.15050167     -0.00000000     -0.00000000      0.00000000      0.00000000      0.02008401     -2.05451529      0.00029348     43.32994766      0.02961093      0.00000000      0.99985735      0.42379442      0.51767243      0.51767243      0.47839915      0.97744189      7.50000000    -10.00000000
     15.41806020     -0.00000000     -0.00000000      0.00000000      0.00000000      0.01961512     -2.08908960      0.00027815     46.16518813      0.02873565      0.00000000      0.99985735      0.42343064      0.51766649      0.51766649      0.47832172      0.97879792      7.50000000    -10.00000000
     15.68561873     -0.00000000     -0.00000000      0.00000000      0.00000000      0.01915134     -2.12371168      0.00026364     49.14346996      0.02789631      0.00000000      0.99985735      0.42308917      0.51765401      0.51765401      0.47824876      0.98005722      7.50000000    -10.00000000
     15.95317726     -0.00000000     -0.00000000      0.00000000      0.00000000      0.01869296     -2.15837978      0.00024991     52.26940437      0.02709129      0.00000000      0.99985735      0.42275568      0.51763455      0.51763455      0.47818723      0.98122750      7.50000000    -10.00000000
     16.22073579     -0.00000000     -0.00000000      0.00000000      0.00000000      0.01824026     -2.19309206      0.00023690     55.54716576      0.02631924      0.00000000      0.99985735      0.42246893      0.51760902      0.51760902      0.47822136      0.98231565      7.50000000    -10.00000000
     16.48829431     -0.00000000     -0.00000000      0.00000000      0.00000000      0.01779348     -2.22784688      0.00022460     58.98112295      0.02557874      0.00000000      0.99985735      0.42219728      0.51757743      0.51757743      0.47807879      0.98332809      7.50000000    -10.00000000
     16.75585284     -0.00000000     -0.00000000      0.00000000      0.00000000      0.01735286     -2.26264268      0.00021296     62.57563698      0.02486842      0.00000000      0.99985735      0.42194384      0.51754000      0.51754000      0.47803378      0.98427070      7.50000000    -10.00000000
     17.02341137     -0.00000000     -0.00000000      0.00000000      0.00000000      0.01691860     -2.29747792      0.00020194     66.33482503      0.02418703      0.00000000      0.99985735      0.42171158      0.51749701      0.51749701      0.47799524      0.98514884      7.50000000    -10.00000000
     17.29096990     -0.00000000     -0.00000000      0.00000000      0.00000000      0.01649089     -2.33235112      0.00019151     70.26281907      0.02353335      0.00000000      0.99985735      0.42149925      0.51744866      0.51744866      0.47796243      0.98596744      7.50000000    -10.00000000
     17.55852843     -0.00000000     -0.00000000      0.00000000      0.00000000      0.01606990     -2.36726091      0.00018165     74.36367834      0.02290619      0.00000000      0.99985735      0.42130865      0.51739521      0.51739521      0.47793530      0.98673101      7.50000000    -10.00000000
     17.82608696     -0.00000000     -0.00000000      0.00000000      0.00000000      0.01565578     -2.40220598      0.00017232     78.64148878      0.02230439      0.00000000      0.99985735      0.42113587      0.51733686      0.51733686      0.47791389      0.98744373      7.50000000    -10.00000000
     18.09364548     -0.00000000     -0.00000000      0.00000000      0.00000000      0.01524864     -2.43718495      0.00016349     83.09963499      0.02172698      0.00000000      0.99985735      0.42098341      0.51727391      0.51727391      0.47789786      0.98810934      7.50000000    -10.00000000
     18.36120401     -0.00000000     -0.00000000      0.00000000      0.00000000      0.01484861     -2.47219663      0.00015514     87.74194149      0.02117290      0.00000000      0.99985735      0.42085014      0.51720652      0.51720652      0.47788717      0.98873137      7.50000000    -10.00000000
     18.62876254     -0.00000000     -0.00000000      0.00000000      0.00000000      0.01445579     -2.50723983      0.00014725     92.57190112      0.02064116      0.00000000      0.99985735      0.42080629      0.51713498      0.51713498      0.47788170      0.98931303      7.50000000    -10.00000000
     18.89632107     -0.00000000     -0.00000000      0.00000000      0.00000000      0.01407023     -2.54231340      0.00013978     97.59280758      0.02013084      0.00000000      0.99985735      0.42063839      0.51705952      0.51705952      0.47788094      0.98985727      7.50000000    -10.00000000
     19.16387960     -0.00000000     -0.00000000      0.00000000      0.00000000      0.01369202     -2.57741624      0.00013271    102.80774388      0.01964105      0.00000000      0.99985735      0.42055952      0.51698034      0.51698034      0.47788527      0.99036681      7.50000000    -10.00000000
     19.43143813     -0.00000000     -0.00000000      0.00000000      0.00000000      0.01332120     -2.61254727      0.00012603    108.21960228      0.01917096      0.00000000      0.99985735      0.42047761      0.51689771      0.51689771      0.47789393      0.99084413      7.50000000    -10.00000000
     19.69899666     -0.00000000     -0.00000000      0.00000000      0.00000000      0.01295779     -2.64770549      0.00011970    113.83104367      0.01871975      0.00000000      0.99985735      0.42045158      0.51681196      0.51681196      0.47791588      0.99129155      7.50000000    -10.00000000
     19.96655518     -0.00000000     -0.00000000      0.00000000      0.00000000      0.01260182     -2.68288990      0.00011372    119.64445544      0.01828667      0.00000000      0.99985735      0.42042332      0.51672383      0.51672383      0.47792533      0.99171118      7.50000000    -10.00000000
     20.23411371     -0.00000000     -0.00000000      0.00000000      0.00000000      0.01225330     -2.71809955      0.00010806    125.66198348      0.01787098      0.00000000      0.99985735      0.42043067      0.51663178      0.51663178      0.47795878      0.99210497      7.50000000    -10.00000000
     20.50167224     -0.00000000     -0.00000000      0.00000000      0.00000000      0.01191222     -2.75333468      0.00010270    131.89283824      0.01747102      0.00000000      0.99985735      0.42040922      0.51653608      0.51653608      0.47797255      0.99247514      7.50000000    -10.00000000
     20.76923077     -0.00000000     -0.00000000      0.00000000      0.00000000      0.01157857     -2.78859095      0.00009764    138.31644335      0.01708903      0.00000000      0.99985735      0.42042521      0.51643647      0.51643647      0.47800224      0.99282210      7.50000000    -10.00000000
     21.03678930     -0.00000000     -0.00000000      0.00000000      0.00000000      0.01125231     -2.82387097      0.00009285    144.95617264      0.01672147      0.00000000      0.99985735      0.42045465      0.51633764      0.51633764      0.47803505      0.99314863      7.50000000    -10.00000000
     21.30434783     -0.00000000     -0.00000000      0.00000000      0.00000000      0.01093342     -2.85917278      0.00008832    151.80563223      0.01636871      0.00000000      0.99985735      0.42048650      0.51623509      0.51623509      0.47807074      0.99345574      7.50000000    -10.00000000
     21.57190635     -0.00000000     -0.00000000      0.00000000      0.00000000      0.01062184     -2.89449558      0.00008402    158.86528565      0.01603018      0.00000000      0.99985735      0.42055455      0.51613027      0.51613027      0.47811306      0.99374473      7.50000000    -10.00000000
     21.83946488     -0.00000000     -0.00000000      0.00000000      0.00000000      0.01031752     -2.92983934      0.00007996    166.14210636      0.01570469      0.00000000      0.99985735      0.42062721      0.51602419      0.51602419      0.47815691      0.99401707      7.50000000    -10.00000000
     22.10702341     -0.00000000     -0.00000000      0.00000000      0.00000000      0.01002040     -2.96520182      0.00007612    173.62226949      0.01539305      0.00000000      0.99985735      0.42070539      0.51591619      0.51591619      0.47820769      0.99427335      7.50000000    -10.00000000
     22.37458194     -0.00000000     -0.00000000      0.00000000      0.00000000      0.00973042     -3.00058314      0.00007248    181.31224869      0.01509405      0.00000000      0.99985735      0.42079981      0.51580667      0.51580667      0.47825350      0.99451491      7.50000000    -10.00000000
     22.64214047     -0.00000000     -0.00000000      0.00000000      0.00000000      0.00944749     -3.03598259      0.00006903    189.21100783      0.01480722      0.00000000      0.99985735      0.42090516      0.51569582      0.51569582      0.47830611      0.99474268      7.50000000    -10.00000000
     22.90969900     -0.00000000     -0.00000000      0.00000000      0.00000000      0.00917153     -3.07139953      0.00006577    197.31724616      0.01453212      0.00000000      0.99985735      0.42102166      0.51558378      0.51558378      0.47836080      0.99495757      7.50000000    -10.00000000
     23.17725753     -0.00000000     -0.00000000      0.00000000      0.00000000      0.00890246     -3.10683335      0.00006268    205.62930507      0.01426831      0.00000000      0.99985735      0.42114863      0.51547067      0.51547067      0.47842008      0.99516042      7.50000000    -10.00000000
     23.44481605     -0.00000000     -0.00000000      0.00000000      0.00000000      0.00864018     -3.14228344      0.00005976    214.14500973      0.01401536      0.00000000      0.99985735      0.42128598      0.51535666      0.51535666      0.47847960      0.99535197      7.50000000    -10.00000000
     23.71237458     -0.00000000     -0.00000000      0.00000000      0.00000000      0.00838460     -3.17774922      0.00005699    222.86181699      0.01377289      0.00000000      0.99985735      0.42143341      0.51524188      0.51524188      0.47854265      0.99553296      7.50000000    -10.00000000
     23.97993311     -0.00000000     -0.00000000      0.00000000      0.00000000      0.00813562     -3.21323013      0.00005436    231.77684077      0.01354051      0.00000000      0.99985735      0.42158970      0.51512643      0.51512643      0.47860815      0.99570404      7.50000000    -10.00000000
     24.24749164     -0.00000000     -0.00000000      0.00000000      0.00000000      0.00789313     -3.24872536      0.00005188    240.88144369      0.01331816      0.00000000      0.99985735      0.42175495      0.51501051      0.51501051      0.47867500      0.99586574      7.50000000    -10.00000000
     24.51505017     -0.00000000     -0.00000000      0.00000000      0.00000000      0.00765703     -3.28423450      0.00004951    250.19932143      0.01310399      0.00000000      0.99985735      0.42194159      0.51489421      0.51489421      0.47874388      0.99601910      7.50000000    -10.00000000
     24.78260870     -0.00000000     -0.00000000      0.00000000      0.00000000      0.00742721     -3.31975777      0.00004729    259.64793367      0.01290177      0.00000000      0.99985735      0.42211286      0.51477781      0.51477781      0.47881548      0.99616341      7.50000000    -10.00000000
     25.05016722     -0.00000000     -0.00000000      0.00000000      0.00000000      0.00720355     -3.35529477      0.00004516    269.34633933      0.01270492      0.00000000      0.99985735      0.42230439      0.51466243      0.51466243      0.47888862      0.99630104      7.50000000    -10.00000000
     25.31772575     -0.00000000     -0.00000000      0.00000000      0.00000000      0.00698594     -3.39084318      0.00004316    279.16843644      0.01251903      0.00000000      0.99985735      0.42250215      0.51454434      0.51454434      0.47896257      0.99643072      7.50000000    -10.00000000
     25.58528428     -0.00000000     -0.00000000      0.00000000      0.00000000      0.00677427     -3.42640443      0.00004125    289.18968485      0.01234002      0.00000000      0.99985735      0.42376507      0.51442656      0.51442656      0.47903758      0.99655398      7.50000000    -10.00000000
     25.85284281     -0.00000000     -0.00000000      0.00000000      0.00000000      0.00656842     -3.46197746      0.00003944    299.37746508      0.01216889      0.00000000      0.99985735      0.42311447      0.51430900      0.51430900      0.47911719      0.99667086      7.50000000    -10.00000000
     26.12040134     -0.00000000     -0.00000000      0.00000000      0.00000000      0.00636827     -3.49756188      0.00003773    309.72599401      0.01200535      0.00000000      0.99985735      0.42313911      0.51419286      0.51419286      0.47919638      0.99678173      7.50000000    -10.00000000
     26.38795987     -0.00000000     -0.00000000      0.00000000      0.00000000      0.00617370     -3.53315766      0.00003610    320.25058296      0.01184834      0.00000000      0.99985735      0.42336102      0.51407458      0.51407458      0.47927671      0.99688717      7.50000000    -10.00000000
     26.65551839     -0.00000000     -0.00000000      0.00000000      0.00000000      0.00598460     -3.56876330      0.00003455    330.87851174      0.01170007      0.00000000      0.99985735      0.42359066      0.51395657      0.51395657      0.47935816      0.99698685      7.50000000    -10.00000000
     26.92307692     -0.00000000     -0.00000000      0.00000000      0.00000000      0.00580085     -3.60437957      0.00003309    341.66950077      0.01155783      0.00000000      0.99985735      0.42382552      0.51383910      0.51383910      0.47944078      0.99708174      7.50000000    -10.00000000
     27.19063545     -0.00000000     -0.00000000      0.00000000      0.00000000      0.00562233     -3.64000572      0.00003169    352.61959794      0.01142140      0.00000000      0.99985735      0.42406589      0.51372161      0.51372161      0.48002170      0.99717210      7.50000000    -10.00000000
     27.45819398     -0.00000000     -0.00000000      0.00000000      0.00000000      0.00544892     -3.67564145      0.00003037    363.64259587      0.01129310      0.00000000      0.99985735      0.42431084      0.51360481      0.51360481      0.47986402      0.99725759      7.50000000    -10.00000000
     27.72575251     -0.00000000     -0.00000000      0.00000000      0.00000000      0.00528050     -3.71128641      0.00002911    374.83438668      0.01116943      0.00000000      0.99985735      0.42456068      0.51348849      0.51348849      0.47971070      0.99733925      7.50000000    -10.00000000
     27.99331104     -0.00000000     -0.00000000      0.00000000      0.00000000      0.00511696     -3.74694029      0.00002791    386.11059080      0.01105257      0.00000000      0.99985735      0.42481491      0.51337276      0.51337276      0.47978212      0.99741676      7.50000000    -10.00000000
     28.26086957     -0.00000000     -0.00000000      0.00000000      0.00000000      0.00495818     -3.78260280      0.00002677    397.46647770      0.01094215      0.00000000      0.99985735      0.42507343      0.51325763      0.51325763      0.47986828      0.99749038      7.50000000    -10.00000000
     28.52842809     -0.00000000     -0.00000000      0.00000000      0.00000000      0.00480405     -3.81827364      0.00002569    408.93869564      0.01083671      0.00000000      0.99985735      0.42533583      0.51314316      0.51314316      0.47995315      0.99756061      7.50000000    -10.00000000
     28.79598662     -0.00000000     -0.00000000      0.00000000      0.00000000      0.00465444     -3.85395253      0.00002466    420.49550255      0.01073675      0.00000000      0.99985735      0.42560200      0.51302939      0.51302939      0.48004192      0.99762750      7.50000000    -10.00000000
     29.06354515     -0.00000000     -0.00000000      0.00000000      0.00000000      0.00450926     -3.88963921      0.00002368    432.14731608      0.01064163      0.00000000      0.99985735      0.42587146      0.51291636      0.51291636      0.48013447      0.99769132      7.50000000    -10.00000000
     29.33110368     -0.00000000     -0.00000000      0.00000000      0.00000000      0.00436838     -3.92533341      0.00002275    443.82785771      0.01055261      0.00000000      0.99985735      0.42613834      0.51280410      0.51280410      0.48023068      0.99775194      7.50000000    -10.00000000
     29.59866221     -0.00000000     -0.00000000      0.00000000      0.00000000      0.00423170     -3.96103501      0.00002186    455.59167580      0.01046798      0.00000000      0.99985735      0.42641985      0.51269268      0.51269268      0.48031507      0.99780986      7.50000000    -10.00000000
     29.86622074     -0.00000000     -0.00000000      0.00000000      0.00000000      0.00409911     -3.99674341      0.00002101    467.40870478      0.01038813      0.00000000      0.99985735      0.42669837      0.51258205      0.51258205      0.48043361      0.99786511      7.50000000    -10.00000000
     30.13377926     -0.00000000     -0.00000000      0.00000000      0.00000000      0.00397050     -4.03245872      0.00002021    479.23885427      0.01031358      0.00000000      0.99985735      0.42697926      0.51247231      0.51247231      0.48049637      0.99791770      7.50000000    -10.00000000
     30.40133779     -0.00000000     -0.00000000      0.00000000      0.00000000      0.00384577     -4.06818062      0.00001944    491.11613316      0.01024325      0.00000000      0.99985735      0.42726350      0.51236347      0.51236347      0.48058756      0.99796796      7.50000000    -10.00000000
     30.66889632     -0.00000000     -0.00000000      0.00000000      0.00000000      0.00372481     -4.10390888      0.00001871    503.02921819      0.01017709      0.00000000      0.99985735      0.42779682      0.51225555      0.51225555      0.48067894      0.99801599      7.50000000    -10.00000000
     30.93645485     -0.00000000     -0.00000000      0.00000000      0.00000000      0.00360752     -4.13964330      0.00001801    514.92642253      0.01011585      0.00000000      0.99985735      0.42783308      0.51214856      0.51214856      0.48077055      0.99806174      7.50000000    -10.00000000
     31.20401338     -0.00000000     -0.00000000      0.00000000      0.00000000      0.00349381     -4.17538367      0.00001734    526.85388046      0.01005829      0.00000000      0.99985735      0.42812627      0.51204256      0.51204256      0.48086305      0.99810554      7.50000000    -10.00000000
     31.47157191     -0.00000000     -0.00000000      0.00000000      0.00000000      0.00338356     -4.21112981      0.00001671    538.74998317      0.01000533      0.00000000      0.99985735      0.42841578      0.51193752      0.51193752      0.48095419      0.99814729      7.50000000    -10.00000000
     31.73913043     -0.00000000     -0.00000000      0.00000000      0.00000000      0.00327670     -4.24688152      0.00001610    550.65580413      0.00995592      0.00000000      0.99985735      0.42870898      0.51183348      0.51183348      0.48104542      0.99818728      7.50000000    -10.00000000
     32.00668896     -0.00000000     -0.00000000      0.00000000      0.00000000      0.00317312     -4.28263863      0.00001552    562.52570816      0.00991065      0.00000000      0.99985735      0.42900262      0.51173046      0.51173046      0.48113813      0.99822546      7.50000000    -10.00000000
     32.27424749     -0.00000000     -0.00000000      0.00000000      0.00000000      0.00307273     -4.31840096      0.00001496    574.36317321      0.00986918      0.00000000      0.99985735      0.42929947      0.51162851      0.51162851      0.48127383      0.99826197      7.50000000    -10.00000000
     32.54180602     -0.00000000     -0.00000000      0.00000000      0.00000000      0.00297545     -4.35416835      0.00001444    586.15945711      0.00983142      0.00000000      0.99985735      0.42959413      0.51152756      0.51152756      0.48132205      0.99829689      7.50000000    -10.00000000
     32.80936455     -0.00000000     -0.00000000      0.00000000      0.00000000      0.00288117     -4.38994064      0.00001393    597.90592810      0.00979729      0.00000000      0.99985735      0.42989160      0.51142755      0.51142755      0.48141315      0.99833029      7.50000000    -10.00000000
     33.07692308     -0.00000000     -0.00000000      0.00000000      0.00000000      0.00278982     -4.42571766      0.00001345    609.59426705      0.00976670      0.00000000      0.99985735      0.43018888      0.51132858      0.51132858      0.48150582      0.99836225      7.50000000    -10.00000000
     33.34448161     -0.00000000     -0.00000000      0.00000000      0.00000000      0.00270132     -4.46149928      0.00001298    621.21603601      0.00973959      0.00000000      0.99985735      0.43048722      0.51123067      0.51123067      0.48159723      0.99839284      7.50000000    -10.00000000
     33.61204013     -0.00000000     -0.00000000      0.00000000      0.00000000      0.00261557     -4.49728535      0.00001254    632.76329814      0.00971586      0.00000000      0.99985735      0.43090361      0.51113381      0.51113381      0.48168907      0.99842212      7.50000000    -10.00000000
     33.87959866     -0.00000000     -0.00000000      0.00000000      0.00000000      0.00253251     -4.53307575      0.00001212    644.22616218      0.00969548      0.00000000      0.99985735      0.43108540      0.51103802      0.51103802      0.48178017      0.99845016      7.50000000    -10.00000000
     34.14715719     -0.00000000     -0.00000000      0.00000000      0.00000000      0.00245204     -4.56887026      0.00001171    655.60235959      0.00967829      0.00000000      0.99985735      0.43138494      0.51094329      0.51094329      0.48187200      0.99847701      7.50000000    -10.00000000
     34.41471572     -0.00000000     -0.00000000      0.00000000      0.00000000      0.00237410     -4.60466887      0.00001132    666.88136959      0.00966429      0.00000000      0.99985735      0.43168394      0.51084964      0.51084964      0.48196208      0.99850273      7.50000000    -10.00000000
     34.68227425     -0.00000000     -0.00000000      0.00000000      0.00000000      0.00229860     -4.64047135      0.00001095    678.04969500      0.00965349      0.00000000      0.99985735      0.43198426      0.51075706      0.51075706      0.48205233      0.99852735      7.50000000    -10.00000000
     34.94983278     -0.00000000     -0.00000000      0.00000000      0.00000000      0.00222549     -4.67627766      0.00001059    689.10876054      0.00964571      0.00000000      0.99985735      0.43228438      0.51066553      0.51066553      0.48214357      0.99855095      7.50000000    -10.00000000
     35.21739130     -0.00000000     -0.00000000      0.00000000      0.00000000      0.00215467     -4.71208764      0.00001025    700.04950199      0.00964094      0.00000000      0.99985735      0.43258366      0.51057506      0.51057506      0.48223310      0.99857357      7.50000000    -10.00000000
     35.48494983     -0.00000000     -0.00000000      0.00000000      0.00000000      0.00208610     -4.74790122      0.00000992    710.86675027      0.00963910      0.00000000      0.99985735      0.43288299      0.51048568      0.51048568      0.48232440      0.99859524      7.50000000    -10.00000000
     35.75250836     -0.00000000     -0.00000000      0.00000000      0.00000000      0.00201969     -4.78371819      0.00000961    721.54483323      0.00964027      0.00000000      0.99985735      0.43318200      0.51039735      0.51039735      0.48241210      0.99861600      7.50000000    -10.00000000
     36.02006689     -0.00000000     -0.00000000      0.00000000      0.00000000      0.00195538     -4.81953856      0.00000931    732.08746638      0.00964427      0.00000000      0.99985735      0.43348096      0.51031007      0.51031007      0.48250147      0.99863591      7.50000000    -10.00000000
     36.28762542     -0.00000000     -0.00000000      0.00000000      0.00000000      0.00189312     -4.85536218      0.00000902    742.48614734      0.00965109      0.00000000      0.99985735      0.43377916      0.51022384      0.51022384      0.48258989      0.99865499      7.50000000    -10.00000000
     36.55518395     -0.00000000     -0.00000000      0.00000000      0.00000000      0.00183283     -4.89118895      0.00000874    752.73421217      0.00966070      0.00000000      0.99985735      0.43407665      0.51013843      0.51013843      0.48267790      0.99867327      7.50000000    -10.00000000
     36.82274247     -0.00000000     -0.00000000      0.00000000      0.00000000      0.00177445     -4.92701878      0.00000847    762.82660966      0.00967307      0.00000000      0.99985735      0.43470054      0.51005449      0.51005449      0.48276596      0.99869080      7.50000000    -10.00000000
     37.09030100     -0.00000000     -0.00000000      0.00000000      0.00000000      0.00171793     -4.96285159      0.00000821    772.75783182      0.00968815      0.00000000      0.99985735      0.43446431      0.50997138      0.50997138      0.48285332      0.99870761      7.50000000    -10.00000000
     37.35785953     -0.00000000     -0.00000000      0.00000000      0.00000000      0.00166322     -4.99868731      0.00000797    782.52740006      0.00970586      0.00000000      0.99985735      0.43496582      0.50988930      0.50988930      0.48294054      0.99872372      7.50000000    -10.00000000
     37.62541806     -0.00000000     -0.00000000      0.00000000      0.00000000      0.00161024     -5.03452576      0.00000773    792.11685869      0.00972634      0.00000000      0.99985735      0.43526062      0.50980824      0.50980824      0.48302727      0.99873915      7.50000000    -10.00000000
     37.89297659     -0.00000000     -0.00000000      0.00000000      0.00000000      0.00155896     -5.07036696      0.00000750    801.53538458      0.00974939      0.00000000      0.99985735      0.43556189      0.50972818      0.50972818      0.48311111      0.99875395      7.50000000    -10.00000000
     38.16053512     -0.00000000     -0.00000000      0.00000000      0.00000000      0.00150932     -5.10621080      0.00000728    810.77384248      0.00977506      0.00000000      0.99985735      0.43584772      0.50964914      0.50964914      0.48328133      0.99876813      7.50000000    -10.00000000
     38.42809365     -0.00000000     -0.00000000      0.00000000      0.00000000      0.00146126     -5.14205720      0.00000707    819.82829557      0.00980330      0.00000000      0.99985735      0.43613998      0.50957109      0.50957109      0.48322569      0.99878172      7.50000000    -10.00000000
     38.69565217     -0.00000000     -0.00000000      0.00000000      0.00000000      0.00141474     -5.17790609      0.00000687    828.69481751      0.00983411      0.00000000      0.99985735      0.43643101      0.50949402      0.50949402      0.48336898      0.99879474      7.50000000    -10.00000000
     38.96321070     -0.00000000     -0.00000000      0.00000000      0.00000000      0.00136970     -5.21375740      0.00000667    837.36144940      0.00986757      0.00000000      0.99985735      0.43672408      0.50941793      0.50941793      0.48345344      0.99880720      7.50000000    -10.00000000
     39.23076923     -0.00000000     -0.00000000      0.00000000      0.00000000      0.00132611     -5.24961108      0.00000648    845.84952368      0.00990336      0.00000000      0.99985735      0.43700982      0.50934281      0.50934281      0.48353713      0.99881915      7.50000000    -10.00000000
     39.49832776     -0.00000000     -0.00000000      0.00000000      0.00000000      0.00128392     -5.28546699      0.00000630    854.13277244      0.00994175      0.00000000      0.99985735      0.43729764      0.50926936      0.50926936      0.48362057      0.99883059      7.50000000    -10.00000000
     39.76588629     -0.00000000     -0.00000000      0.00000000      0.00000000      0.00124308     -5.32132521      0.00000612    862.20929694      0.00998271      0.00000000      0.99985735      0.43758313      0.50919544      0.50919544      0.48370342      0.99884153      7.50000000    -10.00000000
     40.03344482     -0.00000000     -0.00000000      0.00000000      0.00000000      0.00120355     -5.35718544      0.00000596    870.03738148      0.01002668      0.00000000      0.99985735      0.43786887      0.50912317      0.50912317      0.48378596      0.99885194      7.50000000    -10.00000000
     40.30100334     -0.00000000     -0.00000000      0.00000000      0.00000000      0.00116529     -5.39304784      0.00000579    877.76157248      0.01007195      0.00000000      0.99985735      0.43815434      0.50905182      0.50905182      0.48386737      0.99886203      7.50000000    -10.00000000
     40.56856187     -0.00000000     -0.00000000      0.00000000      0.00000000      0.00112826     -5.42891229      0.00000563    885.22116464      0.01012035      0.00000000      0.99985735      0.43843793      0.50898140      0.50898140      0.48394877      0.99887161      7.50000000    -10.00000000
     40.83612040     -0.00000000     -0.00000000      0.00000000      0.00000000      0.00109241     -5.46477871      0.00000548    892.47098344      0.01017121      0.00000000      0.99985735      0.43874894      0.50891189      0.50891189      0.48402943      0.99888077      7.50000000    -10.00000000
     41.10367893     -0.00000000     -0.00000000      0.00000000      0.00000000      0.00105772     -5.50064706      0.00000534    899.50549623      0.01022457      0.00000000      0.99985735      0.43899932      0.50884327      0.50884327      0.48410971      0.99888951      7.50000000    -10.00000000
     41.37123746     -0.00000000     -0.00000000      0.00000000      0.00000000      0.00102415     -5.53651729      0.00000520    906.32713451      0.01028040      0.00000000      0.99985735      0.43927834      0.50877554      0.50877554      0.48418943      0.99889786      7.50000000    -10.00000000
     41.63879599     -0.00000000     -0.00000000      0.00000000      0.00000000      0.00099165     -5.57238934      0.00000506    912.93220969      0.01033870      0.00000000      0.99985735      0.43955667      0.50870868      0.50870868      0.48426864      0.99890583      7.50000000    -10.00000000
     41.90635452     -0.00000000     -0.00000000      0.00000000      0.00000000      0.00096020     -5.60826318      0.00000493    919.32284017      0.01039945      0.00000000      0.99985735      0.43986054      0.50864270      0.50864270      0.48434713      0.99891342      7.50000000    -10.00000000
     42.17391304     -0.00000000     -0.00000000      0.00000000      0.00000000      0.00092976     -5.64413871      0.00000480    925.48593055      0.01046278      0.00000000      0.99985735      0.44010686      0.50857756      0.50857756      0.48442551      0.99892065      7.50000000    -10.00000000
     42.44147157     -0.00000000     -0.00000000      0.00000000      0.00000000      0.00090030     -5.68001598      0.00000468    931.43688405      0.01052852      0.00000000      0.99985735      0.44038014      0.50851326      0.50851326      0.48450307      0.99892754      7.50000000    -10.00000000
     42.70903010     -0.00000000     -0.00000000      0.00000000      0.00000000      0.00087179     -5.71589487      0.00000456    937.16516560      0.01059678      0.00000000      0.99985735      0.44065153      0.50844981      0.50844981      0.48458006      0.99893409      7.50000000    -10.00000000
     42.97658863     -0.00000000     -0.00000000      0.00000000      0.00000000      0.00084419     -5.75177536      0.00000444    942.67027910      0.01066757      0.00000000      0.99985735      0.44092239      0.50838718      0.50838718      0.48465650      0.99894031      7.50000000    -10.00000000
     43.24414716     -0.00000000     -0.00000000      0.00000000      0.00000000      0.00081749     -5.78765741      0.00000433    947.95304575      0.01074089      0.00000000      0.99985735      0.44119094      0.50832536      0.50832536      0.48473191      0.99894621      7.50000000    -10.00000000
     43.51170569     -0.00000000     -0.00000000      0.00000000      0.00000000      0.00079164     -5.82354097      0.00000423    953.01299143      0.01081675      0.00000000      0.99985735      0.44145877      0.50826434      0.50826434      0.48480806      0.99895180      7.50000000    -10.00000000
     43.77926421     -0.00000000     -0.00000000      0.00000000      0.00000000      0.00076663     -5.85942601      0.00000412    957.85028363      0.01089517      0.00000000      0.99985735      0.44172413      0.50820410      0.50820410      0.48488314      0.99895708      7.50000000    -10.00000000
     44.04682274     -0.00000000     -0.00000000      0.00000000      0.00000000      0.00074242     -5.89531250      0.00000402    962.46478828      0.01097616      0.00000000      0.99985735      0.44198886      0.50814465      0.50814465      0.48495753      0.99896208      7.50000000    -10.00000000
     44.31438127     -0.00000000     -0.00000000      0.00000000      0.00000000      0.00071899     -5.93120040      0.00000392    966.85617868      0.01105974      0.00000000      0.99985735      0.44225188      0.50808597      0.50808597      0.48503139      0.99896679      7.50000000    -10.00000000
     44.58193980     -0.00000000     -0.00000000      0.00000000      0.00000000      0.00069631     -5.96708967      0.00000383    971.02459019      0.01114593      0.00000000      0.99985735      0.44251327      0.50802804      0.50802804      0.48510540      0.99897122      7.50000000    -10.00000000
     44.84949833     -0.00000000     -0.00000000      0.00000000      0.00000000      0.00067436     -6.00298028      0.00000374    974.97093205      0.01123476      0.00000000      0.99985735      0.44277367      0.50797086      0.50797086      0.48517783      0.99897538      7.50000000    -10.00000000
     45.11705686     -0.00000000     -0.00000000      0.00000000      0.00000000      0.00065312     -6.03887219      0.00000365    978.69499458      0.01132624      0.00000000      0.99985735      0.44303728      0.50791443      0.50791443      0.48524982      0.99897927      7.50000000    -10.00000000
     45.38461538     -0.00000000     -0.00000000      0.00000000      0.00000000      0.00063257     -6.07476539      0.00000356    982.19878565      0.01142040      0.00000000      0.99985735      0.44335626      0.50785870      0.50785870      0.48532155      0.99898291      7.50000000    -10.00000000
     45.65217391     -0.00000000     -0.00000000      0.00000000      0.00000000      0.00061267     -6.11065983      0.00000348    985.48162934      0.01151726      0.00000000      0.99985735      0.44354321      0.50780369      0.50780369      0.48539277      0.99898630      7.50000000    -10.00000000
     45.91973244     -0.00000000     -0.00000000      0.00000000      0.00000000      0.00059342     -6.14655548      0.00000340    988.54501030      0.01161686      0.00000000      0.99985735      0.44379627      0.50774939      0.50774939      0.48546652      0.99898943      7.50000000    -10.00000000
     46.18729097     -0.00000000     -0.00000000      0.00000000      0.00000000      0.00057478     -6.18245232      0.00000332    991.38778935      0.01171924      0.00000000      0.99985735      0.44404673      0.50769579      0.50769579      0.48553360      0.99899233      7.50000000    -10.00000000
     46.45484950     -0.00000000     -0.00000000      0.00000000      0.00000000      0.00055674     -6.21835032      0.00000325    994.01515023      0.01182439      0.00000000      0.99985735      0.44429860      0.50764287      0.50764287      0.48563212      0.99899499      7.50000000    -10.00000000
     46.72240803     -0.00000000     -0.00000000      0.00000000      0.00000000      0.00053929     -6.25424947      0.00000318    996.42634733      0.01193237      0.00000000      0.99985735      0.44453640      0.50759063      0.50759063      0.48560189      0.99899742      7.50000000    -10.00000000
     46.98996656     -0.00000000     -0.00000000      0.00000000      0.00000000      0.00052239     -6.29014973      0.00000310    998.62437136      0.01204318      0.00000000      0.99985735      0.44479422      0.50753905      0.50753905      0.48574115      0.99899962      7.50000000    -10.00000000
     47.25752508     -0.00000000     -0.00000000      0.00000000      0.00000000      0.00050604     -6.32605107      0.00000304   1000.60755630      0.01215691      0.00000000      0.99985735      0.44503972      0.50748812      0.50748812      0.48580903      0.99900160      7.50000000    -10.00000000
     47.52508361     -0.00000000     -0.00000000      0.00000000      0.00000000      0.00049021     -6.36195347      0.00000297   1002.37883304      0.01227356      0.00000000      0.99985735      0.44528376      0.50743784      0.50743784      0.48587711      0.99900337      7.50000000    -10.00000000
     47.79264214     -0.00000000     -0.00000000      0.00000000      0.00000000      0.00047489     -6.39785691      0.00000290   1003.94075975      0.01239317      0.00000000      0.99985735      0.44552579      0.50738819      0.50738819      0.48594137      0.99900492      7.50000000    -10.00000000
     48.06020067     -0.00000000     -0.00000000      0.00000000      0.00000000      0.00046006     -6.43376137      0.00000284   1005.29405961      0.01251579      0.00000000      0.99985735      0.44576734      0.50733917      0.50733917      0.48601017      0.99900625      7.50000000    -10.00000000
     48.32775920     -0.00000000     -0.00000000      0.00000000      0.00000000      0.00044571     -6.46966682      0.00000278   1006.44055269      0.01264146      0.00000000      0.99985735      0.44600632      0.50729089      0.50729089      0.48607619      0.99900739      7.50000000    -10.00000000
     48.59531773     -0.00000000     -0.00000000      0.00000000      0.00000000      0.00043182     -6.50557323      0.00000272   1007.38107732      0.01277023      0.00000000      0.99985735      0.44624389      0.50724296      0.50724296      0.48614174      0.99900831      7.50000000    -10.00000000
     48.86287625     -0.00000000     -0.00000000      0.00000000      0.00000000      0.00041837     -6.54148063      0.00000266   1008.12275041      0.01290209      0.00000000      0.99985735      0.44647984      0.50719577      0.50719577      0.48620658      0.99900904      7.50000000    -10.00000000
     49.13043478     -0.00000000     -0.00000000      0.00000000      0.00000000      0.00040536     -6.57738894      0.00000261   1008.66289913      0.01303715      0.00000000      0.99985735      0.44671432      0.50714915      0.50714915      0.48626241      0.99900957      7.50000000    -10.00000000
     49.39799331     -0.00000000     -0.00000000      0.00000000      0.00000000      0.00039276     -6.61329818      0.00000255   1009.00541513      0.01317541      0.00000000      0.99985735      0.44694748      0.50710311      0.50710311      0.48633533      0.99900991      7.50000000    -10.00000000
     49.66555184     -0.00000000     -0.00000000      0.00000000      0.00000000      0.00038056     -6.64920832      0.00000250   1009.15235909      0.01331695      0.00000000      0.99985735      0.44717889      0.50705765      0.50705765      0.48639888      0.99901005      7.50000000    -10.00000000
     49.93311037     -0.00000000     -0.00000000      0.00000000      0.00000000      0.00036876     -6.68511934      0.00000245   1009.10620059      0.01346179      0.00000000      0.99985735      0.44740813      0.50701275      0.50701275      0.48646194      0.99901001      7.50000000    -10.00000000
     50.20066890     -0.00000000     -0.00000000      0.00000000      0.00000000      0.00035733     -6.72103123      0.00000240   1008.86871202      0.01361002      0.00000000      0.99985735      0.44764895      0.50696841      0.50696841      0.48652450      0.99900977      7.50000000    -10.00000000
     50.46822742     -0.00000000     -0.00000000      0.00000000      0.00000000      0.00034627     -6.75694397      0.00000235   1008.44401446      0.01376165      0.00000000      0.99985735      0.44786316      0.50692459      0.50692459      0.48659383      0.99900936      7.50000000    -10.00000000
     50.73578595     -0.00000000     -0.00000000      0.00000000      0.00000000      0.00033556     -6.79285754      0.00000230   1007.83381765      0.01391674      0.00000000      0.99985735      0.44808937      0.50688132      0.50688132      0.48664850      0.99900876      7.50000000    -10.00000000
     51.00334448     -0.00000000     -0.00000000      0.00000000      0.00000000      0.00032520     -6.82877194      0.00000226   1007.04093703      0.01407536      0.00000000      0.99985735      0.44826780      0.50683857      0.50683857      0.48670932      0.99900798      7.50000000    -10.00000000
     51.27090301     -0.00000000     -0.00000000      0.00000000      0.00000000      0.00031516     -6.86468714      0.00000221   1006.06808909      0.01423756      0.00000000      0.99985735      0.44853550      0.50679617      0.50679617      0.48676994      0.99900702      7.50000000    -10.00000000
     51.53846154     -0.00000000     -0.00000000      0.00000000      0.00000000      0.00030545     -6.90060314      0.00000217   1004.91811246      0.01440340      0.00000000      0.99985735      0.44875536      0.50675463      0.50675463      0.48683019      0.99900588      7.50000000    -10.00000000
     51.80602007     -0.00000000     -0.00000000      0.00000000      0.00000000      0.00029604     -6.93651992      0.00000213   1003.59365995      0.01457293      0.00000000      0.99985735      0.44897480      0.50671342      0.50671342      0.48689010      0.99900457      7.50000000    -10.00000000
     52.07357860     -0.00000000     -0.00000000      0.00000000      0.00000000      0.00028694     -6.97243747      0.00000209   1002.09814494      0.01474621      0.00000000      0.99985735      0.44919202      0.50667270      0.50667270      0.48694911      0.99900309      7.50000000    -10.00000000
     52.34113712     -0.00000000     -0.00000000      0.00000000      0.00000000      0.00027812     -7.00835577      0.00000205   1000.43433928      0.01492331      0.00000000      0.99985735      0.44940877      0.50663247      0.50663247      0.48700801      0.99900143      7.50000000    -10.00000000
     52.60869565     -0.00000000     -0.00000000      0.00000000      0.00000000      0.00026959     -7.04427482      0.00000201    998.60529188      0.01510429      0.00000000      0.99985735      0.44962324      0.50659273      0.50659273      0.48706632      0.99899961      7.50000000    -10.00000000
     52.87625418     -0.00000000     -0.00000000      0.00000000      0.00000000      0.00026133     -7.08019461      0.00000197    996.61409870      0.01528920      0.00000000      0.99985735      0.44983621      0.50655341      0.50655341      0.48712424      0.99899761      7.50000000    -10.00000000
     53.14381271     -0.00000000     -0.00000000      0.00000000      0.00000000      0.00025333     -7.11611513      0.00000193    994.46390072      0.01547813      0.00000000      0.99985735      0.45005234      0.50651464      0.50651464      0.48718171      0.99899544      7.50000000    -10.00000000
     53.41137124     -0.00000000     -0.00000000      0.00000000      0.00000000      0.00024558     -7.15203636      0.00000190    992.15787997      0.01567112      0.00000000      0.99985735      0.45025810      0.50647628      0.50647628      0.48723872      0.99899311      7.50000000    -10.00000000
     53.67892977     -0.00000000     -0.00000000      0.00000000      0.00000000      0.00023808     -7.18795831      0.00000186    989.69925816      0.01586826      0.00000000      0.99985735      0.45046677      0.50643838      0.50643838      0.48729528      0.99899061      7.50000000    -10.00000000
     53.94648829     -0.00000000     -0.00000000      0.00000000      0.00000000      0.00023082     -7.22388095      0.00000183    987.09129251      0.01606961      0.00000000      0.99985735      0.45067440      0.50640092      0.50640092      0.48735119      0.99898795      7.50000000    -10.00000000
     54.21404682     -0.00000000     -0.00000000      0.00000000      0.00000000      0.00022379     -7.25980429      0.00000180    984.33727450      0.01627524      0.00000000      0.99985735      0.45086104      0.50636389      0.50636389      0.48740714      0.99898512      7.50000000    -10.00000000
     54.48160535     -0.00000000     -0.00000000      0.00000000      0.00000000      0.00021699     -7.29572831      0.00000177    981.44052687      0.01648522      0.00000000      0.99985735      0.45108456      0.50632733      0.50632733      0.48746187      0.99898213      7.50000000    -10.00000000
     54.74916388     -0.00000000     -0.00000000      0.00000000      0.00000000      0.00021039     -7.33165302      0.00000173    978.40440011      0.01669963      0.00000000      0.99985735      0.45128603      0.50629113      0.50629113      0.48751757      0.99897897      7.50000000    -10.00000000
     55.01672241     -0.00000000     -0.00000000      0.00000000      0.00000000      0.00020401     -7.36757840      0.00000170    975.23212065      0.01691855      0.00000000      0.99985735      0.45148951      0.50625537      0.50625537      0.48757175      0.99897565      7.50000000    -10.00000000
     55.28428094     -0.00000000     -0.00000000      0.00000000      0.00000000      0.00019783     -7.40350445      0.00000167    971.92739575      0.01714203      0.00000000      0.99985735      0.45168698      0.50622003      0.50622003      0.48762618      0.99897217      7.50000000    -10.00000000
     55.55183946     -0.00000000     -0.00000000      0.00000000      0.00000000      0.00019184     -7.43943116      0.00000164    968.49341488      0.01737018      0.00000000      0.99985735      0.45188907      0.50618508      0.50618508      0.48767907      0.99896853      7.50000000    -10.00000000
     55.81939799     -0.00000000     -0.00000000      0.00000000      0.00000000      0.00018605     -7.47535854      0.00000162    964.93366822      0.01760306      0.00000000      0.99985735      0.45208573      0.50615054      0.50615054      0.48773221      0.99896473      7.50000000    -10.00000000
     56.08695652     -0.00000000     -0.00000000      0.00000000      0.00000000      0.00018043     -7.51128658      0.00000159    961.25160228      0.01784075      0.00000000      0.99985735      0.45228170      0.50611639      0.50611639      0.48778560      0.99896077      7.50000000    -10.00000000
     56.35451505     -0.00000000     -0.00000000      0.00000000      0.00000000      0.00017500     -7.54721527      0.00000156    957.45067616      0.01808334      0.00000000      0.99985735      0.45247649      0.50608262      0.50608262      0.48783764      0.99895665      7.50000000    -10.00000000
     56.62207358     -0.00000000     -0.00000000      0.00000000      0.00000000      0.00016973     -7.58314462      0.00000154    953.53435816      0.01833090      0.00000000      0.99985735      0.45267113      0.50604923      0.50604923      0.48788947      0.99895237      7.50000000    -10.00000000
     56.88963211     -0.00000000     -0.00000000      0.00000000      0.00000000      0.00016463     -7.61907462      0.00000151    949.50612300      0.01858353      0.00000000      0.99985735      0.45286191      0.50601621      0.50601621      0.48793285      0.99894793      7.50000000    -10.00000000
     57.15719064     -0.00000000     -0.00000000      0.00000000      0.00000000      0.00015969     -7.65500528      0.00000148    945.36944967      0.01884130      0.00000000      0.99985735      0.45305259      0.50598352      0.50598352      0.48799247      0.99894333      7.50000000    -10.00000000
     57.42474916     -0.00000000     -0.00000000      0.00000000      0.00000000      0.00015491     -7.69093659      0.00000146    941.12781881      0.01910431      0.00000000      0.99985735      0.45361118      0.50595127      0.50595127      0.48804340      0.99893857      7.50000000    -10.00000000
     57.69230769     -0.00000000     -0.00000000      0.00000000      0.00000000      0.00015028     -7.72686856      0.00000144    936.78471069      0.01937264      0.00000000      0.99985735      0.45354530      0.50591937      0.50591937      0.48833866      0.99893366      7.50000000    -10.00000000
     57.95986622     -0.00000000     -0.00000000      0.00000000      0.00000000      0.00014579     -7.76280118      0.00000141    932.34360229      0.01964638      0.00000000      0.99985735      0.45348022      0.50588776      0.50588776      0.48832230      0.99892858      7.50000000    -10.00000000
     58.22742475     -0.00000000     -0.00000000      0.00000000      0.00000000      0.00014144     -7.79873447      0.00000139    927.80796530      0.01992561      0.00000000      0.99985735      0.45341592      0.50585653      0.50585653      0.48830613      0.99892335      7.50000000    -10.00000000
     58.49498328     -0.00000000     -0.00000000      0.00000000      0.00000000      0.00013723     -7.83466842      0.00000137    923.18126477      0.02021044      0.00000000      0.99985735      0.45398746      0.50582564      0.50582564      0.48829017      0.99891796      7.50000000    -10.00000000
     58.76254181     -0.00000000     -0.00000000      0.00000000      0.00000000      0.00013316     -7.87060303      0.00000135    918.46694854      0.02050095      0.00000000      0.99985735      0.45416906      0.50579507      0.50579507      0.48827439      0.99891241      7.50000000    -10.00000000
     59.03010033     -0.00000000     -0.00000000      0.00000000      0.00000000      0.00012921     -7.90653832      0.00000133    913.66847226      0.02079724      0.00000000      0.99985735      0.45435054      0.50576484      0.50576484      0.48825881      0.99890671      7.50000000    -10.00000000
     59.29765886     -0.00000000     -0.00000000      0.00000000      0.00000000      0.00012538     -7.94247429      0.00000131    908.78925264      0.02109939      0.00000000      0.99985735      0.45453087      0.50573492      0.50573492      0.48838820      0.99890084      7.50000000    -10.00000000
     59.56521739     -0.00000000     -0.00000000      0.00000000      0.00000000      0.00012167     -7.97841094      0.00000129    903.83270140      0.02140752      0.00000000      0.99985735      0.45470994      0.50570534      0.50570534      0.48843602      0.99889482      7.50000000    -10.00000000
     59.83277592     -0.00000000     -0.00000000      0.00000000      0.00000000      0.00011808     -8.01434829      0.00000127    898.80222005      0.02172170      0.00000000      0.99985735      0.45485269      0.50567607      0.50567607      0.48848402      0.99888864      7.50000000    -10.00000000
     60.10033445     -0.00000000     -0.00000000      0.00000000      0.00000000      0.00011460     -8.05028635      0.00000125    893.70117869      0.02204204      0.00000000      0.99985735      0.45506447      0.50564711      0.50564711      0.48853065      0.99888231      7.50000000    -10.00000000
     60.36789298     -0.00000000     -0.00000000      0.00000000      0.00000000      0.00011123     -8.08622511      0.00000123    888.53292924      0.02236864      0.00000000      0.99985735      0.45523988      0.50561845      0.50561845      0.48857744      0.99887581      7.50000000    -10.00000000
     60.63545151     -0.00000000     -0.00000000      0.00000000      0.00000000      0.00010796     -8.12216461      0.00000121    883.30078434      0.02270160      0.00000000      0.99985735      0.45541393      0.50559009      0.50559009      0.48862529      0.99886916      7.50000000    -10.00000000
     60.90301003     -0.00000000     -0.00000000      0.00000000      0.00000000      0.00010480     -8.15810484      0.00000119    878.00808824      0.02304101      0.00000000      0.99985735      0.45558746      0.50556203      0.50556203      0.48866975      0.99886235      7.50000000    -10.00000000
     61.17056856     -0.00000000     -0.00000000      0.00000000      0.00000000      0.00010173     -8.19404582      0.00000117    872.65808939      0.02338698      0.00000000      0.99985735      0.45575871      0.50553426      0.50553426      0.48871548      0.99885539      7.50000000    -10.00000000
     61.43812709     -0.00000000     -0.00000000      0.00000000      0.00000000      0.00009876     -8.22998756      0.00000116    867.25404116      0.02373961      0.00000000      0.99985735      0.45592929      0.50550678      0.50550678      0.48876093      0.99884826      7.50000000    -10.00000000
     61.70568562     -0.00000000     -0.00000000      0.00000000      0.00000000      0.00009589     -8.26593009      0.00000114    861.79914097      0.02409899      0.00000000      0.99985735      0.45609875      0.50547958      0.50547958      0.48880587      0.99884098      7.50000000    -10.00000000
     61.97324415     -0.00000000     -0.00000000      0.00000000      0.00000000      0.00009310     -8.30187341      0.00000112    856.29659997      0.02446524      0.00000000      0.99985735      0.45620567      0.50545266      0.50545266      0.48885097      0.99883354      7.50000000    -10.00000000
     62.24080268     -0.00000000     -0.00000000      0.00000000      0.00000000      0.00009040     -8.33781755      0.00000111    850.74954982      0.02483845      0.00000000      0.99985735      0.45643423      0.50542602      0.50542602      0.48889495      0.99882595      7.50000000    -10.00000000
     62.50836120     -0.00000000     -0.00000000      0.00000000      0.00000000      0.00008778     -8.37376253      0.00000109    845.16111450      0.02521873      0.00000000      0.99985735      0.45659979      0.50539964      0.50539964      0.48893894      0.99881819      7.50000000    -10.00000000
     62.77591973     -0.00000000     -0.00000000      0.00000000      0.00000000      0.00008524     -8.40970836      0.00000108    839.53437566      0.02560619      0.00000000      0.99985735      0.45676595      0.50537353      0.50537353      0.48897111      0.99881028      7.50000000    -10.00000000
     63.04347826     -0.00000000     -0.00000000      0.00000000      0.00000000      0.00008278     -8.44565508      0.00000106    833.87237802      0.02600091      0.00000000      0.99985735      0.45692861      0.50534769      0.50534769      0.48902616      0.99880221      7.50000000    -10.00000000
     63.31103679     -0.00000000     -0.00000000      0.00000000      0.00000000      0.00008040     -8.48160270      0.00000105    828.17812835      0.02640302      0.00000000      0.99985735      0.45709119      0.50532210      0.50532210      0.48906922      0.99879399      7.50000000    -10.00000000
     63.57859532     -0.00000000     -0.00000000      0.00000000      0.00000000      0.00007809     -8.51755126      0.00000103    822.45459160      0.02681261      0.00000000      0.99985735      0.45724669      0.50529677      0.50529677      0.48911216      0.99878560      7.50000000    -10.00000000
     63.84615385     -0.00000000     -0.00000000      0.00000000      0.00000000      0.00007585     -8.55350077      0.00000102    816.70470203      0.02722979      0.00000000      0.99985735      0.45741308      0.50527169      0.50527169      0.48915470      0.99877706      7.50000000    -10.00000000
     64.11371237     -0.00000000     -0.00000000      0.00000000      0.00000000      0.00007368     -8.58945127      0.00000101    810.93134266      0.02765466      0.00000000      0.99985735      0.45759826      0.50524686      0.50524686      0.48919660      0.99876837      7.50000000    -10.00000000
     64.38127090     -0.00000000     -0.00000000      0.00000000      0.00000000      0.00007158     -8.62540279      0.00000099    805.13735986      0.02808732      0.00000000      0.99985735      0.45773068      0.50522224      0.50522224      0.48923662      0.99875952      7.50000000    -10.00000000
     64.64882943     -0.00000000     -0.00000000      0.00000000      0.00000000      0.00006954     -8.66135537      0.00000098    799.32555682      0.02852788      0.00000000      0.99985735      0.45788836      0.50519792      0.50519792      0.48928001      0.99875051      7.50000000    -10.00000000
     64.91638796     -0.00000000     -0.00000000      0.00000000      0.00000000      0.00006756     -8.69730904      0.00000097    793.49863189      0.02897645      0.00000000      0.99985735      0.45804480      0.50517381      0.50517381      0.48932620      0.99874134      7.50000000    -10.00000000
     65.18394649     -0.00000000     -0.00000000      0.00000000      0.00000000      0.00006565     -8.73326383      0.00000095    787.65942613      0.02943311      0.00000000      0.99985735      0.45819890      0.50514993      0.50514993      0.48936226      0.99873203      7.50000000    -10.00000000
     65.45150502     -0.00000000     -0.00000000      0.00000000      0.00000000      0.00006379     -8.76921980      0.00000094    781.81055118      0.02989798      0.00000000      0.99985735      0.45835212      0.50512628      0.50512628      0.48940290      0.99872255      7.50000000    -10.00000000
     65.71906355     -0.00000000     -0.00000000      0.00000000      0.00000000      0.00006200     -8.80517697      0.00000093    775.95463579      0.03037116      0.00000000      0.99985735      0.45850586      0.50510286      0.50510286      0.48944322      0.99871292      7.50000000    -10.00000000
     65.98662207     -0.00000000     -0.00000000      0.00000000      0.00000000      0.00006025     -8.84113540      0.00000092    770.09426286      0.03085274      0.00000000      0.99985735      0.45865788      0.50507967      0.50507967      0.48948332      0.99870314      7.50000000    -10.00000000
     66.25418060     -0.00000000     -0.00000000      0.00000000      0.00000000      0.00005856     -8.87709512      0.00000091    764.23180598      0.03134283      0.00000000      0.99985735      0.45880874      0.50505669      0.50505669      0.48952377      0.99869321      7.50000000    -10.00000000
     66.52173913     -0.00000000     -0.00000000      0.00000000      0.00000000      0.00005692     -8.91305620      0.00000089    758.37009407      0.03184151      0.00000000      0.99985735      0.45897973      0.50503393      0.50503393      0.48956221      0.99868312      7.50000000    -10.00000000
     66.78929766     -0.00000000     -0.00000000      0.00000000      0.00000000      0.00005533     -8.94901869      0.00000088    752.51140669      0.03234888      0.00000000      0.99985735      0.45910773      0.50501139      0.50501139      0.48960188      0.99867288      7.50000000    -10.00000000
     67.05685619     -0.00000000     -0.00000000      0.00000000      0.00000000      0.00005379     -8.98498264      0.00000087    746.65814729      0.03286504      0.00000000      0.99985735      0.45925565      0.50498905      0.50498905      0.48964078      0.99866249      7.50000000    -10.00000000
     67.32441472     -0.00000000     -0.00000000      0.00000000      0.00000000      0.00005230     -9.02094810      0.00000086    740.81267493      0.03339008      0.00000000      0.99985735      0.45940226      0.50496693      0.50496693      0.48967822      0.99865195      7.50000000    -10.00000000
     67.59197324     -0.00000000     -0.00000000      0.00000000      0.00000000      0.00005085     -9.05691514      0.00000085    734.97730168      0.03392409      0.00000000      0.99985735      0.45954841      0.50494501      0.50494501      0.48971800      0.99864126      7.50000000    -10.00000000
     67.85953177     -0.00000000     -0.00000000      0.00000000      0.00000000      0.00004945     -9.09288383      0.00000084    729.15429644      0.03446715      0.00000000      0.99985735      0.45969324      0.50492329      0.50492329      0.48975610      0.99863043      7.50000000    -10.00000000
     68.12709030     -0.00000000     -0.00000000      0.00000000      0.00000000      0.00004809     -9.12885424      0.00000083    723.34588295      0.03501935      0.00000000      0.99985735      0.45983761      0.50490178      0.50490178      0.48979393      0.99861944      7.50000000    -10.00000000
     68.39464883     -0.00000000     -0.00000000      0.00000000      0.00000000      0.00004677     -9.16482643      0.00000082    717.55433708      0.03558076      0.00000000      0.99985735      0.45998064      0.50488046      0.50488046      0.48983151      0.99860832      7.50000000    -10.00000000
     68.66220736     -0.00000000     -0.00000000      0.00000000      0.00000000      0.00004549     -9.20080048      0.00000081    711.78150513      0.03615148      0.00000000      0.99985735      0.46012231      0.50485933      0.50485933      0.48986888      0.99859705      7.50000000    -10.00000000
     68.92976589     -0.00000000     -0.00000000      0.00000000      0.00000000      0.00004425     -9.23677647      0.00000080    706.02976688      0.03673156      0.00000000      0.99985735      0.46026438      0.50483840      0.50483840      0.48990600      0.99858563      7.50000000    -10.00000000
     69.19732441     -0.00000000     -0.00000000      0.00000000      0.00000000      0.00004304     -9.27275449      0.00000079    700.30106107      0.03732108      0.00000000      0.99985735      0.46040422      0.50481765      0.50481765      0.48994283      0.99857408      7.50000000    -10.00000000
     69.46488294     -0.00000000     -0.00000000      0.00000000      0.00000000      0.00004188     -9.30873462      0.00000078    694.59737302      0.03792012      0.00000000      0.99985735      0.46054267      0.50479709      0.50479709      0.48997937      0.99856239      7.50000000    -10.00000000
     69.73244147     -0.00000000     -0.00000000      0.00000000      0.00000000      0.00004075     -9.34471696      0.00000077    688.92073161      0.03852872      0.00000000      0.99985735      0.46068240      0.50477672      0.50477672      0.49001590      0.99855056      7.50000000    -10.00000000
     70.00000000     -0.00000000     -0.00000000      0.00000000      0.00000000      0.00003965     -9.38070160      0.00000077    683.27304748      0.03914694      0.00000000      0.99985735      0.46081958      0.50475653      0.50475653      0.49005178      0.99853860      7.50000000    -10.00000000
