    -10.00000000     -0.00000000     -0.00000000      0.00000000      0.00000000      0.03554332      0.00000121      0.01187195      0.00000000      0.86040627      0.00000000      0.99984503      0.50001736      0.50002249      0.50002249      0.49999749      0.00000000      5.90000000    -10.00000000
     -9.83277592     -0.00000000     -0.00000000      0.00000000      0.00000000      0.03543805      0.01104784      0.01185296      0.00004306      0.86158133      0.00000000      0.99984503      0.49991238      0.49996244      0.49996244      0.50002715      0.00004306      5.90000000    -10.00000000
     -9.66555184     -0.00000000     -0.00000000      0.00000000      0.00000000      0.03545419      0.02207438      0.01183953      0.00017218      0.86021401      0.00000000      0.99984503      0.50017823      0.49992699      0.49992699      0.50042990      0.00017215      5.90000000    -10.00000000
     -9.49832776     -0.00000000     -0.00000000      0.00000000      0.00000000      0.03548915      0.03299638      0.01181727      0.00038583      0.85775105      0.00000000      0.99984503      0.50130244      0.49989162      0.49989162      0.50036001      0.00038568      5.90000000    -10.00000000
     -9.33110368     -0.00000000     -0.00000000      0.00000000      0.00000000      0.03553490      0.04378015      0.01178621      0.00068189      0.85439488      0.00000000      0.99984503      0.50118889      0.49985688      0.49985688      0.50016211      0.00068143      5.90000000    -10.00000000
     -9.16387960     -0.00000000     -0.00000000      0.00000000      0.00000000      0.03559074      0.05438346      0.01174643      0.00105742      0.85017539      0.00000000      0.99984503      0.50050368      0.49982384      0.49982384      0.50004235      0.00105630      5.90000000    -10.00000000
     -8.99665552     -0.00000000     -0.00000000      0.00000000      0.00000000      0.03565678      0.06476313      0.01169806      0.00150857      0.84510587      0.00000000      0.99984503      0.50013354      0.49979243      0.49979243      0.49994383      0.00150630      5.90000000    -10.00000000
     -8.82943144     -0.00000000     -0.00000000      0.00000000      0.00000000      0.03573321      0.07487582      0.01164122      0.00203067      0.83920097      0.00000000      0.99984503      0.49980914      0.49976272      0.49976272      0.49985727      0.00202655      5.90000000    -10.00000000
     -8.66220736     -0.00000000     -0.00000000      0.00000000      0.00000000      0.03582011      0.08467886      0.01157608      0.00261817      0.83248089      0.00000000      0.99984503      0.49951402      0.49973728      0.49973728      0.49977636      0.00261133      5.90000000    -10.00000000
     -8.49498328     -0.00000000     -0.00000000      0.00000000      0.00000000      0.03591748      0.09413086      0.01150284      0.00326473      0.82497121      0.00000000      0.99984503      0.49927319      0.49971392      0.49971392      0.49969517      0.00325410      5.90000000    -10.00000000
     -8.32775920     -0.00000000     -0.00000000      0.00000000      0.00000000      0.03602523      0.10319218      0.01142170      0.00396325      0.81670205      0.00000000      0.99984503      0.49900576      0.49968995      0.49968995      0.49962142      0.00394760      5.90000000    -10.00000000
     -8.16053512     -0.00000000     -0.00000000      0.00000000      0.00000000      0.03614323      0.11182528      0.01133291      0.00470595      0.80770720      0.00000000      0.99984503      0.49874257      0.49966847      0.49966847      0.49954457      0.00468391      5.90000000    -10.00000000
     -7.99331104     -0.00000000     -0.00000000      0.00000000      0.00000000      0.03627133      0.11999483      0.01123672      0.00548442      0.79802352      0.00000000      0.99984503      0.49848742      0.49965010      0.49965010      0.49948237      0.00545451      5.90000000    -10.00000000
     -7.82608696     -0.00000000     -0.00000000      0.00000000      0.00000000      0.03640933      0.12766788      0.01113342      0.00628969      0.78769037      0.00000000      0.99984503      0.49818194      0.49963643      0.49963643      0.49938128      0.00625038      5.90000000    -10.00000000
     -7.65886288     -0.00000000     -0.00000000      0.00000000      0.00000000      0.03655702      0.13481380      0.01102331      0.00711229      0.77674916      0.00000000      0.99984503      0.49792873      0.49962652      0.49962652      0.49929948      0.00706206      5.90000000    -10.00000000
     -7.49163880     -0.00000000     -0.00000000      0.00000000      0.00000000      0.03671417      0.14140432      0.01090670      0.00794232      0.76524289      0.00000000      0.99984503      0.49755760      0.49962144      0.49962144      0.49921076      0.00787974      5.90000000    -10.00000000
     -7.32441472     -0.00000000     -0.00000000      0.00000000      0.00000000      0.03688051      0.14741346      0.01078392      0.00876953      0.75321576      0.00000000      0.99984503      0.49713460      0.49962057      0.49962057      0.49911561      0.00869329      5.90000000    -10.00000000
     -7.15719064     -0.00000000     -0.00000000      0.00000000      0.00000000      0.03705578      0.15281756      0.01065531      0.00958337      0.74071278      0.00000000      0.99984503      0.49651083      0.49962292      0.49962292      0.49902151      0.00949240      5.90000000    -10.00000000
     -6.98996656     -0.00000000     -0.00000000      0.00000000      0.00000000      0.03723967      0.15759523      0.01052122      0.01037308      0.72777941      0.00000000      0.99984503      0.49596860      0.49963338      0.49963338      0.49892207      0.01026659      5.90000000    -10.00000000
     -6.82274247     -0.00000000     -0.00000000      0.00000000      0.00000000      0.03743188      0.16172738      0.01038199      0.01112782      0.71446121      0.00000000      0.99984503      0.49593185      0.49965026      0.49965026      0.49882693      0.01100535      5.90000000    -10.00000000
     -6.65551839     -0.00000000     -0.00000000      0.00000000      0.00000000      0.03763206      0.16519708      0.01023799      0.01183668      0.70080352      0.00000000      0.99984503      0.49585269      0.49966638      0.49966638      0.49870646      0.01169821      5.90000000    -10.00000000
     -6.48829431     -0.00000000     -0.00000000      0.00000000      0.00000000      0.03783986      0.16799008      0.01008957      0.01248896      0.68685122      0.00000000      0.99984503      0.49574842      0.49969219      0.49969219      0.49858777      0.01233491      5.90000000    -10.00000000
     -6.32107023     -0.00000000     -0.00000000      0.00000000      0.00000000      0.03805491      0.17009361      0.00993709      0.01307403      0.67264833      0.00000000      0.99984503      0.49559872      0.49972336      0.49972336      0.49846546      0.01290530      5.90000000    -10.00000000
     -6.15384615     -0.00000000     -0.00000000      0.00000000      0.00000000      0.03827683      0.17149725      0.00978091      0.01358166      0.65823790      0.00000000      0.99984503      0.49539536      0.49976067      0.49976067      0.49833138      0.01339967      5.90000000    -10.00000000
     -5.98662207     -0.00000000     -0.00000000      0.00000000      0.00000000      0.03850520      0.17219311      0.00962138      0.01400217      0.64366173      0.00000000      0.99984503      0.49516399      0.49980442      0.49980442      0.49819020      0.01380882      5.90000000    -10.00000000
     -5.81939799     -0.00000000     -0.00000000      0.00000000      0.00000000      0.03873960      0.17217502      0.00945886      0.01432645      0.62896021      0.00000000      0.99984503      0.49479286      0.49985441      0.49985441      0.49804296      0.01412410      5.90000000    -10.00000000
     -5.65217391     -0.00000000     -0.00000000      0.00000000      0.00000000      0.03897960      0.17143881      0.00929369      0.01454621      0.61417210      0.00000000      0.99984503      0.49460335      0.49991065      0.49991065      0.49786525      0.01433765      5.90000000    -10.00000000
     -5.48494983     -0.00000000     -0.00000000      0.00000000      0.00000000      0.03922475      0.16998217      0.00912620      0.01465410      0.59933443      0.00000000      0.99984503      0.49427424      0.49997381      0.49997381      0.49770223      0.01444245      5.90000000    -10.00000000
     -5.31772575     -0.00000000     -0.00000000      0.00000000      0.00000000      0.03947459      0.16780458      0.00895673      0.01464393      0.58448238      0.00000000      0.99984503      0.49392234      0.50003668      0.50003668      0.49745734      0.01443258      5.90000000    -10.00000000
     -5.15050167     -0.00000000     -0.00000000      0.00000000      0.00000000      0.03972864      0.16490720      0.00878561      0.01451086      0.56964919      0.00000000      0.99984503      0.49352378      0.50012106      0.50012106      0.49719809      0.01430331      5.90000000    -10.00000000
     -4.98327759     -0.00000000     -0.00000000      0.00000000      0.00000000      0.03998642      0.16129278      0.00861313      0.01425159      0.55486608      0.00000000      0.99984503      0.49309662      0.50020588      0.50020588      0.49709937      0.01405133      5.90000000    -10.00000000
     -4.81605351     -0.00000000     -0.00000000      0.00000000      0.00000000      0.04024742      0.15696557      0.00843962      0.01386456      0.54016222      0.00000000      0.99984503      0.49264084      0.50029795      0.50029795      0.49698586      0.01367496      5.90000000    -10.00000000
     -4.64882943     -0.00000000     -0.00000000      0.00000000      0.00000000      0.04051115      0.15193116      0.00826535      0.01335024      0.52556471      0.00000000      0.99984503      0.49214117      0.50039726      0.50039726      0.49680368      0.01317436      5.90000000    -10.00000000
     -4.48160535     -0.00000000     -0.00000000      0.00000000      0.00000000      0.04077708      0.14619645      0.00809061      0.01271132      0.51109858      0.00000000      0.99984503      0.49164423      0.50050448      0.50050448      0.49672553      0.01255177      5.90000000    -10.00000000
     -4.31438127     -0.00000000     -0.00000000      0.00000000      0.00000000      0.04104470      0.13976949      0.00791567      0.01195298      0.49678679      0.00000000      0.99984503      0.49110155      0.50062006      0.50062006      0.49652243      0.01181180      5.90000000    -10.00000000
     -4.14715719     -0.00000000     -0.00000000      0.00000000      0.00000000      0.04131347      0.13265943      0.00774078      0.01108320      0.48265026      0.00000000      0.99984503      0.49052888      0.50074284      0.50074284      0.49641453      0.01096171      5.90000000    -10.00000000
     -3.97993311     -0.00000000     -0.00000000      0.00000000      0.00000000      0.04158286      0.12487636      0.00756619      0.01011299      0.46870796      0.00000000      0.99984503      0.48992067      0.50087346      0.50087346      0.49624283      0.01001174      5.90000000    -10.00000000
     -3.81270903     -0.00000000     -0.00000000      0.00000000      0.00000000      0.04185231      0.11643128      0.00739212      0.00905673      0.45497689      0.00000000      0.99984503      0.48928704      0.50101208      0.50101208      0.49606075      0.00897544      5.90000000    -10.00000000
     -3.64548495     -0.00000000     -0.00000000      0.00000000      0.00000000      0.04212128      0.10733595      0.00721881      0.00793247      0.44147224      0.00000000      0.99984503      0.48863622      0.50115834      0.50115834      0.49586801      0.00787004      5.90000000    -10.00000000
     -3.47826087     -0.00000000     -0.00000000      0.00000000      0.00000000      0.04238920      0.09760283      0.00704644      0.00676227      0.42820736      0.00000000      0.99984503      0.48794788      0.50131772      0.50131772      0.49567562      0.00671684      5.90000000    -10.00000000
     -3.31103679     -0.00000000     -0.00000000      0.00000000      0.00000000      0.04265551      0.08724499      0.00687522      0.00557252      0.41519392      0.00000000      0.99984503      0.48728650      0.50147139      0.50147139      0.49544760      0.00554164      5.90000000    -10.00000000
     -3.14381271     -0.00000000     -0.00000000      0.00000000      0.00000000      0.04291965      0.07627601      0.00670533      0.00439435      0.40244195      0.00000000      0.99984503      0.48648998      0.50164701      0.50164701      0.49522642      0.00437512      5.90000000    -10.00000000
     -2.97658863     -0.00000000     -0.00000000      0.00000000      0.00000000      0.04318103      0.06470989      0.00653692      0.00326395      0.38995994      0.00000000      0.99984503      0.48572102      0.50182640      0.50182640      0.49499172      0.00325333      5.90000000    -10.00000000
     -2.80936455     -0.00000000     -0.00000000      0.00000000      0.00000000      0.04343908      0.05256102      0.00637017      0.00222300      0.37775491      0.00000000      0.99984503      0.48492969      0.50201211      0.50201211      0.49474930      0.00221807      5.90000000    -10.00000000
     -2.64214047     -0.00000000     -0.00000000      0.00000000      0.00000000      0.04369323      0.03984402      0.00620522      0.00131906      0.36583251      0.00000000      0.99984503      0.48416425      0.50220666      0.50220666      0.49449946      0.00131733      5.90000000    -10.00000000
     -2.47491639     -0.00000000     -0.00000000      0.00000000      0.00000000      0.04394290      0.02657376      0.00604219      0.00060601      0.35419711      0.00000000      0.99984503      0.48328288      0.50240890      0.50240890      0.49423708      0.00060565      5.90000000    -10.00000000
     -2.30769231     -0.00000000     -0.00000000      0.00000000      0.00000000      0.04418751      0.01276523      0.00588121      0.00014447      0.34285186      0.00000000      0.99984503      0.48241978      0.50261909      0.50261909      0.49395996      0.00014445      5.90000000    -10.00000000
     -2.14046823     -0.00000000     -0.00000000      0.00000000      0.00000000      0.04442648     -0.00156649      0.00572239      0.00000225      0.33179881      0.00000000      0.99984503      0.48159541      0.50283586      0.50283586      0.49368484      0.00000225      5.90000000    -10.00000000
     -1.97324415     -0.00000000     -0.00000000      0.00000000      0.00000000      0.04465926     -0.01640632      0.00556583      0.00025485      0.32103897      0.00000000      0.99984503      0.48066313      0.50306890      0.50306890      0.49339368      0.00025479      5.90000000    -10.00000000
     -1.80602007     -0.00000000     -0.00000000      0.00000000      0.00000000      0.04488528     -0.03173916      0.00541162      0.00098594      0.31057241      0.00000000      0.99984503      0.47964088      0.50329395      0.50329395      0.49310064      0.00098497      5.90000000    -10.00000000
     -1.63879599     -0.00000000     -0.00000000      0.00000000      0.00000000      0.04510398     -0.04755004      0.00525984      0.00228784      0.30039833      0.00000000      0.99984503      0.47859908      0.50353260      0.50353260      0.49279509      0.00228262      5.90000000    -10.00000000
     -1.47157191     -0.00000000     -0.00000000      0.00000000      0.00000000      0.04531482     -0.06382405      0.00511057      0.00426208      0.29051515      0.00000000      0.99984503      0.47753430      0.50378074      0.50378074      0.49244950      0.00424399      5.90000000    -10.00000000
     -1.30434783     -0.00000000     -0.00000000      0.00000000      0.00000000      0.04551727     -0.08054647      0.00496387      0.00701990      0.28092057      0.00000000      0.99984503      0.47625810      0.50403407      0.50403407      0.49216683      0.00697097      5.90000000    -10.00000000
     -1.13712375     -0.00000000     -0.00000000      0.00000000      0.00000000      0.04571080     -0.09770275      0.00481979      0.01068284      0.27161168      0.00000000      0.99984503      0.47535753      0.50429432      0.50429432      0.49184072      0.01056992      5.90000000    -10.00000000
     -0.96989967     -0.00000000     -0.00000000      0.00000000      0.00000000      0.04589491     -0.11527855      0.00467837      0.01538327      0.26258498      0.00000000      0.99984503      0.47423790      0.50456040      0.50456040      0.49150720      0.01515021      5.90000000    -10.00000000
     -0.80267559     -0.00000000     -0.00000000      0.00000000      0.00000000      0.04606910     -0.13325975      0.00453967      0.02126500      0.25383648      0.00000000      0.99984503      0.47309139      0.50484186      0.50484186      0.49116766      0.02082222      5.90000000    -10.00000000
     -0.63545151     -0.00000000     -0.00000000      0.00000000      0.00000000      0.04623289     -0.15163253      0.00440371      0.02848390      0.24536174      0.00000000      0.99984503      0.47193031      0.50511451      0.50511451      0.49082235      0.02769503      5.90000000    -10.00000000
     -0.46822742     -0.00000000     -0.00000000      0.00000000      0.00000000      0.04638582     -0.17038329      0.00427051      0.03720844      0.23715596      0.00000000      0.99984503      0.47074459      0.50539788      0.50539788      0.49047130      0.03587364      5.90000000    -10.00000000
     -0.30100334     -0.00000000     -0.00000000      0.00000000      0.00000000      0.04652744     -0.18949877      0.00414010      0.04762042      0.22921399      0.00000000      0.99984503      0.46954574      0.50567456      0.50567456      0.49010168      0.04545579      5.90000000    -10.00000000
     -0.13377926     -0.00000000     -0.00000000      0.00000000      0.00000000      0.04665734     -0.20896597      0.00401249      0.05991551      0.22153042      0.00000000      0.99984503      0.46832084      0.50598482      0.50598482      0.48976101      0.05652857      5.90000000    -10.00000000
      0.03344482     -0.00000000     -0.00000000      0.00000000      0.00000000      0.04677511     -0.22877222      0.00388769      0.07430400      0.21409962      0.00000000      0.99984503      0.46708682      0.50628244      0.50628244      0.48941911      0.06916478      5.90000000    -10.00000000
      0.20066890     -0.00000000     -0.00000000      0.00000000      0.00000000      0.04688036     -0.24890516      0.00376569      0.09101139      0.20691575      0.00000000      0.99984503      0.46583253      0.50658837      0.50658837      0.48901904      0.08341929      5.90000000    -10.00000000
      0.36789298     -0.00000000     -0.00000000      0.00000000      0.00000000      0.04697274     -0.26935274      0.00364651      0.11027912      0.19997284      0.00000000      0.99984503      0.46454380      0.50689916      0.50689916      0.48861380      0.09932558      5.90000000    -10.00000000
      0.53511706     -0.00000000     -0.00000000      0.00000000      0.00000000      0.04705191     -0.29010322      0.00353013      0.13236520      0.19326481      0.00000000      0.99984503      0.46325355      0.50721279      0.50721279      0.48820467      0.11689268      5.90000000    -10.00000000
      0.70234114     -0.00000000     -0.00000000      0.00000000      0.00000000      0.04711756     -0.31114519      0.00341654      0.15754497      0.18678550      0.00000000      0.99984503      0.46194576      0.50752986      0.50752986      0.48779130      0.13610268      5.90000000    -10.00000000
      0.86956522     -0.00000000     -0.00000000      0.00000000      0.00000000      0.04716940     -0.33246755      0.00330573      0.18611174      0.18052870      0.00000000      0.99984503      0.46052016      0.50784942      0.50784942      0.48739245      0.15690911      5.90000000    -10.00000000
      1.03678930     -0.00000000     -0.00000000      0.00000000      0.00000000      0.04720718     -0.35405948      0.00319768      0.21837750      0.17448820      0.00000000      0.99984503      0.45929060      0.50817459      0.50817459      0.48697869      0.17923632      5.90000000    -10.00000000
      1.20401338     -0.00000000     -0.00000000      0.00000000      0.00000000      0.04723066     -0.37591047      0.00309237      0.25467361      0.16865779      0.00000000      0.99984503      0.45794316      0.50850303      0.50850303      0.48655918      0.20297997      5.90000000    -10.00000000
      1.37123746     -0.00000000     -0.00000000      0.00000000      0.00000000      0.04723963     -0.39801029      0.00298977      0.29535146      0.16303129      0.00000000      0.99984503      0.45678813      0.50883041      0.50883041      0.48613831      0.22800875      5.90000000    -10.00000000
      1.53846154     -0.00000000     -0.00000000      0.00000000      0.00000000      0.04723394     -0.42034896      0.00288987      0.34078313      0.15760260      0.00000000      0.99984503      0.45521123      0.50916145      0.50916145      0.48571355      0.25416723      5.90000000    -10.00000000
      1.70568562     -0.00000000     -0.00000000      0.00000000      0.00000000      0.04721343     -0.44291679      0.00279263      0.39136200      0.15236568      0.00000000      0.99984503      0.45379355      0.50949409      0.50949409      0.48528067      0.28127978      5.90000000    -10.00000000
      1.87290970     -0.00000000     -0.00000000      0.00000000      0.00000000      0.04717798     -0.46570430      0.00269802      0.44750334      0.14731458      0.00000000      0.99984503      0.45243843      0.50982866      0.50982866      0.48512189      0.30915531      5.90000000    -10.00000000
      2.04013378     -0.00000000     -0.00000000      0.00000000      0.00000000      0.04712752     -0.48870229      0.00260602      0.50964485      0.14244349      0.00000000      0.99984503      0.45103930      0.51016289      0.51016289      0.48441529      0.33759255      5.90000000    -10.00000000
      2.20735786     -0.00000000     -0.00000000      0.00000000      0.00000000      0.04706197     -0.51190180      0.00251659      0.57824718      0.13774673      0.00000000      0.99984503      0.44963781      0.51049878      0.51049878      0.48398033      0.36638569      5.90000000    -10.00000000
      2.37458194     -0.00000000     -0.00000000      0.00000000      0.00000000      0.04698132     -0.53529417      0.00242969      0.65379440      0.13321875      0.00000000      0.99984503      0.44822477      0.51083429      0.51083429      0.48354300      0.39532992      5.90000000    -10.00000000
      2.54180602     -0.00000000     -0.00000000      0.00000000      0.00000000      0.04688555     -0.55887106      0.00234530      0.73679450      0.12885414      0.00000000      0.99984503      0.44680741      0.51120355      0.51120355      0.48317087      0.42422664      5.90000000    -10.00000000
      2.70903010     -0.00000000     -0.00000000      0.00000000      0.00000000      0.04677466     -0.58262455      0.00226337      0.82778001      0.12464766      0.00000000      0.99984503      0.44539008      0.51150512      0.51150512      0.48263864      0.45288821      5.90000000    -10.00000000
      2.87625418     -0.00000000     -0.00000000      0.00000000      0.00000000      0.04664868     -0.60654718      0.00218387      0.92730866      0.12059418      0.00000000      0.99984503      0.44388840      0.51184158      0.51184158      0.48222610      0.48114175      5.90000000    -10.00000000
      3.04347826     -0.00000000     -0.00000000      0.00000000      0.00000000      0.04650762     -0.63063204      0.00210675      1.03596428      0.11668870      0.00000000      0.99984503      0.44253961      0.51220222      0.51220222      0.48178926      0.50883225      5.90000000    -10.00000000
      3.21070234     -0.00000000     -0.00000000      0.00000000      0.00000000      0.04635154     -0.65487282      0.00203198      1.15435785      0.11292627      0.00000000      0.99984503      0.44112449      0.51250426      0.51250426      0.48134976      0.53582456      5.90000000    -10.00000000
      3.37792642     -0.00000000     -0.00000000      0.00000000      0.00000000      0.04618048     -0.67926378      0.00195951      1.28312858      0.10930203      0.00000000      0.99984503      0.43969122      0.51283376      0.51283376      0.48091269      0.56200452      5.90000000    -10.00000000
      3.54515050     -0.00000000     -0.00000000      0.00000000      0.00000000      0.04599451     -0.70379969      0.00188929      1.42294504      0.10581117      0.00000000      0.99984503      0.43826764      0.51316129      0.51316129      0.48047695      0.58727912      5.90000000    -10.00000000
      3.71237458     -0.00000000     -0.00000000      0.00000000      0.00000000      0.04579373     -0.72847566      0.00182127      1.57450596      0.10244890      0.00000000      0.99984503      0.43684257      0.51348617      0.51348617      0.48004286      0.61157596      5.90000000    -10.00000000
      3.87959866     -0.00000000     -0.00000000      0.00000000      0.00000000      0.04557828     -0.75328705      0.00175540      1.73854090      0.09921049      0.00000000      0.99984503      0.43542535      0.51380822      0.51380822      0.47961018      0.63484204      5.90000000    -10.00000000
      4.04682274     -0.00000000     -0.00000000      0.00000000      0.00000000      0.04534834     -0.77822934      0.00169163      1.91581066      0.09609131      0.00000000      0.99984503      0.43400933      0.51412718      0.51412718      0.47917724      0.65704220      5.90000000    -10.00000000
      4.21404682     -0.00000000     -0.00000000      0.00000000      0.00000000      0.04510410     -0.80329801      0.00162991      2.10710752      0.09308682      0.00000000      0.99984503      0.43260014      0.51444264      0.51444264      0.47874978      0.67815726      5.90000000    -10.00000000
      4.38127090     -0.00000000     -0.00000000      0.00000000      0.00000000      0.04484581     -0.82848858      0.00157019      2.31325561      0.09019261      0.00000000      0.99984503      0.43119363      0.51476200      0.51476200      0.47831787      0.69818205      5.90000000    -10.00000000
      4.54849498     -0.00000000     -0.00000000      0.00000000      0.00000000      0.04457377     -0.85379658      0.00151242      2.53511124      0.08740440      0.00000000      0.99984503      0.42971522      0.51506291      0.51506291      0.47789908      0.71712347      5.90000000    -10.00000000
      4.71571906     -0.00000000     -0.00000000      0.00000000      0.00000000      0.04428826     -0.87921761      0.00145655      2.77356332      0.08471810      0.00000000      0.99984503      0.42840619      0.51536733      0.51536733      0.47747729      0.73499848      5.90000000    -10.00000000
      4.88294314     -0.00000000     -0.00000000      0.00000000      0.00000000      0.04398961     -0.90474735      0.00140253      3.02953381      0.08212972      0.00000000      0.99984503      0.42702385      0.51566363      0.51566363      0.47706248      0.75183233      5.90000000    -10.00000000
      5.05016722     -0.00000000     -0.00000000      0.00000000      0.00000000      0.04367818     -0.93038157      0.00135030      3.30397806      0.07963547      0.00000000      0.99984503      0.42564535      0.51595526      0.51595526      0.47665041      0.76765681      5.90000000    -10.00000000
      5.21739130     -0.00000000     -0.00000000      0.00000000      0.00000000      0.04335432     -0.95611618      0.00129984      3.59788513      0.07723169      0.00000000      0.99984503      0.42427998      0.51624140      0.51624140      0.47629321      0.78250870      5.90000000    -10.00000000
      5.38461538     -0.00000000     -0.00000000      0.00000000      0.00000000      0.04301842     -0.98194722      0.00125107      3.91227799      0.07491488      0.00000000      0.99984503      0.42292138      0.51652272      0.51652272      0.47583013      0.79642846      5.90000000    -10.00000000
      5.55183946     -0.00000000     -0.00000000      0.00000000      0.00000000      0.04267086     -1.00787085      0.00120397      4.24821361      0.07268168      0.00000000      0.99984503      0.42167510      0.51679851      0.51679851      0.47543987      0.80945898      5.90000000    -10.00000000
      5.71906355     -0.00000000     -0.00000000      0.00000000      0.00000000      0.04231204     -1.03388339      0.00115849      4.60678299      0.07052886      0.00000000      0.99984503      0.42022964      0.51707238      0.51707238      0.47504547      0.82164460      5.90000000    -10.00000000
      5.88628763     -0.00000000     -0.00000000      0.00000000      0.00000000      0.04194240     -1.05998127      0.00111457      4.98911110      0.06845335      0.00000000      0.99984503      0.41889230      0.51733182      0.51733182      0.47465640      0.83303031      5.90000000    -10.00000000
      6.05351171     -0.00000000     -0.00000000      0.00000000      0.00000000      0.04156233     -1.08616109      0.00107219      5.39635670      0.06645220      0.00000000      0.99984503      0.41755425      0.51758921      0.51758921      0.47427384      0.84366100      5.90000000    -10.00000000
      6.22073579     -0.00000000     -0.00000000      0.00000000      0.00000000      0.04117229     -1.11241954      0.00103128      5.82971219      0.06452256      0.00000000      0.99984503      0.41632234      0.51783649      0.51783649      0.47389589      0.85358095      5.90000000    -10.00000000
      6.38795987     -0.00000000     -0.00000000      0.00000000      0.00000000      0.04077272     -1.13875348      0.00099182      6.29040317      0.06266174      0.00000000      0.99984503      0.41508432      0.51808472      0.51808472      0.47352456      0.86283337      5.90000000    -10.00000000
      6.55518395     -0.00000000     -0.00000000      0.00000000      0.00000000      0.04036406     -1.16515987      0.00095376      6.77968815      0.06086713      0.00000000      0.99984503      0.41384683      0.51832260      0.51832260      0.47315860      0.87146014      5.90000000    -10.00000000
      6.72240803     -0.00000000     -0.00000000      0.00000000      0.00000000      0.03994676     -1.19163583      0.00091706      7.29885790      0.05913624      0.00000000      0.99984503      0.41262196      0.51855255      0.51855255      0.47279940      0.87950149      5.90000000    -10.00000000
      6.88963211     -0.00000000     -0.00000000      0.00000000      0.00000000      0.03952129     -1.21817856      0.00088167      7.84923484      0.05746668      0.00000000      0.99984503      0.41141250      0.51877593      0.51877593      0.47260131      0.88699588      5.90000000    -10.00000000
      7.05685619     -0.00000000     -0.00000000      0.00000000      0.00000000      0.03908810     -1.24478541      0.00084757      8.43217224      0.05585615      0.00000000      0.99984503      0.41017256      0.51899222      0.51899222      0.47210074      0.89397988      5.90000000    -10.00000000
      7.22408027     -0.00000000     -0.00000000      0.00000000      0.00000000      0.03864767     -1.27145382      0.00081471      9.04905326      0.05430247      0.00000000      0.99984503      0.40904208      0.51920091      0.51920091      0.47177430      0.90048814      5.90000000    -10.00000000
      7.39130435     -0.00000000     -0.00000000      0.00000000      0.00000000      0.03820045     -1.29818136      0.00078305      9.70128954      0.05280351      0.00000000      0.99984503      0.40793063      0.51940377      0.51940377      0.47142790      0.90655332      5.90000000    -10.00000000
      7.55852843     -0.00000000     -0.00000000      0.00000000      0.00000000      0.03774691     -1.32496568      0.00075256     10.39032043      0.05135726      0.00000000      0.99984503      0.40674691      0.51959712      0.51959712      0.47110240      0.91220616      5.90000000    -10.00000000
      7.72575251     -0.00000000     -0.00000000      0.00000000      0.00000000      0.03728752     -1.35180455      0.00072321     11.11761091      0.04996177      0.00000000      0.99984503      0.40578611      0.51978385      0.51978385      0.47078441      0.91747548      5.90000000    -10.00000000
      7.89297659     -0.00000000     -0.00000000      0.00000000      0.00000000      0.03682274     -1.37869583      0.00069494     11.88465010      0.04861520      0.00000000      0.99984503      0.40452736      0.51996307      0.51996307      0.47047290      0.92238827      5.90000000    -10.00000000
      8.06020067     -0.00000000     -0.00000000      0.00000000      0.00000000      0.03635303     -1.40563747      0.00066774     12.69294922      0.04731574      0.00000000      0.99984503      0.40344715      0.52013473      0.52013473      0.47016937      0.92696971      5.90000000    -10.00000000
      8.22742475     -0.00000000     -0.00000000      0.00000000      0.00000000      0.03587885     -1.43262749      0.00064156     13.54403942      0.04606169      0.00000000      0.99984503      0.40238929      0.52029885      0.52029885      0.46987315      0.93124331      5.90000000    -10.00000000
      8.39464883     -0.00000000     -0.00000000      0.00000000      0.00000000      0.03540064     -1.45966404      0.00061638     14.43946924      0.04485141      0.00000000      0.99984503      0.40135622      0.52045560      0.52045560      0.46958416      0.93523093      5.90000000    -10.00000000
      8.56187291     -0.00000000     -0.00000000      0.00000000      0.00000000      0.03491886     -1.48674530      0.00059216     15.38080203      0.04368332      0.00000000      0.99984503      0.40033554      0.52060511      0.52060511      0.46929160      0.93895293      5.90000000    -10.00000000
      8.72909699     -0.00000000     -0.00000000      0.00000000      0.00000000      0.03443395     -1.51386955      0.00056886     16.36961271      0.04255592      0.00000000      0.99984503      0.39933830      0.52074555      0.52074555      0.46903038      0.94242819      5.90000000    -10.00000000
      8.89632107     -0.00000000     -0.00000000      0.00000000      0.00000000      0.03394635     -1.54103515      0.00054647     17.40748486      0.04146776      0.00000000      0.99984503      0.39836396      0.52087838      0.52087838      0.46876495      0.94567427      5.90000000    -10.00000000
      9.06354515     -0.00000000     -0.00000000      0.00000000      0.00000000      0.03345647     -1.56824051      0.00052494     18.49601021      0.04041744      0.00000000      0.99984503      0.39741500      0.52100373      0.52100373      0.46850724      0.94870745      5.90000000    -10.00000000
      9.23076923     -0.00000000     -0.00000000      0.00000000      0.00000000      0.03296474     -1.59548414      0.00050425     19.63676798      0.03940365      0.00000000      0.99984503      0.39623985      0.52112157      0.52112157      0.46825733      0.95154280      5.90000000    -10.00000000
      9.39799331     -0.00000000     -0.00000000      0.00000000      0.00000000      0.03247158     -1.62276457      0.00048437     20.83135485      0.03842510      0.00000000      0.99984503      0.39557926      0.52123187      0.52123187      0.46801532      0.95419432      5.90000000    -10.00000000
      9.56521739     -0.00000000     -0.00000000      0.00000000      0.00000000      0.03197737     -1.65008043      0.00046527     22.08134924      0.03748057      0.00000000      0.99984503      0.39468952      0.52133454      0.52133454      0.46779042      0.95667498      5.90000000    -10.00000000
      9.73244147     -0.00000000     -0.00000000      0.00000000      0.00000000      0.03148251     -1.67743040      0.00044693     23.38830989      0.03656888      0.00000000      0.99984503      0.39382739      0.52143040      0.52143040      0.46755468      0.95899675      5.90000000    -10.00000000
      9.89966555     -0.00000000     -0.00000000      0.00000000      0.00000000      0.03098739     -1.70481321      0.00042932     24.75379484      0.03568891      0.00000000      0.99984503      0.39298843      0.52151876      0.52151876      0.46733605      0.96117077      5.90000000    -10.00000000
     10.06688963     -0.00000000     -0.00000000      0.00000000      0.00000000      0.03049238     -1.73222764      0.00041241     26.17932911      0.03483958      0.00000000      0.99984503      0.39217060      0.52159994      0.52159994      0.46711790      0.96320733      5.90000000    -10.00000000
     10.23411371     -0.00000000     -0.00000000      0.00000000      0.00000000      0.02999782     -1.75967254      0.00039617     27.66641284      0.03401985      0.00000000      0.99984503      0.39137433      0.52167403      0.52167403      0.46692270      0.96511597      5.90000000    -10.00000000
     10.40133779     -0.00000000     -0.00000000      0.00000000      0.00000000      0.02950408     -1.78714680      0.00038059     29.21651297      0.03322872      0.00000000      0.99984503      0.39060518      0.52174113      0.52174113      0.46672762      0.96690551      5.90000000    -10.00000000
     10.56856187     -0.00000000     -0.00000000      0.00000000      0.00000000      0.02901149     -1.81464935      0.00036564     30.83105761      0.03246523      0.00000000      0.99984503      0.38985694      0.52180172      0.52180172      0.46657658      0.96858414      5.90000000    -10.00000000
     10.73578595     -0.00000000     -0.00000000      0.00000000      0.00000000      0.02852037     -1.84217919      0.00035129     32.51142964      0.03172847      0.00000000      0.99984503      0.38925160      0.52185470      0.52185470      0.46636041      0.97015943      5.90000000    -10.00000000
     10.90301003     -0.00000000     -0.00000000      0.00000000      0.00000000      0.02803105     -1.86973535      0.00033753     34.25897686      0.03101754      0.00000000      0.99984503      0.38842932      0.52190144      0.52190144      0.46618855      0.97163843      5.90000000    -10.00000000
     11.07023411     -0.00000000     -0.00000000      0.00000000      0.00000000      0.02754380     -1.89731691      0.00032432     36.07494369      0.03033162      0.00000000      0.99984503      0.38774860      0.52194085      0.52194085      0.46603048      0.97302761      5.90000000    -10.00000000
     11.23745819     -0.00000000     -0.00000000      0.00000000      0.00000000      0.02705894     -1.92492297      0.00031166     37.96055888      0.02966987      0.00000000      0.99984503      0.38709007      0.52197605      0.52197605      0.46586734      0.97433302      5.90000000    -10.00000000
     11.40468227     -0.00000000     -0.00000000      0.00000000      0.00000000      0.02657673     -1.95255270      0.00029952     39.91696614      0.02903150      0.00000000      0.99984503      0.38645620      0.52200468      0.52200468      0.46571792      0.97556026      5.90000000    -10.00000000
     11.57190635     -0.00000000     -0.00000000      0.00000000      0.00000000      0.02609744     -1.98020529      0.00028788     41.94522632      0.02841577      0.00000000      0.99984503      0.38584632      0.52202423      0.52202423      0.46557548      0.97671452      5.90000000    -10.00000000
     11.73913043     -0.00000000     -0.00000000      0.00000000      0.00000000      0.02562131     -2.00787998      0.00027673     44.04635032      0.02782192      0.00000000      0.99984503      0.38526081      0.52203952      0.52203952      0.46544112      0.97780064      5.90000000    -10.00000000
     11.90635452     -0.00000000     -0.00000000      0.00000000      0.00000000      0.02514860     -2.03557603      0.00026603     46.22124147      0.02724925      0.00000000      0.99984503      0.38468516      0.52204893      0.52204893      0.46531355      0.97882309      5.90000000    -10.00000000
     12.07357860     -0.00000000     -0.00000000      0.00000000      0.00000000      0.02467952     -2.06329274      0.00025578     48.47069689      0.02669709      0.00000000      0.99984503      0.38413832      0.52205238      0.52205238      0.46519320      0.97978601      5.90000000    -10.00000000
     12.24080268     -0.00000000     -0.00000000      0.00000000      0.00000000      0.02421429     -2.09103077      0.00024594     50.79873024      0.02616312      0.00000000      0.99984503      0.38361472      0.52205058      0.52205058      0.46510554      0.98069451      5.90000000    -10.00000000
     12.40802676     -0.00000000     -0.00000000      0.00000000      0.00000000      0.02375312     -2.11878555      0.00023654     53.19611192      0.02565167      0.00000000      0.99984503      0.38321364      0.52204330      0.52204330      0.46497327      0.98154849      5.90000000    -10.00000000
     12.57525084     -0.00000000     -0.00000000      0.00000000      0.00000000      0.02329619     -2.14656041      0.00022751     55.67322999      0.02515714      0.00000000      0.99984503      0.38262992      0.52203060      0.52203060      0.46487387      0.98235498      5.90000000    -10.00000000
     12.74247492     -0.00000000     -0.00000000      0.00000000      0.00000000      0.02284368     -2.17435347      0.00021887     58.22720198      0.02468061      0.00000000      0.99984503      0.38216963      0.52201277      0.52201277      0.46478020      0.98311587      5.90000000    -10.00000000
     12.90969900     -0.00000000     -0.00000000      0.00000000      0.00000000      0.02239577     -2.20216417      0.00021058     60.85834468      0.02422148      0.00000000      0.99984503      0.38172995      0.52198993      0.52198993      0.46469474      0.98383403      5.90000000    -10.00000000
     13.07692308     -0.00000000     -0.00000000      0.00000000      0.00000000      0.02195260     -2.22999200      0.00020265     63.56686278      0.02377921      0.00000000      0.99984503      0.38130576      0.52196221      0.52196221      0.46461515      0.98451218      5.90000000    -10.00000000
     13.24414716     -0.00000000     -0.00000000      0.00000000      0.00000000      0.02151433     -2.25783647      0.00019505     66.35284996      0.02335323      0.00000000      0.99984503      0.38091288      0.52192982      0.52192982      0.46454172      0.98515282      5.90000000    -10.00000000
     13.41137124     -0.00000000     -0.00000000      0.00000000      0.00000000      0.02108108     -2.28569710      0.00018776     69.21629371      0.02294302      0.00000000      0.99984503      0.38053431      0.52189286      0.52189286      0.46447467      0.98575829      5.90000000    -10.00000000
     13.57859532     -0.00000000     -0.00000000      0.00000000      0.00000000      0.02065299     -2.31357344      0.00018078     72.15706680      0.02254806      0.00000000      0.99984503      0.38017439      0.52185151      0.52185151      0.46441384      0.98633078      5.90000000    -10.00000000
     13.74581940     -0.00000000     -0.00000000      0.00000000      0.00000000      0.02023016     -2.34146507      0.00017409     75.17493864      0.02216786      0.00000000      0.99984503      0.37983752      0.52180591      0.52180591      0.46435904      0.98687232      5.90000000    -10.00000000
     13.91304348     -0.00000000     -0.00000000      0.00000000      0.00000000      0.01981270     -2.36937158      0.00016769     78.26956924      0.02180193      0.00000000      0.99984503      0.37951805      0.52175620      0.52175620      0.46431091      0.98738482      5.90000000    -10.00000000
     14.08026756     -0.00000000     -0.00000000      0.00000000      0.00000000      0.01940070     -2.39729289      0.00016154     81.44224030      0.02144934      0.00000000      0.99984503      0.37921761      0.52170256      0.52170256      0.46426715      0.98787030      5.90000000    -10.00000000
     14.24749164     -0.00000000     -0.00000000      0.00000000      0.00000000      0.01899424     -2.42522768      0.00015567     84.68721925      0.02111099      0.00000000      0.99984503      0.37880963      0.52164462      0.52164462      0.46422973      0.98832965      5.90000000    -10.00000000
     14.41471572     -0.00000000     -0.00000000      0.00000000      0.00000000      0.01859341     -2.45317655      0.00015003     88.00903767      0.02078509      0.00000000      0.99984503      0.37867293      0.52158399      0.52158399      0.46419805      0.98876519      5.90000000    -10.00000000
     14.58193980     -0.00000000     -0.00000000      0.00000000      0.00000000      0.01819826     -2.48113903      0.00014462     91.40668672      0.02047132      0.00000000      0.99984503      0.37843723      0.52151937      0.52151937      0.46417231      0.98917827      5.90000000    -10.00000000
     14.74916388     -0.00000000     -0.00000000      0.00000000      0.00000000      0.01780885     -2.50911416      0.00013945     94.87490616      0.02017024      0.00000000      0.99984503      0.37820053      0.52145138      0.52145138      0.46415134      0.98956974      5.90000000    -10.00000000
     14.91638796     -0.00000000     -0.00000000      0.00000000      0.00000000      0.01742523     -2.53710227      0.00013448     98.41717128      0.01988047      0.00000000      0.99984503      0.37798970      0.52138016      0.52138016      0.46413486      0.98994138      5.90000000    -10.00000000
     15.08361204     -0.00000000     -0.00000000      0.00000000      0.00000000      0.01704744     -2.56510293      0.00012972    102.03191198      0.01960176      0.00000000      0.99984503      0.37779492      0.52130584      0.52130584      0.46412454      0.99029427      5.90000000    -10.00000000
     15.25083612     -0.00000000     -0.00000000      0.00000000      0.00000000      0.01667552     -2.59311553      0.00012516    105.71520525      0.01933427      0.00000000      0.99984503      0.37761999      0.52122881      0.52122881      0.46411806      0.99062926      5.90000000    -10.00000000
     15.41806020     -0.00000000     -0.00000000      0.00000000      0.00000000      0.01630949     -2.62114009      0.00012079    109.46865405      0.01907709      0.00000000      0.99984503      0.37746410      0.52114856      0.52114856      0.46441048      0.99094766      5.90000000    -10.00000000
     15.58528428     -0.00000000     -0.00000000      0.00000000      0.00000000      0.01594937     -2.64917631      0.00011659    113.29073000      0.01882994      0.00000000      0.99984503      0.37732186      0.52106582      0.52106582      0.46401918      0.99125038      5.90000000    -10.00000000
     15.75250836     -0.00000000     -0.00000000      0.00000000      0.00000000      0.01559518     -2.67722370      0.00011256    117.17804411      0.01859279      0.00000000      0.99984503      0.37719515      0.52098053      0.52098053      0.46412868      0.99153819      5.90000000    -10.00000000
     15.91973244     -0.00000000     -0.00000000      0.00000000      0.00000000      0.01524689     -2.70527726      0.00010876    121.06516900      0.01837494      0.00000000      0.99984503      0.37708285      0.52089283      0.52089283      0.46413001      0.99180765      5.90000000    -10.00000000
     16.08695652     -0.00000000     -0.00000000      0.00000000      0.00000000      0.01490456     -2.73335147      0.00010500    125.14777153      0.01814635      0.00000000      0.99984503      0.37698781      0.52080281      0.52080281      0.46415767      0.99207279      5.90000000    -10.00000000
     16.25418060     -0.00000000     -0.00000000      0.00000000      0.00000000      0.01456813     -2.76143128      0.00010144    129.22650164      0.01793653      0.00000000      0.99984503      0.37654523      0.52071070      0.52071070      0.46418017      0.99232107      5.90000000    -10.00000000
     16.42140468     -0.00000000     -0.00000000      0.00000000      0.00000000      0.01423761     -2.78952316      0.00009802    133.37714759      0.01773373      0.00000000      0.99984503      0.37684050      0.52061652      0.52061652      0.46420405      0.99255826      5.90000000    -10.00000000
     16.58862876     -0.00000000     -0.00000000      0.00000000      0.00000000      0.01391299     -2.81762151      0.00009475    137.56379781      0.01754214      0.00000000      0.99984503      0.37678870      0.52052044      0.52052044      0.46423597      0.99278311      5.90000000    -10.00000000
     16.75585284     -0.00000000     -0.00000000      0.00000000      0.00000000      0.01359423     -2.84573139      0.00009160    141.81806838      0.01735712      0.00000000      0.99984503      0.37675062      0.52042265      0.52042265      0.46426693      0.99299808      5.90000000    -10.00000000
     16.92307692     -0.00000000     -0.00000000      0.00000000      0.00000000      0.01328131     -2.87384769      0.00008861    146.06920514      0.01718661      0.00000000      0.99984503      0.37672654      0.52032303      0.52032303      0.46430365      0.99320048      5.90000000    -10.00000000
     17.09030100     -0.00000000     -0.00000000      0.00000000      0.00000000      0.01297421     -2.90197968      0.00008567    150.49065842      0.01700986      0.00000000      0.99984503      0.37671647      0.52022199      0.52022199      0.46434428      0.99339893      5.90000000    -10.00000000
     17.25752508     -0.00000000     -0.00000000      0.00000000      0.00000000      0.01267287     -2.93011759      0.00008288    154.90470710      0.01684717      0.00000000      0.99984503      0.37667051      0.52011968      0.52011968      0.46438791      0.99358583      5.90000000    -10.00000000
     17.42474916     -0.00000000     -0.00000000      0.00000000      0.00000000      0.01237728     -2.95826440      0.00008020    159.36797846      0.01669146      0.00000000      0.99984503      0.37673394      0.52001735      0.52001735      0.46443541      0.99376434      5.90000000    -10.00000000
     17.59197324     -0.00000000     -0.00000000      0.00000000      0.00000000      0.01208737     -2.98641987      0.00007762    163.87845902      0.01654251      0.00000000      0.99984503      0.37676047      0.51991117      0.51991117      0.46448598      0.99393493      5.90000000    -10.00000000
     17.75919732     -0.00000000     -0.00000000      0.00000000      0.00000000      0.01180311     -3.01458379      0.00007515    168.43397482      0.01640010      0.00000000      0.99984503      0.37679877      0.51980383      0.51980383      0.46453973      0.99409800      5.90000000    -10.00000000
     17.92642140     -0.00000000     -0.00000000      0.00000000      0.00000000      0.01152444     -3.04275595      0.00007276    173.03238312      0.01626404      0.00000000      0.99984503      0.37684777      0.51969538      0.51969538      0.46459756      0.99425394      5.90000000    -10.00000000
     18.09364548     -0.00000000     -0.00000000      0.00000000      0.00000000      0.01125131     -3.07093617      0.00007047    177.67177110      0.01613410      0.00000000      0.99984503      0.37691013      0.51958594      0.51958594      0.46465639      0.99440314      5.90000000    -10.00000000
     18.26086957     -0.00000000     -0.00000000      0.00000000      0.00000000      0.01098367     -3.09912239      0.00006828    182.30091863      0.01601438      0.00000000      0.99984503      0.37698333      0.51947556      0.51947556      0.46471906      0.99454449      5.90000000    -10.00000000
     18.42809365     -0.00000000     -0.00000000      0.00000000      0.00000000      0.01072146     -3.12732070      0.00006614    187.07260929      0.01589118      0.00000000      0.99984503      0.37704898      0.51936438      0.51936438      0.46478506      0.99468290      5.90000000    -10.00000000
     18.59531773     -0.00000000     -0.00000000      0.00000000      0.00000000      0.01046462     -3.15552377      0.00006410    191.82038377      0.01577864      0.00000000      0.99984503      0.37716121      0.51925243      0.51925243      0.46485328      0.99481383      5.90000000    -10.00000000
     18.76254181     -0.00000000     -0.00000000      0.00000000      0.00000000      0.01021308     -3.18373409      0.00006213    196.59966568      0.01567156      0.00000000      0.99984503      0.37726475      0.51913981      0.51913981      0.46501675      0.99493926      5.90000000    -10.00000000
     18.92976589     -0.00000000     -0.00000000      0.00000000      0.00000000      0.00996679     -3.21195149      0.00006024    201.40864698      0.01556974      0.00000000      0.99984503      0.37742592      0.51902660      0.51902660      0.46499631      0.99505950      5.90000000    -10.00000000
     19.09698997     -0.00000000     -0.00000000      0.00000000      0.00000000      0.00972567     -3.24017577      0.00005842    206.24455038      0.01547306      0.00000000      0.99984503      0.37750250      0.51891287      0.51891287      0.46507462      0.99517478      5.90000000    -10.00000000
     19.26421405     -0.00000000     -0.00000000      0.00000000      0.00000000      0.00948965     -3.26840676      0.00005666    211.10506937      0.01538137      0.00000000      0.99984503      0.37763579      0.51879869      0.51879869      0.46516483      0.99528536      5.90000000    -10.00000000
     19.43143813     -0.00000000     -0.00000000      0.00000000      0.00000000      0.00925868     -3.29664427      0.00005497    215.98788978      0.01529454      0.00000000      0.99984503      0.37777771      0.51868414      0.51868414      0.46522944      0.99539145      5.90000000    -10.00000000
     19.59866221     -0.00000000     -0.00000000      0.00000000      0.00000000      0.00903267     -3.32488814      0.00005334    220.89062722      0.01521242      0.00000000      0.99984503      0.37792949      0.51856928      0.51856928      0.46531131      0.99549328      5.90000000    -10.00000000
     19.76588629     -0.00000000     -0.00000000      0.00000000      0.00000000      0.00881156     -3.35313821      0.00005177    225.81085960      0.01513490      0.00000000      0.99984503      0.37808923      0.51845418      0.51845418      0.46536240      0.99559104      5.90000000    -10.00000000
     19.93311037     -0.00000000     -0.00000000      0.00000000      0.00000000      0.00859528     -3.38139429      0.00005026    230.74619486      0.01506186      0.00000000      0.99984503      0.37825741      0.51833860      0.51833860      0.46548229      0.99568493      5.90000000    -10.00000000
     20.10033445     -0.00000000     -0.00000000      0.00000000      0.00000000      0.00838374     -3.40965625      0.00004880    235.69426160      0.01499318      0.00000000      0.99984503      0.37843657      0.51822349      0.51822349      0.46556939      0.99577514      5.90000000    -10.00000000
     20.26755853     -0.00000000     -0.00000000      0.00000000      0.00000000      0.00817688     -3.43792390      0.00004739    240.65262994      0.01492875      0.00000000      0.99984503      0.37861741      0.51810803      0.51810803      0.46565893      0.99586183      5.90000000    -10.00000000
     20.43478261     -0.00000000     -0.00000000      0.00000000      0.00000000      0.00797463     -3.46619711      0.00004603    245.61893211      0.01486847      0.00000000      0.99984503      0.37880883      0.51799258      0.51799258      0.46575021      0.99594516      5.90000000    -10.00000000
     20.60200669     -0.00000000     -0.00000000      0.00000000      0.00000000      0.00777690     -3.49447471      0.00004473    250.55420724      0.01481438      0.00000000      0.99984503      0.37900779      0.51787718      0.51787718      0.46584309      0.99602471      5.90000000    -10.00000000
     20.76923077     -0.00000000     -0.00000000      0.00000000      0.00000000      0.00758362     -3.52275864      0.00004346    255.53066450      0.01476197      0.00000000      0.99984503      0.37926123      0.51776185      0.51776185      0.46589318      0.99610183      5.90000000    -10.00000000
     20.93645485     -0.00000000     -0.00000000      0.00000000      0.00000000      0.00739472     -3.55104768      0.00004224    260.50780921      0.01471342      0.00000000      0.99984503      0.37942557      0.51764682      0.51764682      0.46603472      0.99617602      5.90000000    -10.00000000
     21.10367893     -0.00000000     -0.00000000      0.00000000      0.00000000      0.00721013     -3.57934224      0.00004105    265.51060073      0.01466716      0.00000000      0.99984503      0.37963822      0.51753201      0.51753201      0.46613060      0.99624780      5.90000000    -10.00000000
     21.27090301     -0.00000000     -0.00000000      0.00000000      0.00000000      0.00702975     -3.60764054      0.00003992    270.45540723      0.01462758      0.00000000      0.99984503      0.37987222      0.51741755      0.51741755      0.46622036      0.99631615      5.90000000    -10.00000000
     21.43812709     -0.00000000     -0.00000000      0.00000000      0.00000000      0.00685353     -3.63594479      0.00003881    275.45119868      0.01458853      0.00000000      0.99984503      0.38006833      0.51730369      0.51730369      0.46632915      0.99638273      5.90000000    -10.00000000
     21.60535117     -0.00000000     -0.00000000      0.00000000      0.00000000      0.00668139     -3.66425218      0.00003775    280.42057636      0.01455400      0.00000000      0.99984503      0.38034205      0.51719085      0.51719085      0.46642952      0.99644660      5.90000000    -10.00000000
     21.77257525     -0.00000000     -0.00000000      0.00000000      0.00000000      0.00651324     -3.69256473      0.00003672    285.36551102      0.01452367      0.00000000      0.99984503      0.38058506      0.51707641      0.51707641      0.46653229      0.99650796      5.90000000    -10.00000000
     21.93979933     -0.00000000     -0.00000000      0.00000000      0.00000000      0.00634902     -3.72088218      0.00003573    290.28574022      0.01449732      0.00000000      0.99984503      0.38083298      0.51696241      0.51696241      0.46663548      0.99656694      5.90000000    -10.00000000
     22.10702341     -0.00000000     -0.00000000      0.00000000      0.00000000      0.00618865     -3.74920267      0.00003478    295.17819480      0.01447488      0.00000000      0.99984503      0.38107741      0.51684891      0.51684891      0.46673572      0.99662365      5.90000000    -10.00000000
     22.27424749     -0.00000000     -0.00000000      0.00000000      0.00000000      0.00603206     -3.77752832      0.00003384    300.10427024      0.01445323      0.00000000      0.99984503      0.38135927      0.51673599      0.51673599      0.46684504      0.99667889      5.90000000    -10.00000000
     22.44147157     -0.00000000     -0.00000000      0.00000000      0.00000000      0.00587917     -3.80585692      0.00003295    304.99602071      0.01443551      0.00000000      0.99984503      0.38160914      0.51662395      0.51662395      0.46695081      0.99673198      5.90000000    -10.00000000
     22.60869565     -0.00000000     -0.00000000      0.00000000      0.00000000      0.00572992     -3.83418988      0.00003208    309.85569296      0.01442146      0.00000000      0.99984503      0.38187802      0.51651267      0.51651267      0.46705812      0.99678307      5.90000000    -10.00000000
     22.77591973     -0.00000000     -0.00000000      0.00000000      0.00000000      0.00558422     -3.86252658      0.00003124    314.66166350      0.01441188      0.00000000      0.99984503      0.38214960      0.51640091      0.51640091      0.46741678      0.99683205      5.90000000    -10.00000000
     22.94314381     -0.00000000     -0.00000000      0.00000000      0.00000000      0.00544201     -3.89086692      0.00003043    319.50317495      0.01440254      0.00000000      0.99984503      0.38242484      0.51628848      0.51628848      0.46727064      0.99687991      5.90000000    -10.00000000
     23.11036789     -0.00000000     -0.00000000      0.00000000      0.00000000      0.00530321     -3.91921079      0.00002964    324.25940695      0.01439880      0.00000000      0.99984503      0.38270556      0.51617726      0.51617726      0.46712967      0.99692553      5.90000000    -10.00000000
     23.27759197     -0.00000000     -0.00000000      0.00000000      0.00000000      0.00516776     -3.94755809      0.00002888    329.04169812      0.01439553      0.00000000      0.99984503      0.38298959      0.51606666      0.51606666      0.46749296      0.99697008      5.90000000    -10.00000000
     23.44481605     -0.00000000     -0.00000000      0.00000000      0.00000000      0.00503559     -3.97590872      0.00002814    333.76531512      0.01439637      0.00000000      0.99984503      0.38327671      0.51595664      0.51595664      0.46760331      0.99701283      5.90000000    -10.00000000
     23.61204013     -0.00000000     -0.00000000      0.00000000      0.00000000      0.00490663     -4.00426259      0.00002743    338.43224942      0.01440107      0.00000000      0.99984503      0.38356885      0.51584730      0.51584730      0.46771450      0.99705390      5.90000000    -10.00000000
     23.77926421     -0.00000000     -0.00000000      0.00000000      0.00000000      0.00478081     -4.03261959      0.00002674    343.11208286      0.01440655      0.00000000      0.99984503      0.38386433      0.51573862      0.51573862      0.46782425      0.99709397      5.90000000    -10.00000000
     23.94648829     -0.00000000     -0.00000000      0.00000000      0.00000000      0.00465806     -4.06097964      0.00002607    347.71022131      0.01441669      0.00000000      0.99984503      0.38416143      0.51563063      0.51563063      0.46793738      0.99713229      5.90000000    -10.00000000
     24.11371237     -0.00000000     -0.00000000      0.00000000      0.00000000      0.00453831     -4.08934264      0.00002542    352.29276878      0.01442862      0.00000000      0.99984503      0.38446357      0.51552334      0.51552334      0.46804964      0.99716949      5.90000000    -10.00000000
     24.28093645     -0.00000000     -0.00000000      0.00000000      0.00000000      0.00442152     -4.11770852      0.00002479    356.83551260      0.01444324      0.00000000      0.99984503      0.38473800      0.51541675      0.51541675      0.46816280      0.99720542      5.90000000    -10.00000000
     24.44816054     -0.00000000     -0.00000000      0.00000000      0.00000000      0.00430759     -4.14607717      0.00002418    361.33675172      0.01446053      0.00000000      0.99984503      0.38507320      0.51531089      0.51531089      0.46827503      0.99724014      5.90000000    -10.00000000
     24.61538462     -0.00000000     -0.00000000      0.00000000      0.00000000      0.00419649     -4.17444853      0.00002359    365.79497400      0.01448045      0.00000000      0.99984503      0.38538320      0.51520577      0.51520577      0.46838820      0.99727368      5.90000000    -10.00000000
     24.78260870     -0.00000000     -0.00000000      0.00000000      0.00000000      0.00408813     -4.20282250      0.00002302    370.22496984      0.01450233      0.00000000      0.99984503      0.38569533      0.51510140      0.51510140      0.46850117      0.99730622      5.90000000    -10.00000000
     24.94983278     -0.00000000     -0.00000000      0.00000000      0.00000000      0.00398247     -4.23119900      0.00002246    374.59184384      0.01452747      0.00000000      0.99984503      0.38600999      0.51499780      0.51499780      0.46861551      0.99733754      5.90000000    -10.00000000
     25.11705686     -0.00000000     -0.00000000      0.00000000      0.00000000      0.00387944     -4.25957797      0.00002192    378.91102509      0.01455517      0.00000000      0.99984503      0.38632580      0.51489496      0.51489496      0.46872921      0.99736780      5.90000000    -10.00000000
     25.28428094     -0.00000000     -0.00000000      0.00000000      0.00000000      0.00377898     -4.28795931      0.00002140    383.18134212      0.01458540      0.00000000      0.99984503      0.38664551      0.51479291      0.51479291      0.46884324      0.99739706      5.90000000    -10.00000000
     25.45150502     -0.00000000     -0.00000000      0.00000000      0.00000000      0.00368104     -4.31634296      0.00002089    387.40140064      0.01461814      0.00000000      0.99984503      0.38696955      0.51469164      0.51469164      0.46899368      0.99742534      5.90000000    -10.00000000
     25.61872910     -0.00000000     -0.00000000      0.00000000      0.00000000      0.00358555     -4.34472884      0.00002040    391.56981425      0.01465337      0.00000000      0.99984503      0.38728821      0.51459116      0.51459116      0.46907202      0.99745268      5.90000000    -10.00000000
     25.78595318     -0.00000000     -0.00000000      0.00000000      0.00000000      0.00349246     -4.37311689      0.00001992    395.67349090      0.01469152      0.00000000      0.99984503      0.38761371      0.51449150      0.51449150      0.46918593      0.99747903      5.90000000    -10.00000000
     25.95317726     -0.00000000     -0.00000000      0.00000000      0.00000000      0.00340171     -4.40150703      0.00001945    399.74689983      0.01473124      0.00000000      0.99984503      0.38793993      0.51439262      0.51439262      0.46930027      0.99750466      5.90000000    -10.00000000
     26.12040134     -0.00000000     -0.00000000      0.00000000      0.00000000      0.00331326     -4.42989919      0.00001900    403.75308779      0.01477384      0.00000000      0.99984503      0.38826745      0.51429455      0.51429455      0.46941468      0.99752936      5.90000000    -10.00000000
     26.28762542     -0.00000000     -0.00000000      0.00000000      0.00000000      0.00322704     -4.45829331      0.00001856    407.70274525      0.01481887      0.00000000      0.99984503      0.38856443      0.51419709      0.51419709      0.46952864      0.99755323      5.90000000    -10.00000000
     26.45484950     -0.00000000     -0.00000000      0.00000000      0.00000000      0.00314300     -4.48668932      0.00001814    411.59486166      0.01486632      0.00000000      0.99984503      0.38892712      0.51410089      0.51410089      0.46964243      0.99757631      5.90000000    -10.00000000
     26.62207358     -0.00000000     -0.00000000      0.00000000      0.00000000      0.00306110     -4.51508716      0.00001773    415.42830677      0.01491618      0.00000000      0.99984503      0.38958569      0.51400528      0.51400528      0.46975746      0.99759863      5.90000000    -10.00000000
     26.78929766     -0.00000000     -0.00000000      0.00000000      0.00000000      0.00298128     -4.54348676      0.00001732    419.20202181      0.01496844      0.00000000      0.99984503      0.38926299      0.51391050      0.51391050      0.46987153      0.99762019      5.90000000    -10.00000000
     26.95652174     -0.00000000     -0.00000000      0.00000000      0.00000000      0.00290349     -4.57188807      0.00001693    422.91503599      0.01502310      0.00000000      0.99984503      0.38992590      0.51381655      0.51381655      0.46998552      0.99764104      5.90000000    -10.00000000
     27.12374582     -0.00000000     -0.00000000      0.00000000      0.00000000      0.00282769     -4.60029102      0.00001655    426.56637123      0.01508014      0.00000000      0.99984503      0.39025941      0.51372342      0.51372342      0.47009909      0.99766118      5.90000000    -10.00000000
     27.29096990     -0.00000000     -0.00000000      0.00000000      0.00000000      0.00275382     -4.62869555      0.00001618    430.15504699      0.01513958      0.00000000      0.99984503      0.39059638      0.51363112      0.51363112      0.47021324      0.99768065      5.90000000    -10.00000000
     27.45819398     -0.00000000     -0.00000000      0.00000000      0.00000000      0.00268184     -4.65710161      0.00001583    433.68025117      0.01520139      0.00000000      0.99984503      0.39093312      0.51353965      0.51353965      0.47032680      0.99769946      5.90000000    -10.00000000
     27.62541806     -0.00000000     -0.00000000      0.00000000      0.00000000      0.00261171     -4.68550915      0.00001548    437.14107747      0.01526559      0.00000000      0.99984503      0.39127055      0.51344900      0.51344900      0.47043961      0.99771763      5.90000000    -10.00000000
     27.79264214     -0.00000000     -0.00000000      0.00000000      0.00000000      0.00254338     -4.71391810      0.00001514    440.53672237      0.01533216      0.00000000      0.99984503      0.39160760      0.51335918      0.51335918      0.47055295      0.99773518      5.90000000    -10.00000000
     27.95986622     -0.00000000     -0.00000000      0.00000000      0.00000000      0.00247680     -4.74232840      0.00001481    443.86638893      0.01540113      0.00000000      0.99984503      0.39194539      0.51327019      0.51327019      0.47066783      0.99775213      5.90000000    -10.00000000
     28.12709030     -0.00000000     -0.00000000      0.00000000      0.00000000      0.00241194     -4.77074001      0.00001449    447.12899204      0.01547249      0.00000000      0.99984503      0.39228444      0.51318202      0.51318202      0.47077906      0.99776850      5.90000000    -10.00000000
     28.29431438     -0.00000000     -0.00000000      0.00000000      0.00000000      0.00234874     -4.79915321      0.00001417    450.33845960      0.01554575      0.00000000      0.99984503      0.39262336      0.51309468      0.51309468      0.47089177      0.99778437      5.90000000    -10.00000000
     28.46153846     -0.00000000     -0.00000000      0.00000000      0.00000000      0.00228718     -4.82756697      0.00001387    453.45229566      0.01562236      0.00000000      0.99984503      0.39296276      0.51300814      0.51300814      0.47100421      0.99779955      5.90000000    -10.00000000
     28.62876254     -0.00000000     -0.00000000      0.00000000      0.00000000      0.00222721     -4.85598220      0.00001358    456.51090902      0.01570090      0.00000000      0.99984503      0.39330225      0.51292244      0.51292244      0.47111545      0.99781426      5.90000000    -10.00000000
     28.79598662     -0.00000000     -0.00000000      0.00000000      0.00000000      0.00216879     -4.88439854      0.00001329    459.50016102      0.01578185      0.00000000      0.99984503      0.39364204      0.51283753      0.51283753      0.47122634      0.99782845      5.90000000    -10.00000000
     28.96321070     -0.00000000     -0.00000000      0.00000000      0.00000000      0.00211188     -4.91281593      0.00001301    462.41944446      0.01586523      0.00000000      0.99984503      0.39398170      0.51275346      0.51275346      0.47133816      0.99784213      5.90000000    -10.00000000
     29.13043478     -0.00000000     -0.00000000      0.00000000      0.00000000      0.00205645     -4.94123433      0.00001273    465.26818525      0.01595104      0.00000000      0.99984503      0.39432209      0.51267018      0.51267018      0.47144914      0.99785531      5.90000000    -10.00000000
     29.29765886     -0.00000000     -0.00000000      0.00000000      0.00000000      0.00200245     -4.96965369      0.00001247    468.04594369      0.01603930      0.00000000      0.99984503      0.39466175      0.51258771      0.51258771      0.47155572      0.99786801      5.90000000    -10.00000000
     29.46488294     -0.00000000     -0.00000000      0.00000000      0.00000000      0.00194986     -4.99807397      0.00001221    470.75213608      0.01613001      0.00000000      0.99984503      0.39500599      0.51250567      0.51250567      0.47166992      0.99788024      5.90000000    -10.00000000
     29.63210702     -0.00000000     -0.00000000      0.00000000      0.00000000      0.00189863     -5.02649512      0.00001196    473.38634026      0.01622319      0.00000000      0.99984503      0.39534131      0.51242517      0.51242517      0.47177967      0.99789201      5.90000000    -10.00000000
     29.79933110     -0.00000000     -0.00000000      0.00000000      0.00000000      0.00184874     -5.05491709      0.00001171    475.94812740      0.01631887      0.00000000      0.99984503      0.39567958      0.51234509      0.51234509      0.47188954      0.99790334      5.90000000    -10.00000000
     29.96655518     -0.00000000     -0.00000000      0.00000000      0.00000000      0.00180015     -5.08333985      0.00001147    478.43709734      0.01641704      0.00000000      0.99984503      0.39601205      0.51226579      0.51226579      0.47199833      0.99791422      5.90000000    -10.00000000
     30.13377926     -0.00000000     -0.00000000      0.00000000      0.00000000      0.00175282     -5.11176335      0.00001124    480.85289871      0.01651774      0.00000000      0.99984503      0.39635747      0.51218728      0.51218728      0.47213910      0.99792468      5.90000000    -10.00000000
     30.30100334     -0.00000000     -0.00000000      0.00000000      0.00000000      0.00170673     -5.14018754      0.00001101    483.19515513      0.01662099      0.00000000      0.99984503      0.39669619      0.51210954      0.51210954      0.47221533      0.99793472      5.90000000    -10.00000000
     30.46822742     -0.00000000     -0.00000000      0.00000000      0.00000000      0.00166184     -5.16861238      0.00001079    485.46357424      0.01672680      0.00000000      0.99984503      0.39705603      0.51203258      0.51203258      0.47232303      0.99794435      5.90000000    -10.00000000
     30.63545151     -0.00000000     -0.00000000      0.00000000      0.00000000      0.00161812     -5.19703784      0.00001058    487.65786947      0.01683519      0.00000000      0.99984503      0.39737140      0.51195638      0.51195638      0.47243064      0.99795358      5.90000000    -10.00000000
     30.80267559     -0.00000000     -0.00000000      0.00000000      0.00000000      0.00157555     -5.22546388      0.00001036    489.77780286      0.01694619      0.00000000      0.99984503      0.39770815      0.51188094      0.51188094      0.47253756      0.99796242      5.90000000    -10.00000000
     30.96989967     -0.00000000     -0.00000000      0.00000000      0.00000000      0.00153409     -5.25389044      0.00001016    491.82312794      0.01705983      0.00000000      0.99984503      0.39804490      0.51180627      0.51180627      0.47264436      0.99797087      5.90000000    -10.00000000
     31.13712375     -0.00000000     -0.00000000      0.00000000      0.00000000      0.00149372     -5.28231750      0.00000996    493.79364944      0.01717612      0.00000000      0.99984503      0.39837985      0.51173234      0.51173234      0.47275052      0.99797896      5.90000000    -10.00000000
     31.30434783     -0.00000000     -0.00000000      0.00000000      0.00000000      0.00145440     -5.31074501      0.00000976    495.68921104      0.01729509      0.00000000      0.99984503      0.39871585      0.51165915      0.51165915      0.47285619      0.99798667      5.90000000    -10.00000000
     31.47157191     -0.00000000     -0.00000000      0.00000000      0.00000000      0.00141611     -5.33917294      0.00000957    497.50964320      0.01741678      0.00000000      0.99984503      0.39905086      0.51158670      0.51158670      0.47296056      0.99799402      5.90000000    -10.00000000
     31.63879599     -0.00000000     -0.00000000      0.00000000      0.00000000      0.00137883     -5.36760123      0.00000939    499.25434796      0.01754123      0.00000000      0.99984503      0.39938487      0.51151499      0.51151499      0.47306599      0.99800102      5.90000000    -10.00000000
     31.80602007     -0.00000000     -0.00000000      0.00000000      0.00000000      0.00134253     -5.39602988      0.00000921    500.92473204      0.01766842      0.00000000      0.99984503      0.39972285      0.51144400      0.51144400      0.47316994      0.99800767      5.90000000    -10.00000000
     31.97324415     -0.00000000     -0.00000000      0.00000000      0.00000000      0.00130718     -5.42445887      0.00000903    502.52140599      0.01779835      0.00000000      0.99984503      0.40005069      0.51137374      0.51137374      0.47333804      0.99801399      5.90000000    -10.00000000
     32.14046823     -0.00000000     -0.00000000      0.00000000      0.00000000      0.00127276     -5.45288803      0.00000886    504.03828060      0.01793127      0.00000000      0.99984503      0.40038243      0.51130420      0.51130420      0.47337785      0.99801995      5.90000000    -10.00000000
     32.30769231     -0.00000000     -0.00000000      0.00000000      0.00000000      0.00123925     -5.48131747      0.00000869    505.48190387      0.01806699      0.00000000      0.99984503      0.40071286      0.51123536      0.51123536      0.47348089      0.99802560      5.90000000    -10.00000000
     32.47491639     -0.00000000     -0.00000000      0.00000000      0.00000000      0.00120661     -5.50974709      0.00000853    506.85010765      0.01820561      0.00000000      0.99984503      0.40104468      0.51116723      0.51116723      0.47358323      0.99803092      5.90000000    -10.00000000
     32.64214047     -0.00000000     -0.00000000      0.00000000      0.00000000      0.00117484     -5.53817688      0.00000837    508.14291046      0.01834718      0.00000000      0.99984503      0.40139306      0.51109975      0.51109975      0.47368506      0.99803591      5.90000000    -10.00000000
     32.80936455     -0.00000000     -0.00000000      0.00000000      0.00000000      0.00114390     -5.56660678      0.00000821    509.36039448      0.01849172      0.00000000      0.99984503      0.40170068      0.51103297      0.51103297      0.47378702      0.99804060      5.90000000    -10.00000000
     32.97658863     -0.00000000     -0.00000000      0.00000000      0.00000000      0.00111377     -5.59503677      0.00000806    510.50274631      0.01863929      0.00000000      0.99984503      0.40202807      0.51096686      0.51096686      0.47388764      0.99804498      5.90000000    -10.00000000
     33.14381271     -0.00000000     -0.00000000      0.00000000      0.00000000      0.00108444     -5.62346680      0.00000791    511.56978769      0.01878992      0.00000000      0.99984503      0.40235486      0.51090143      0.51090143      0.47398799      0.99804905      5.90000000    -10.00000000
     33.31103679     -0.00000000     -0.00000000      0.00000000      0.00000000      0.00105589     -5.65189685      0.00000777    512.56193852      0.01894365      0.00000000      0.99984503      0.40268130      0.51083668      0.51083668      0.47408810      0.99805282      5.90000000    -10.00000000
     33.47826087     -0.00000000     -0.00000000      0.00000000      0.00000000      0.00102808     -5.68032688      0.00000762    513.47928029      0.01910052      0.00000000      0.99984503      0.40300364      0.51077215      0.51077215      0.47418753      0.99805629      5.90000000    -10.00000000
     33.64548495     -0.00000000     -0.00000000      0.00000000      0.00000000      0.00100101     -5.70875686      0.00000748    514.32199074      0.01926059      0.00000000      0.99984503      0.40332874      0.51070913      0.51070913      0.47428661      0.99805947      5.90000000    -10.00000000
     33.81270903     -0.00000000     -0.00000000      0.00000000      0.00000000      0.00097465     -5.73718671      0.00000735    515.08868138      0.01942395      0.00000000      0.99984503      0.40368338      0.51064635      0.51064635      0.47438506      0.99806235      5.90000000    -10.00000000
     33.97993311     -0.00000000     -0.00000000      0.00000000      0.00000000      0.00094899     -5.76561652      0.00000722    515.78441145      0.01959047      0.00000000      0.99984503      0.40397312      0.51058418      0.51058418      0.47448287      0.99806496      5.90000000    -10.00000000
     34.14715719     -0.00000000     -0.00000000      0.00000000      0.00000000      0.00092401     -5.79404613      0.00000709    516.40461588      0.01976038      0.00000000      0.99984503      0.40429247      0.51052266      0.51052266      0.47456242      0.99806728      5.90000000    -10.00000000
     34.31438127     -0.00000000     -0.00000000      0.00000000      0.00000000      0.00089968     -5.82247554      0.00000696    516.95114770      0.01993367      0.00000000      0.99984503      0.40461139      0.51046171      0.51046171      0.47467783      0.99806932      5.90000000    -10.00000000
     34.48160535     -0.00000000     -0.00000000      0.00000000      0.00000000      0.00087600     -5.85090474      0.00000684    517.42438642      0.02011040      0.00000000      0.99984503      0.40492947      0.51040150      0.51040150      0.47477390      0.99807108      5.90000000    -10.00000000
     34.64882943     -0.00000000     -0.00000000      0.00000000      0.00000000      0.00085295     -5.87933369      0.00000672    517.82498166      0.02029059      0.00000000      0.99984503      0.40524654      0.51034184      0.51034184      0.47487004      0.99807257      5.90000000    -10.00000000
     34.81605351     -0.00000000     -0.00000000      0.00000000      0.00000000      0.00083050     -5.90776233      0.00000660    518.15220955      0.02047435      0.00000000      0.99984503      0.40624419      0.51028280      0.51028280      0.47496530      0.99807378      5.90000000    -10.00000000
     34.98327759     -0.00000000     -0.00000000      0.00000000      0.00000000      0.00080864     -5.93619065      0.00000649    518.40752185      0.02066169      0.00000000      0.99984503      0.40610152      0.51022435      0.51022435      0.47506028      0.99807473      5.90000000    -10.00000000
     35.15050167     -0.00000000     -0.00000000      0.00000000      0.00000000      0.00078737     -5.96461862      0.00000637    518.59096003      0.02085268      0.00000000      0.99984503      0.40596089      0.51016671      0.51016671      0.47515495      0.99807541      5.90000000    -10.00000000
     35.31772575     -0.00000000     -0.00000000      0.00000000      0.00000000      0.00076665     -5.99304619      0.00000626    518.70294295      0.02104738      0.00000000      0.99984503      0.40650270      0.51010924      0.51010924      0.47524843      0.99807582      5.90000000    -10.00000000
     35.48494983     -0.00000000     -0.00000000      0.00000000      0.00000000      0.00074649     -6.02147335      0.00000616    518.74391065      0.02124585      0.00000000      0.99984503      0.40681402      0.51005256      0.51005256      0.47534190      0.99807598      5.90000000    -10.00000000
     35.65217391     -0.00000000     -0.00000000      0.00000000      0.00000000      0.00072685     -6.04990004      0.00000605    518.71432880      0.02144814      0.00000000      0.99984503      0.40712352      0.50999646      0.50999646      0.47543478      0.99807587      5.90000000    -10.00000000
     35.81939799     -0.00000000     -0.00000000      0.00000000      0.00000000      0.00070774     -6.07832625      0.00000595    518.61467887      0.02165433      0.00000000      0.99984503      0.40743171      0.50994092      0.50994092      0.47552713      0.99807550      5.90000000    -10.00000000
     35.98662207     -0.00000000     -0.00000000      0.00000000      0.00000000      0.00068913     -6.10675193      0.00000585    518.44547012      0.02186447      0.00000000      0.99984503      0.40773990      0.50988595      0.50988595      0.47561898      0.99807487      5.90000000    -10.00000000
     36.15384615     -0.00000000     -0.00000000      0.00000000      0.00000000      0.00067102     -6.13517706      0.00000575    518.20721519      0.02207864      0.00000000      0.99984503      0.40804720      0.50983155      0.50983155      0.47593029      0.99807399      5.90000000    -10.00000000
     36.32107023     -0.00000000     -0.00000000      0.00000000      0.00000000      0.00065338     -6.16360159      0.00000566    517.90047076      0.02229689      0.00000000      0.99984503      0.40835134      0.50977767      0.50977767      0.47589731      0.99807285      5.90000000    -10.00000000
     36.48829431     -0.00000000     -0.00000000      0.00000000      0.00000000      0.00063621     -6.19202550      0.00000556    517.52579402      0.02251930      0.00000000      0.99984503      0.40865490      0.50972434      0.50972434      0.47586481      0.99807146      5.90000000    -10.00000000
     36.65551839     -0.00000000     -0.00000000      0.00000000      0.00000000      0.00061950     -6.22044876      0.00000547    517.08378633      0.02274595      0.00000000      0.99984503      0.40895736      0.50967156      0.50967156      0.47583278      0.99806981      5.90000000    -10.00000000
     36.82274247     -0.00000000     -0.00000000      0.00000000      0.00000000      0.00060322     -6.24887132      0.00000538    516.57504467      0.02297689      0.00000000      0.99984503      0.40925862      0.50961930      0.50961930      0.47580120      0.99806791      5.90000000    -10.00000000
     36.98996656     -0.00000000     -0.00000000      0.00000000      0.00000000      0.00058738     -6.27729317      0.00000529    516.00020179      0.02321221      0.00000000      0.99984503      0.40955886      0.50956757      0.50956757      0.47615950      0.99806576      5.90000000    -10.00000000
     37.15719064     -0.00000000     -0.00000000      0.00000000      0.00000000      0.00057196     -6.30571425      0.00000521    515.35988990      0.02345198      0.00000000      0.99984503      0.40985726      0.50951636      0.50951636      0.47624746      0.99806337      5.90000000    -10.00000000
     37.32441472     -0.00000000     -0.00000000      0.00000000      0.00000000      0.00055694     -6.33413454      0.00000512    514.65476585      0.02369627      0.00000000      0.99984503      0.41015468      0.50946565      0.50946565      0.47633543      0.99806072      5.90000000    -10.00000000
     37.49163880     -0.00000000     -0.00000000      0.00000000      0.00000000      0.00054232     -6.36255401      0.00000504    513.88552107      0.02394518      0.00000000      0.99984503      0.41045091      0.50941546      0.50941546      0.47642295      0.99805782      5.90000000    -10.00000000
     37.65886288     -0.00000000     -0.00000000      0.00000000      0.00000000      0.00052809     -6.39097262      0.00000496    513.05284549      0.02419877      0.00000000      0.99984503      0.41074541      0.50936577      0.50936577      0.47650969      0.99805467      5.90000000    -10.00000000
     37.82608696     -0.00000000     -0.00000000      0.00000000      0.00000000      0.00051424     -6.41939036      0.00000488    512.15863872      0.02445708      0.00000000      0.99984503      0.41091711      0.50931657      0.50931657      0.47659599      0.99805128      5.90000000    -10.00000000
     37.99331104     -0.00000000     -0.00000000      0.00000000      0.00000000      0.00050075     -6.44780711      0.00000481    511.20006452      0.02472035      0.00000000      0.99984503      0.41133054      0.50926785      0.50926785      0.47668178      0.99804764      5.90000000    -10.00000000
     38.16053512     -0.00000000     -0.00000000      0.00000000      0.00000000      0.00048762     -6.47622293      0.00000473    510.18144185      0.02498851      0.00000000      0.99984503      0.41162336      0.50921963      0.50921963      0.47676746      0.99804375      5.90000000    -10.00000000
     38.32775920     -0.00000000     -0.00000000      0.00000000      0.00000000      0.00047484     -6.50463775      0.00000466    509.10234478      0.02526170      0.00000000      0.99984503      0.41191051      0.50917187      0.50917187      0.47685192      0.99803961      5.90000000    -10.00000000
     38.49498328     -0.00000000     -0.00000000      0.00000000      0.00000000      0.00046239     -6.53305154      0.00000458    507.96353771      0.02554001      0.00000000      0.99984503      0.41222657      0.50912460      0.50912460      0.47693633      0.99803522      5.90000000    -10.00000000
     38.66220736     -0.00000000     -0.00000000      0.00000000      0.00000000      0.00045028     -6.56146425      0.00000451    506.76583546      0.02582354      0.00000000      0.99984503      0.41248720      0.50907778      0.50907778      0.47702059      0.99803059      5.90000000    -10.00000000
     38.82943144     -0.00000000     -0.00000000      0.00000000      0.00000000      0.00043848     -6.58987586      0.00000444    505.51001758      0.02611237      0.00000000      0.99984503      0.41277289      0.50903143      0.50903143      0.47710318      0.99802571      5.90000000    -10.00000000
     38.99665552     -0.00000000     -0.00000000      0.00000000      0.00000000      0.00042700     -6.61828633      0.00000438    504.19692573      0.02640660      0.00000000      0.99984503      0.41305731      0.50898552      0.50898552      0.47718626      0.99802057      5.90000000    -10.00000000
     39.16387960     -0.00000000     -0.00000000      0.00000000      0.00000000      0.00041582     -6.64669563      0.00000431    502.82738751      0.02670633      0.00000000      0.99984503      0.41334161      0.50894007      0.50894007      0.47726868      0.99801519      5.90000000    -10.00000000
     39.33110368     -0.00000000     -0.00000000      0.00000000      0.00000000      0.00040494     -6.67510370      0.00000425    501.40225419      0.02701166      0.00000000      0.99984503      0.41362216      0.50889506      0.50889506      0.47735058      0.99800956      5.90000000    -10.00000000
     39.49832776     -0.00000000     -0.00000000      0.00000000      0.00000000      0.00039434     -6.70351053      0.00000418    499.92237686      0.02732269      0.00000000      0.99984503      0.41390241      0.50885049      0.50885049      0.47743200      0.99800368      5.90000000    -10.00000000
     39.66555184     -0.00000000     -0.00000000      0.00000000      0.00000000      0.00038402     -6.73191607      0.00000412    498.38863067      0.02763954      0.00000000      0.99984503      0.41418164      0.50880635      0.50880635      0.47751293      0.99799755      5.90000000    -10.00000000
     39.83277592     -0.00000000     -0.00000000      0.00000000      0.00000000      0.00037398     -6.76032029      0.00000406    496.80216793      0.02796228      0.00000000      0.99984503      0.41445946      0.50876264      0.50876264      0.47759340      0.99799117      5.90000000    -10.00000000
     40.00000000     -0.00000000     -0.00000000      0.00000000      0.00000000      0.00036420     -6.78872312      0.00000400    495.16296404      0.02829108      0.00000000      0.99984503      0.41473560      0.50871909      0.50871909      0.47767338      0.99798453      5.90000000    -10.00000000
