    -10.00000000     -0.00000434     -0.00000733      0.12104795      0.12104775      0.73870984     -0.00231596      0.00059059      0.00000268      0.60754185      1.00000243      1.00000424      0.53234821      0.54826987      0.50001449      0.50000724      0.00000268      0.02000000    -10.00000000
    -10.11705686      0.00132815     -0.00000733      0.12104795      0.12094499      0.18752000     -0.68271858      0.00038091      0.09178370      1.54361639      1.00054959      1.00000424      0.53600158      0.58179906      0.50005664      0.50002832      0.08406766      0.02000000    -10.00000000
    -10.23411371      0.00265762     -0.00000733      0.12104795      0.12063214      0.10828056     -0.98449002      0.00027765      0.15119635      1.94851094      1.00110026      1.00000424      0.53121619      0.56680630      0.50011326      0.50005663      0.13133845      0.02000000    -10.00000000
    -10.35117057      0.00398998     -0.00000733      0.12104795      0.12010916      0.07235657     -1.15733734      0.00021746      0.17827265      2.28379289      1.00165255      1.00000424      0.52810536      0.55624674      0.50016890      0.50008445      0.15130000      0.02000000    -10.00000000
    -10.46822742      0.00532574     -0.00000733      0.12104795      0.11937375      0.05210119     -1.25765327      0.00017780      0.18539445      2.59326340      1.00220786      1.00000424      0.52574970      0.54845477      0.50022629      0.50011314      0.15639895      0.02000000    -10.00000000
    -10.58528428      0.00666721     -0.00000733      0.12104795      0.11842266      0.03933077     -1.30910785      0.00014957      0.18025917      2.88984801      1.00276649      1.00000424      0.52384066      0.54245362      0.50028213      0.50014107      0.15272846      0.02000000    -10.00000000
    -10.70234114      0.00801510     -0.00000733      0.12104795      0.11725168      0.03070618     -1.32392213      0.00012840      0.16766957      3.17754820      1.00332975      1.00000424      0.52223936      0.53768103      0.50033856      0.50016928      0.14359334      0.02000000    -10.00000000
    -10.81939799      0.00937056     -0.00000733      0.12104795      0.11585556      0.02459407     -1.30943596      0.00011189      0.15075615      3.45712439      1.00389871      1.00000424      0.52086179      0.53378994      0.50039625      0.50019812      0.13100616      0.02000000    -10.00000000
    -10.93645485      0.01073566     -0.00000733      0.12104795      0.11422801      0.02010195     -1.27048843      0.00009861      0.13161370      3.72787917      1.00447390      1.00000424      0.51966045      0.53054973      0.50045298      0.50022649      0.11630621      0.02000000    -10.00000000
    -11.05351171      0.01211162     -0.00000733      0.12104795      0.11236160      0.01670762     -1.21048870      0.00008768      0.11168160      3.98805705      1.00505642      1.00000424      0.51859442      0.52781924      0.50050946      0.50025473      0.10046186      0.02000000    -10.00000000
    -11.17056856      0.01349970     -0.00000733      0.12104795      0.11024774      0.01408487     -1.13203689      0.00007850      0.09197087      4.23538017      1.00564738      1.00000424      0.51764125      0.52547276      0.49981217      0.50028316      0.08422465      0.02000000    -10.00000000
    -11.28762542      0.01490144     -0.00000733      0.12104795      0.10787656      0.01202029     -1.03723488      0.00007066      0.07320331      4.46729913      1.00624776      1.00000424      0.51678215      0.52344009      0.49977941      0.50031170      0.06821010      0.02000000    -10.00000000
    -11.40468227      0.01631845     -0.00000733      0.12104795      0.10523685      0.01036949     -0.92787488      0.00006388      0.05590514      4.68110711      1.00685859      1.00000424      0.51600228      0.52166092      0.49974360      0.50034029      0.05294523      0.02000000    -10.00000000
    -11.52173913      0.01775228     -0.00000733      0.12104795      0.10231593      0.00903188     -0.80556560      0.00005793      0.04046997      4.87405487      1.00748096      1.00000424      0.51529055      0.52009103      0.49970269      0.50036901      0.03889586      0.02000000    -10.00000000
    -11.63879599      0.01920419     -0.00000733      0.12104795      0.09909956      0.00793578     -0.67182441      0.00005267      0.02720228      5.04345047      1.00811623      1.00000424      0.51463933      0.51869508      0.49965259      0.50039850      0.02648191      0.02000000    -10.00000000
    -11.75585284      0.02067659     -0.00000733      0.12104795      0.09557179      0.00702801     -0.52805982      0.00004797      0.01634100      5.18691616      1.00876512      1.00000424      0.51403808      0.51744585      0.49960003      0.50042765      0.01607826      0.02000000    -10.00000000
    -11.87290970      0.02217109     -0.00000733      0.12104795      0.09171483      0.00626965     -0.37568847      0.00004375      0.00809125      5.30226758      1.00942895      1.00000424      0.51349099      0.51632156      0.49954032      0.50045681      0.00802631      0.02000000    -10.00000000
    -11.98996656      0.02368945     -0.00000733      0.12104795      0.08750884      0.00563116     -0.21611520      0.00003992      0.00263504      5.38772762      1.01010902      1.00000424      0.51297379      0.51530462      0.49947641      0.50048617      0.00262811      0.02000000    -10.00000000
    -12.10702341      0.02523358     -0.00000733      0.12104795      0.08293180      0.00508979     -0.05073709      0.00003645      0.00014379      5.44200331      1.01080665      1.00000424      0.51249717      0.51438030      0.49940290      0.50051583      0.00014376      0.02000000    -10.00000000
    -12.22408027      0.02680525     -0.00000733      0.12104795      0.07795924      0.00462796      0.11903434      0.00003328      0.00078819      5.46433728      1.01152337      1.00000424      0.51205550      0.51353743      0.49931873      0.50054628      0.00078756      0.02000000    -10.00000000
    -12.34113712      0.02840705     -0.00000733      0.12104795      0.07256405      0.00423160      0.29184154      0.00003037      0.00474629      5.45458097      1.01226033      1.00000424      0.51164408      0.51276560      0.49922257      0.50057687      0.00472387      0.02000000    -10.00000000
    -12.45819398      0.03004134     -0.00000733      0.12104795      0.06671619      0.00388965      0.46632279      0.00002771      0.01221076      5.41317518      1.01301894      1.00000424      0.51126010      0.51205647      0.49912151      0.50060753      0.01206346      0.02000000    -10.00000000
    -12.57525084      0.03171012     -0.00000733      0.12104795      0.06038239      0.00359335      0.64111155      0.00002526      0.02339112      5.34118585      1.01380100      1.00000424      0.51090559      0.51140331      0.49900542      0.50063895      0.02285648      0.02000000    -10.00000000
    -12.69230769      0.03341594     -0.00000733      0.12104795      0.05352585      0.00333549      0.81491219      0.00002300      0.03852020      5.24028096      1.01460812      1.00000424      0.51057001      0.51079981      0.49887466      0.50067114      0.03709143      0.02000000    -10.00000000
    -12.80936455      0.03516188     -0.00000733      0.12104795      0.04610579      0.00311015      0.98650335      0.00002093      0.05785907      5.11266297      1.01544180      1.00000424      0.51025892      0.51024094      0.49873222      0.50070362      0.05469450      0.02000000    -10.00000000
    -12.92642140      0.03695062     -0.00000733      0.12104795      0.03807716      0.00291256      1.15470139      0.00001901      0.08169364      4.96103909      1.01630391      1.00000424      0.50996867      0.50972214      0.49857261      0.50073673      0.07552382      0.02000000    -10.00000000
    -13.04347826      0.03878497     -0.00000733      0.12104795      0.02939006      0.00273878      1.31840045      0.00001726      0.11033495      4.78853957      1.01719652      1.00000424      0.50969898      0.50923961      0.49839478      0.50077093      0.09937087      0.02000000    -10.00000000
    -13.16053512      0.04066822     -0.00000733      0.12104795      0.01998928      0.00258546      1.47660748      0.00001565      0.14412077      4.59859382      1.01812158      1.00000424      0.50944816      0.50879019      0.49819358      0.50080622      0.12596640      0.02000000    -10.00000000
    -13.27759197      0.04260390     -0.00000733      0.12104795      0.00981372      0.00244982      1.62843125      0.00001417      0.18340746      4.39484296      1.01908118      1.00000424      0.50921569      0.50837075      0.49802326      0.50084265      0.15498251      0.02000000    -10.00000000
    -13.39464883      0.04496062     -0.00000733      0.12104795      0.00000026      0.00229808      1.78797736      0.00001256      0.23399725      4.15274050      1.01985406      1.00000424      0.50793827      0.50790501      0.50074898      0.50037449      0.18962542      0.02000000    -10.00000000
    -13.51170569      0.04542352     -0.00000733      0.12104795      0.00000031      0.00232190      1.86342782      0.00001239      0.26019684      4.05643617      1.02186282      1.00000424      0.51230947      0.50784146      0.48576764      0.50259319      0.20647317      0.02000000    -10.00000000
    -13.62876254      0.05052184     -0.00000733      0.12104795      0.00000508      0.00201041      2.09339229      0.00000954      0.36954384      3.60459756      1.02111303      1.00000424      0.50368532      0.50698157      0.51399055      0.49859419      0.26982987      0.02000000    -10.00000000
    -13.74581940      0.04873342     -0.00000733      0.12104795      0.00000578      0.00219108      2.09081332      0.00001062      0.36068922      3.68399352      1.02466907      1.00000424      0.51458295      0.50729682      0.47553707      0.50394243      0.26507833      0.02000000    -10.00000000
    -13.86287625      0.05586686     -0.00000733      0.12104795      0.00000274      0.00182579      2.32758979      0.00000749      0.52842137      3.11640593      1.02285088      1.00000424      0.50111202      0.50628359      0.52207195      0.49758221      0.34573016      0.02000000    -10.00000000
    -13.97993311      0.05863768     -0.00000733      0.12104795      0.00000405      0.00175189      2.42488287      0.00000667      0.61794703      2.89235630      1.02380462      1.00000424      0.49996749      0.50597619      0.52591959      0.49713383      0.38193279      0.02000000    -10.00000000
    -14.09698997      0.05445356     -0.00000733      0.12104795      0.00001011      0.00201533      2.39520404      0.00000826      0.56000446      3.11397450      1.02912444      1.00000424      0.51723042      0.50651511      0.46150507      0.50557922      0.35897619      0.02000000    -10.00000000
    -14.21404682      0.06446225     -0.00000733      0.12104795      0.00000437      0.00163021      2.58213438      0.00000535      0.81219441      2.49527948      1.02586294      1.00000424      0.49780724      0.50542401      0.53375574      0.49628237      0.44818282      0.02000000    -10.00000000
    -14.33110368      0.06754274     -0.00000733      0.12104795      0.00000416      0.00157982      2.64278561      0.00000483      0.91284611      2.32566847      1.02696635      1.00000424      0.49676268      0.50517343      0.53786266      0.49586574      0.47721879      0.02000000    -10.00000000
    -14.44816054      0.07075239     -0.00000733      0.12104795      0.00001202      0.00153510      2.69193241      0.00000440      1.01183926      2.17689903      1.02811995      1.00000424      0.49572802      0.50493776      0.54216177      0.49544939      0.50294240      0.02000000    -10.00000000
    -14.56521739      0.07410327     -0.00000733      0.12104795      0.00001321      0.00149535      2.72996877      0.00000403      1.10525672      2.04962168      1.02932554      1.00000424      0.49469898      0.50471510      0.54668013      0.49503148      0.52499855      0.02000000    -10.00000000
    -14.68227425      0.06561869     -0.00000733      0.12104795      0.00001414      0.00180571      2.76497408      0.00000549      1.00601188      2.30993908      1.03790847      1.00000424      0.52167585      0.50540795      0.43374055      0.50826984      0.50149847      0.02000000    -10.00000000
    -14.79933110      0.06811647     -0.00000733      0.12104795      0.00000755      0.00177424      2.81773181      0.00000510      1.10481548      2.18439446      1.03993354      1.00000424      0.52265733      0.50521391      0.42700793      0.50884613      0.52489897      0.02000000    -10.00000000
    -14.91638796      0.07071294     -0.00000733      0.12104795      0.00001187      0.00174559      2.86372627      0.00000476      1.20285978      2.07238058      1.04206545      1.00000424      0.52368358      0.50502793      0.41975836      0.50944237      0.54604464      0.02000000    -10.00000000
    -15.03344482      0.08921825     -0.00000733      0.12104795      0.00000660      0.00137497      2.77970292      0.00000317      1.33882420      1.75426307      1.03469618      1.00000424      0.49052149      0.50393000      0.56780016      0.49329310      0.57243473      0.02000000    -10.00000000
    -15.15050167      0.07622399     -0.00000733      0.12104795      0.00000005      0.00169582      2.93631641      0.00000422      1.38672887      1.88988622      1.04668442      1.00000424      0.52589435      0.50467831      0.40346980      0.51070714      0.58101651      0.02000000    -10.00000000
    -15.26755853      0.09804310     -0.00000733      0.12104795      0.00001395      0.00133244      2.74957367      0.00000303      1.33154306      1.72582602      1.03773828      1.00000424      0.48834731      0.50358745      0.58073576      0.49236354      0.57109949      0.02000000    -10.00000000
    -15.38461538      0.10284507     -0.00000733      0.12104795      0.00000992      0.00131458      2.72239645      0.00000301      1.29647121      1.73764628      1.03935590      1.00000424      0.48722961      0.50342600      0.58795406      0.49187973      0.56454930      0.02000000    -10.00000000
    -15.50167224      0.10794072     -0.00000733      0.12104795      0.00000533      0.00129869      2.68774933      0.00000302      1.24406666      1.76504339      1.04104061      1.00000424      0.48608833      0.50327038      0.59571353      0.49138195      0.55438044      0.02000000    -10.00000000
    -15.61872910      0.08871030     -0.00000733      0.12104795      0.00001042      0.00162014      3.01126396      0.00000360      1.63337834      1.68745566      1.05761961      1.00000424      0.53110916      0.50405622      0.36202380      0.51360930      0.62025965      0.02000000    -10.00000000
    -15.73578595      0.11913416     -0.00000733      0.12104795      0.00000283      0.00127212      2.59772974      0.00000312      1.10212059      1.86114550      1.04461818      1.00000424      0.48372619      0.50297404      0.61312296      0.49034047      0.52428990      0.02000000    -10.00000000
    -15.85284281      0.12530107     -0.00000733      0.12104795      0.00000589      0.00126115      2.54315835      0.00000320      1.02009053      1.92721248      1.04651438      1.00000424      0.48250276      0.50283289      0.62286465      0.48979569      0.50497268      0.02000000    -10.00000000
    -15.96989967      0.13190137     -0.00000733      0.12104795      0.00001532      0.00125154      2.48274536      0.00000330      0.93519786      2.00346778      1.04848395      1.00000424      0.48124989      0.50269591      0.63335017      0.48923440      0.48325697      0.02000000    -10.00000000
    -16.08695652      0.13898255     -0.00000733      0.12104795      0.00001663      0.00124319      2.41689283      0.00000342      0.85019166      2.08842775      1.05052708      1.00000424      0.47996548      0.50256295      0.64464194      0.48865560      0.45951545      0.02000000    -10.00000000
    -16.20401338      0.10777888     -0.00000733      0.12104795      0.00001148      0.00155539      2.99651855      0.00000348      1.60580444      1.69966291      1.07550868      1.00000424      0.53967941      0.50339373      0.28920539      0.51822632      0.61624135      0.02000000    -10.00000000
    -16.32107023      0.15480348     -0.00000733      0.12104795      0.00002180      0.00122986      2.27062984      0.00000369      0.68786380      2.27830433      1.05483511      1.00000424      0.47730467      0.50230789      0.66975366      0.48744707      0.40753514      0.02000000    -10.00000000
    -16.43812709      0.11676554     -0.00000733      0.12104795      0.00000592      0.00153493      2.96380687      0.00000358      1.50855487      1.76994674      1.08439649      1.00000424      0.54396565      0.50315698      0.25322297      0.52049292      0.60136411      0.02000000    -10.00000000
    -16.55518395      0.17327906     -0.00000733      0.12104795      0.00000001      0.00122045      2.10779587      0.00000399      0.54338518      2.48525421      1.05942955      1.00000424      0.47452363      0.50206644      0.69835805      0.48617195      0.35207360      0.02000000    -10.00000000
    -16.67224080      0.18371513     -0.00000733      0.12104795      0.00001511      0.00121703      2.02123369      0.00000415      0.47911044      2.59190411      1.06182649      1.00000424      0.47309160      0.50195055      0.71394296      0.48551125      0.32391796      0.02000000    -10.00000000
    -16.78929766      0.13205170     -0.00000733      0.12104795      0.00000925      0.00150680      2.89194963      0.00000382      1.31853040      1.92802566      1.10012369      1.00000424      0.55159125      0.50282840      0.19544017      0.52448251      0.56869231      0.02000000    -10.00000000
    -16.90635452      0.13769492     -0.00000733      0.12104795      0.00001527      0.00149760      2.86284111      0.00000393      1.25075154      1.99179644      1.10611168      1.00000424      0.55450822      0.50272543      0.17644741      0.52599702      0.55570396      0.02000000    -10.00000000
    -17.02341137      0.22110553     -0.00000733      0.12104795      0.00000951      0.00121114      1.74629180      0.00000464      0.31840889      2.91118599      1.06933868      1.00000424      0.46866978      0.50162163      0.76498660      0.48345577      0.24150997      0.02000000    -10.00000000
    -17.14046823      0.23605703     -0.00000733      0.12104795      0.00000365      0.00121043      1.65113155      0.00000480      0.27492801      3.01415701      1.07191484      1.00000424      0.46716898      0.50151810      0.78295551      0.48275552      0.21564199      0.02000000    -10.00000000
    -17.25752508      0.15652701     -0.00000733      0.12104795      0.00001036      0.00146868      2.76330640      0.00000426      1.05224174      2.20578952      1.12675471      1.00000424      0.56459770      0.50243560      0.12707852      0.53120737      0.51272797      0.02000000    -10.00000000
    -17.37458194      0.27077752     -0.00000733      0.12104795      0.00000708      0.00121061      1.45851164      0.00000511      0.20143424      3.21002197      1.07707613      1.00000424      0.46418568      0.50132058      0.81899522      0.48135735      0.16766148      0.02000000    -10.00000000
    -17.49163880      0.17086800     -0.00000733      0.12104795      0.00001045      0.00144688      2.68908379      0.00000449      0.93119959      2.36040977      1.14311584      1.00000424      0.57263089      0.50225809      0.10547670      0.53532923      0.48218713      0.02000000    -10.00000000
    -17.60869565      0.17863508     -0.00000733      0.12104795      0.00000486      0.00143475      2.65032980      0.00000461      0.87526888      2.43938228      1.15219784      1.00000424      0.57710080      0.50217415      0.09903711      0.53761549      0.46674314      0.02000000    -10.00000000
    -17.72575251      0.18682569     -0.00000733      0.12104795      0.00002215      0.00142158      2.61081665      0.00000471      0.82262620      2.51867262      1.16193920      1.00000424      0.58190233      0.50209350      0.09553159      0.54006670      0.45134115      0.02000000    -10.00000000
    -17.84280936      0.19545813     -0.00000733      0.12104795      0.00000958      0.00140717      2.57080031      0.00000481      0.77332945      2.59772784      1.17238477      1.00000424      0.58705755      0.50201622      0.09474322      0.54269391      0.43608899      0.02000000    -10.00000000
    -17.95986622      0.20454604     -0.00000733      0.12104795      0.00000447      0.00139135      2.53057248      0.00000490      0.72739872      2.67600267      1.18358066      1.00000424      0.59259014      0.50194245      0.09631451      0.54550900      0.42109486      0.02000000    -10.00000000
    -18.07692308      0.21410096     -0.00000733      0.12104795      0.00001924      0.00137388      2.49041853      0.00000498      0.68479518      2.75299546      1.19557143      1.00000424      0.59852204      0.50187221      0.09981538      0.54852294      0.40645604      0.02000000    -10.00000000
    -18.19397993      0.22412682     -0.00000733      0.12104795      0.00001495      0.00135458      2.45066051      0.00000504      0.64546854      2.82821705      1.20840054      1.00000424      0.60487543      0.50180572      0.10481794      0.55174684      0.39227036      0.02000000    -10.00000000
    -18.31103679      0.23462198     -0.00000733      0.12104795      0.00000218      0.00133321      2.41161704      0.00000509      0.60933596      2.90122485      1.22210684      1.00000424      0.61166923      0.50174309      0.11095310      0.55519018      0.37862570      0.02000000    -10.00000000
    -18.42809365      0.24557280     -0.00000733      0.12104795      0.00000281      0.00130957      2.37364239      0.00000512      0.57631817      2.97159607      1.23672428      1.00000424      0.61892064      0.50168451      0.11794451      0.55886158      0.36561031      0.02000000    -10.00000000
    -18.54515050      0.25442667     -0.00000733      0.12104795      0.20642370      0.00128380      2.35622012      0.00000511      0.55779351      3.02537890      1.25322870      1.00000424      0.62790279      0.50164665      0.12685334      0.56339227      0.35806640      0.02000000    -10.00000000
    -18.66220736      0.24557280     -0.00000733      0.12104795      1.94106819      0.00125626      2.47156185      0.00000493      0.62264365      2.98211859      1.27691288      1.00000424      0.64539629      0.50173079      0.14428663      0.57213841      0.38372174      0.02000000    -10.00000000
    -18.77926421      0.80284741     -0.00000733      0.12104795      0.00000560      0.00124304      0.45309499      0.00000646      0.01581272      3.94632963      1.08843979      1.00000424      0.45672657      0.50041597      0.94258905      0.47806826      0.01556657      0.02000000    -10.00000000
    -19.01337793      1.03327768     -0.00000733      0.12104795      0.00000386      0.00125371      0.34287979      0.00000660      0.00893974      3.99742438      1.07997982      1.00000424      0.46077785      0.50031684      0.94817109      0.48015192      0.00886053      0.02000000    -10.00000000
    -19.24749164      1.38512310     -0.00000733      0.12104795      0.00000244      0.00126562      0.25372599      0.00000672      0.00485019      4.03452609      1.06563303      1.00000424      0.46780982      0.50023283      0.95041443      0.48372422      0.00482678      0.02000000    -10.00000000
    -19.48160535      1.99112831     -0.00000733      0.12104795      0.00000005      0.00127709      0.18303025      0.00000682      0.00250768      4.06065381      1.04513137      1.00000424      0.47797821      0.50016210      0.93362744      0.48886418      0.00250140      0.02000000    -10.00000000
    -19.83277592     -6.00676449     -0.00000733      0.12104795      0.00000004      0.00102684     -0.78222673      0.00000531      0.04731853      3.93057053      1.30218285      1.00000424      0.34990016      0.49974127      0.84951278      0.42475842      0.04518065      0.02000000    -10.00000000
    -19.94983278      6.50676402     -0.00000733      0.12104795      0.22679063      0.00128346      0.14832564      0.00000690      0.00163714      4.08477354      1.05140276      1.00000424      0.52048537      0.50008097      0.05935052      0.51024252      0.00163446      0.02000000    -10.00000000
    -20.18394649    -11.50676324     -0.00000733      0.12104795      0.44470658      0.00124690      0.14592243      0.00000671      0.00158348      4.08745267      1.12387514      1.00000424      0.55786982      0.50003514      0.05816455      0.52903277      0.00158098      0.02000000    -10.00000000
    -20.30100334     12.00676237     -0.00000733      0.12104795      0.51998105      0.00115574      0.39484220      0.00000621      0.01161211      4.08091506      1.22002933      1.00000424      0.60724728      0.50016368      0.10752347      0.55376158      0.01147882      0.02000000    -10.00000000
    -20.41806020    -11.50676324     -0.00000733      0.12104795      0.46767261      0.00110465      0.36277936      0.00000594      0.00979335      4.08484288      1.25568118      1.00000424      0.62550908      0.50012402      0.12590783      0.56295376      0.00969837      0.02000000    -10.00000000
    -20.53511706     12.00676237     -0.00000733      0.12104795      1.08177850      0.00097729      0.58506445      0.00000524      0.02554529      4.07303476      1.34286779      1.00000424      0.66786617      0.50025295      0.16834469      0.58417219      0.02490898      0.02000000    -10.00000000
    -20.65217391     16.50676248     -0.00000733      0.12104795      1.20192869      0.00089708      0.64207739      0.00000481      0.03078417      4.07069683      1.38751542      1.00000424      0.69024344      0.50028224      0.19081636      0.59540803      0.02986481      0.02000000    -10.00000000
    -20.76923077     16.50676248     -0.00000733      0.12104795      1.50859607      0.00080656      0.71676820      0.00000432      0.03840489      4.06623428      1.43588358      1.00000424      0.71413340      0.50032720      0.21480736      0.60740353      0.03698451      0.02000000    -10.00000000
    -20.88628763     16.50676248     -0.00000733      0.12104795      1.81656768      0.00072254      0.78539722      0.00000386      0.04616301      4.06168383      1.47899934      1.00000424      0.73544794      0.50037230      0.23622270      0.61811120      0.04412602      0.02000000    -10.00000000
    -21.00334448     16.50676248     -0.00000733      0.12104795      2.12113424      0.00064647      0.84957809      0.00000345      0.05407667      4.05712302      1.51734039      1.00000424      0.75441443      0.50041759      0.25529055      0.62764512      0.05130241      0.02000000    -10.00000000
    -21.12040134     16.50676248     -0.00000733      0.12104795      2.41966459      0.00057873      0.91069013      0.00000309      0.06220533      4.05261322      1.55142374      1.00000424      0.77128420      0.50046306      0.27226015      0.63612992      0.05856244      0.02000000    -10.00000000
    -21.23745819     16.50676248     -0.00000733      0.12104795      2.71094632      0.00051902      0.96984046      0.00000276      0.07062520      4.04820426      1.58175638      1.00000424      0.78630131      0.50050876      0.28737748      0.64368859      0.06596632      0.02000000    -10.00000000
    -21.35451505     16.50676248     -0.00000733      0.12104795      2.99466047      0.00046672      1.02788369      0.00000248      0.07941542      4.04393932      1.60880863      1.00000424      0.79969568      0.50055469      0.30087180      0.65043575      0.07357262      0.02000000    -10.00000000
    -21.47157191     16.50676248     -0.00000733      0.12104795      3.27100734      0.00042105      1.08546463      0.00000224      0.08865160      4.03985973      1.63300238      1.00000424      0.81167377      0.50060089      0.31294958      0.65647464      0.08143248      0.02000000    -10.00000000
    -21.58862876     16.50676248     -0.00000733      0.12104795      3.54045926      0.00038121      1.14306500      0.00000202      0.09840366      4.03600899      1.65470842      1.00000424      0.82241770      0.50064740      0.32379281      0.66189625      0.08958788      0.02000000    -10.00000000
    -21.70568562     16.50676248     -0.00000733      0.12104795      3.80360685      0.00034645      1.20104528      0.00000184      0.10873586      4.03243609      1.67424846      1.00000424      0.83208573      0.50069420      0.33355984      0.66677977      0.09807192      0.02000000    -10.00000000
    -21.82274247     16.50676248     -0.00000733      0.12104795      4.06106859      0.00031607      1.25967896      0.00000168      0.11970785      4.02919808      1.69189964      1.00000424      0.84081465      0.50074134      0.34238736      0.67119353      0.10690990      0.02000000    -10.00000000
    -21.93979933     16.50676248     -0.00000733      0.12104795      4.31344110      0.00028947      1.31917923      0.00000153      0.13137608      4.02636195      1.70789976      1.00000424      0.84872201      0.50078889      0.35039289      0.67519629      0.11612061      0.02000000    -10.00000000
    -22.05685619     16.50676248     -0.00000733      0.12104795      4.56127451      0.00026612      1.37971926      0.00000141      0.14379518      4.02400615      1.72245256      1.00000424      0.85590332      0.50083683      0.35767727      0.67883848      0.12571760      0.02000000    -10.00000000
    -22.17391304     16.50676248     -0.00000733      0.12104795      4.80506243      0.00024556      1.44144727      0.00000130      0.15701930      4.02222153      1.73573264      1.00000424      0.86245843      0.50088520      0.36432705      0.68216337      0.13571018      0.02000000    -10.00000000
