    -10.00000000      0.00000000      0.00000000      0.00000000      0.00000000      0.03075976      0.00000163      0.01360131      0.00000000      1.56286309      0.99983119      0.99983119      0.50002455      0.50003229      0.50003229      0.49999611      0.00000000      4.30000000    -10.00000000
    -10.16722408      0.00000000      0.00000000      0.00000000      0.00000000      0.03066907     -0.03954248      0.01357530      0.00030379      1.56448647      1.00339529      0.99983119      0.49910732      0.50024490      0.50024490      0.49967697      0.00030370      4.30000000    -10.00000000
    -10.33444816      0.00000000      0.00000000      0.00000000      0.00000000      0.03071122     -0.07895841      0.01354692      0.00121549      1.55907363      1.00679421      0.99983119      0.49788315      0.50048582      0.50048582      0.49896918      0.00121402      4.30000000    -10.00000000
    -10.50167224      0.00000000      0.00000000      0.00000000      0.00000000      0.03079121     -0.11793977      0.01349992      0.00272844      1.54962750      1.01019999      0.99983119      0.49570621      0.50072672      0.50072672      0.49851551      0.00272102      4.30000000    -10.00000000
    -10.66889632      0.00000000      0.00000000      0.00000000      0.00000000      0.03089753     -0.15634567      0.01343453      0.00483472      1.53681607      1.01361604      0.99983119      0.49437955      0.50096632      0.50096632      0.49850566      0.00481146      4.30000000    -10.00000000
    -10.83612040      0.00000000      0.00000000      0.00000000      0.00000000      0.03102994     -0.19400890      0.01335117      0.00752321      1.52076243      1.01704578      0.99983119      0.49432866      0.50120157      0.50120157      0.49834031      0.00746704      4.30000000    -10.00000000
    -11.00334448      0.00000000      0.00000000      0.00000000      0.00000000      0.03118900     -0.23076119      0.01325032      0.01077951      1.50157848      1.02049264      0.99983119      0.49374235      0.50143295      0.50143295      0.49816426      0.01066455      4.30000000    -10.00000000
    -11.17056856      0.00000000      0.00000000      0.00000000      0.00000000      0.03137506     -0.26643963      0.01313259      0.01458580      1.47941157      1.02396002      0.99983119      0.49313568      0.50165571      0.50165571      0.49796838      0.01437611      4.30000000    -10.00000000
    -11.33779264      0.00000000      0.00000000      0.00000000      0.00000000      0.03158824     -0.30089024      0.01299868      0.01892086      1.45444337      1.02745132      0.99983119      0.49251892      0.50188343      0.50188343      0.49776685      0.01856951      4.30000000    -10.00000000
    -11.50501672      0.00000000      0.00000000      0.00000000      0.00000000      0.03182850     -0.33397010      0.01284935      0.02376012      1.42688224      1.03096993      0.99983119      0.49189878      0.50210619      0.50210619      0.49759411      0.02320867      4.30000000    -10.00000000
    -11.67224080      0.00000000      0.00000000      0.00000000      0.00000000      0.03209568     -0.36554863      0.01268546      0.02907562      1.39695638      1.03451923      0.99983119      0.49128461      0.50232143      0.50232143      0.49738066      0.02825411      4.30000000    -10.00000000
    -11.83946488      0.00000000      0.00000000      0.00000000      0.00000000      0.03238955     -0.39550851      0.01250792      0.03483612      1.36490800      1.03810257      0.99983119      0.49069812      0.50252954      0.50252954      0.49719445      0.03366342      4.30000000    -10.00000000
    -12.00668896      0.00000000      0.00000000      0.00000000      0.00000000      0.03270983     -0.42374614      0.01231770      0.04100707      1.33098834      1.04172332      0.99983119      0.49012628      0.50272990      0.50272990      0.49701736      0.03939173      4.30000000    -10.00000000
    -12.17391304      0.00000000      0.00000000      0.00000000      0.00000000      0.03305619     -0.45017184      0.01211578      0.04755065      1.29545316      1.04538481      0.99983119      0.48980685      0.50292201      0.50292201      0.49685125      0.04539222      4.30000000    -10.00000000
    -12.34113712      0.00000000      0.00000000      0.00000000      0.00000000      0.03342826     -0.47470983      0.01190321      0.05442576      1.25855870      1.04909034      0.99983119      0.48910956      0.50310618      0.50310618      0.49669678      0.05161649      4.30000000    -10.00000000
    -12.50836120      0.00000000      0.00000000      0.00000000      0.00000000      0.03382560     -0.49729798      0.01168102      0.06158805      1.22055811      1.05284320      0.99983119      0.48870134      0.50328047      0.50328047      0.49655611      0.05801502      4.30000000    -10.00000000
    -12.67558528      0.00000000      0.00000000      0.00000000      0.00000000      0.03424777     -0.51788741      0.01145027      0.06898992      1.18169815      1.05664666      0.99983119      0.48844105      0.50344280      0.50344280      0.49643194      0.06453749      4.30000000    -10.00000000
    -12.84280936      0.00000000      0.00000000      0.00000000      0.00000000      0.03469424     -0.53644206      0.01121199      0.07658059      1.14221650      1.06050397      0.99983119      0.48814707      0.50359843      0.50359843      0.49632415      0.07113317      4.30000000    -10.00000000
    -13.01003344      0.00000000      0.00000000      0.00000000      0.00000000      0.03516446     -0.55293800      0.01096721      0.08430612      1.10233935      1.06441831      0.99983119      0.48807789      0.50374080      0.50374080      0.49622579      0.07775121      4.30000000    -10.00000000
    -13.17725753      0.00000000      0.00000000      0.00000000      0.00000000      0.03565782     -0.56736282      0.01071693      0.09210950      1.06227954      1.06839288      0.99983119      0.48855893      0.50387068      0.50387068      0.49615026      0.08434090      4.30000000    -10.00000000
    -13.34448161      0.00000000      0.00000000      0.00000000      0.00000000      0.03617367     -0.57971473      0.01046213      0.09993081      1.02223509      1.07243079      0.99983119      0.48794990      0.50398936      0.50398936      0.49609067      0.09085190      4.30000000    -10.00000000
    -13.51170569      0.00000000      0.00000000      0.00000000      0.00000000      0.03671130     -0.59000228      0.01020375      0.10770747      0.98238805      1.07653515      0.99983119      0.48743525      0.50409386      0.50409386      0.49605219      0.09723458      4.30000000    -10.00000000
    -13.67892977      0.00000000      0.00000000      0.00000000      0.00000000      0.03726995     -0.59824228      0.00994268      0.11537407      0.94290409      1.08070900      0.99983119      0.48700776      0.50418541      0.50418541      0.49603713      0.10343980      4.30000000    -10.00000000
    -13.84615385      0.00000000      0.00000000      0.00000000      0.00000000      0.03784882     -0.60445991      0.00967977      0.12286290      0.90393195      1.08495533      0.99983119      0.48667673      0.50426158      0.50426158      0.49607530      0.10941933      4.30000000    -10.00000000
    -14.01337793      0.00000000      0.00000000      0.00000000      0.00000000      0.03844705     -0.60868798      0.00941584      0.13010441      0.86560342      1.08927710      0.99983119      0.48644873      0.50432316      0.50432316      0.49607875      0.11512601      4.30000000    -10.00000000
    -14.18060201      0.00000000      0.00000000      0.00000000      0.00000000      0.03906371     -0.61096534      0.00915163      0.13702715      0.82803373      1.09367718      0.99983119      0.48630064      0.50436858      0.50436858      0.49613233      0.12051353      4.30000000    -10.00000000
    -14.34782609      0.00000000      0.00000000      0.00000000      0.00000000      0.03969784     -0.61133633      0.00888786      0.14355842      0.79132203      1.09815841      0.99983119      0.48624947      0.50439814      0.50439814      0.49621868      0.12553659      4.30000000    -10.00000000
    -14.51505017      0.00000000      0.00000000      0.00000000      0.00000000      0.04034840     -0.60984993      0.00862517      0.14962464      0.75555198      1.10272351      0.99983119      0.48628924      0.50441186      0.50441186      0.49634003      0.13015086      4.30000000    -10.00000000
    -14.68227425      0.00000000      0.00000000      0.00000000      0.00000000      0.04101432     -0.60655895      0.00836417      0.15515193      0.72079267      1.10737519      0.99983119      0.48641878      0.50440773      0.50440773      0.49648596      0.13431301      4.30000000    -10.00000000
    -14.84949833      0.00000000      0.00000000      0.00000000      0.00000000      0.04169445     -0.60151929      0.00810541      0.16006670      0.68709949      1.11211602      0.99983119      0.48664425      0.50438528      0.50438528      0.49667248      0.13798060      4.30000000    -10.00000000
    -15.01672241      0.00000000      0.00000000      0.00000000      0.00000000      0.04238762     -0.59478924      0.00784939      0.16429639      0.65451515      1.11694851      0.99983119      0.48696013      0.50434356      0.50434356      0.49691875      0.14111217      4.30000000    -10.00000000
    -15.18394649      0.00000000      0.00000000      0.00000000      0.00000000      0.04309256     -0.58642886      0.00759655      0.16777019      0.62307078      1.12187510      0.99983119      0.48736298      0.50428628      0.50428628      0.49730106      0.14366713      4.30000000    -10.00000000
    -15.35117057      0.00000000      0.00000000      0.00000000      0.00000000      0.04380799     -0.57649937      0.00734732      0.17042001      0.59278692      1.12689808      0.99983119      0.48786780      0.50420712      0.50420712      0.49743766      0.14560585      4.30000000    -10.00000000
    -15.51839465      0.00000000      0.00000000      0.00000000      0.00000000      0.04453253     -0.56506270      0.00710204      0.17218141      0.56367468      1.13201967      0.99983119      0.48846796      0.50410975      0.50410975      0.49760989      0.14688973      4.30000000    -10.00000000
    -15.68561873      0.00000000      0.00000000      0.00000000      0.00000000      0.04526480     -0.55218097      0.00686102      0.17299477      0.53573671      1.13724197      0.99983119      0.48915334      0.50399063      0.50399063      0.49781462      0.14748128      4.30000000    -10.00000000
    -15.85284281      0.00000000      0.00000000      0.00000000      0.00000000      0.04600332     -0.53791613      0.00662456      0.17280644      0.50896828      1.14256695      0.99983119      0.48990241      0.50385297      0.50385297      0.49806048      0.14734438      4.30000000    -10.00000000
    -16.02006689      0.00000000      0.00000000      0.00000000      0.00000000      0.04674659     -0.52232960      0.00639287      0.17157015      0.48335817      1.14799648      0.99983119      0.49080931      0.50369318      0.50369318      0.49833822      0.14644462      4.30000000    -10.00000000
    -16.18729097      0.00000000      0.00000000      0.00000000      0.00000000      0.04749304     -0.50548200      0.00616617      0.16924843      0.45888963      1.15353225      0.99983119      0.49178705      0.50351324      0.50351324      0.49865445      0.14474976      4.30000000    -10.00000000
    -16.35451505      0.00000000      0.00000000      0.00000000      0.00000000      0.04824108     -0.48743284      0.00594461      0.16581425      0.43554120      1.15917586      0.99983119      0.49287126      0.50331001      0.50331001      0.49899815      0.14223042      4.30000000    -10.00000000
    -16.52173913      0.00000000      0.00000000      0.00000000      0.00000000      0.04898903     -0.46824039      0.00572833      0.16125269      0.41328750      1.16492873      0.99983119      0.49401585      0.50308865      0.50308865      0.49937935      0.13886099      4.30000000    -10.00000000
    -16.68896321      0.00000000      0.00000000      0.00000000      0.00000000      0.04973521     -0.44796140      0.00551744      0.15556287      0.39209990      1.17079212      0.99983119      0.49526887      0.50284411      0.50284411      0.49979602      0.13462086      4.30000000    -10.00000000
    -16.85618729      0.00000000      0.00000000      0.00000000      0.00000000      0.05047788     -0.42665103      0.00531202      0.14875988      0.37194721      1.17676715      0.99983119      0.49661213      0.50257738      0.50257738      0.50024636      0.12949606      4.30000000    -10.00000000
    -17.02341137      0.00000000      0.00000000      0.00000000      0.00000000      0.05121527     -0.40436270      0.00511211      0.14087690      0.35279620      1.18285475      0.99983119      0.49804523      0.50228820      0.50228820      0.50073043      0.12348125      4.30000000    -10.00000000
    -17.19063545      0.00000000      0.00000000      0.00000000      0.00000000      0.05194556     -0.38114798      0.00491776      0.13196751      0.33461218      1.18905569      0.99983119      0.49956759      0.50197677      0.50197677      0.50122485      0.11658242      4.30000000    -10.00000000
    -17.35785953      0.00000000      0.00000000      0.00000000      0.00000000      0.05266693     -0.35705654      0.00472897      0.12210801      0.31735938      1.19537054      0.99983119      0.50126351      0.50164551      0.50164551      0.50179789      0.10882019      4.30000000    -10.00000000
    -17.52508361      0.00000000      0.00000000      0.00000000      0.00000000      0.05337754     -0.33213607      0.00454573      0.11139997      0.30100140      1.20179967      0.99983119      0.50286195      0.50129656      0.50129656      0.50238029      0.10023391      4.30000000    -10.00000000
    -17.69230769      0.00000000      0.00000000      0.00000000      0.00000000      0.05407552     -0.30643229      0.00436804      0.09997286      0.28550154      1.20834329      0.99983119      0.50461844      0.50091907      0.50091907      0.50304329      0.09088666      4.30000000    -10.00000000
    -17.85953177      0.00000000      0.00000000      0.00000000      0.00000000      0.05475900     -0.27998891      0.00419583      0.08798679      0.27082310      1.21500136      0.99983119      0.50636888      0.50052766      0.50052766      0.50364069      0.08087119      4.30000000    -10.00000000
    -18.02675585      0.00000000      0.00000000      0.00000000      0.00000000      0.05542612     -0.25284765      0.00402908      0.07563541      0.25692963      1.22177366      0.99983119      0.50836065      0.50011230      0.50011230      0.50431938      0.07031696      4.30000000    -10.00000000
    -18.19397993      0.00000000      0.00000000      0.00000000      0.00000000      0.05607502     -0.22504825      0.00386771      0.06314886      0.24378517      1.22865975      0.99983119      0.51049459      0.49967991      0.49967991      0.50496017      0.05939795      4.30000000    -10.00000000
    -18.36120401      0.00000000      0.00000000      0.00000000      0.00000000      0.05670384     -0.19662851      0.00371165      0.05079685      0.23135438      1.23565896      0.99983119      0.51270050      0.49922061      0.49922061      0.50575904      0.04834126      4.30000000    -10.00000000
    -18.52842809      0.00000000      0.00000000      0.00000000      0.00000000      0.05731079     -0.16762432      0.00356083      0.03889178      0.21960275      1.24277041      0.99983119      0.51517989      0.49874378      0.49874378      0.50652168      0.03743583      4.30000000    -10.00000000
    -18.69565217      0.00000000      0.00000000      0.00000000      0.00000000      0.05789405     -0.13806973      0.00341515      0.02779197      0.20849668      1.24999297      0.99983119      0.51732452      0.49825266      0.49825266      0.50731164      0.02704046      4.30000000    -10.00000000
    -18.86287625      0.00000000      0.00000000      0.00000000      0.00000000      0.05845190     -0.10799698      0.00327453      0.01790489      0.19800359      1.25732529      0.99983119      0.51974032      0.49774163      0.49774163      0.50812827      0.01758994      4.30000000    -10.00000000
    -19.03010033      0.00000000      0.00000000      0.00000000      0.00000000      0.05898261     -0.07743659      0.00313885      0.00969044      0.18809198      1.26476580      0.99983119      0.52222861      0.49721225      0.49721225      0.50897167      0.00959744      4.30000000    -10.00000000
    -19.19732441      0.00000000      0.00000000      0.00000000      0.00000000      0.05948454     -0.04641741      0.00300803      0.00366423      0.17873149      1.27231267      0.99983119      0.52478617      0.49666677      0.49666677      0.50983484      0.00365085      4.30000000    -10.00000000
    -19.36454849      0.00000000      0.00000000      0.00000000      0.00000000      0.05995611     -0.01496666      0.00288194      0.00040077      0.16989292      1.27996385      0.99983119      0.52740438      0.49610575      0.49610575      0.51072288      0.00040061      4.30000000    -10.00000000
    -19.53177258      0.00000000      0.00000000      0.00000000      0.00000000      0.06039579      0.01688995      0.00276049      0.00053675      0.16154829      1.28771703      0.99983119      0.53008451      0.49553050      0.49553050      0.51163179      0.00053647      4.30000000    -10.00000000
    -19.69899666      0.00000000      0.00000000      0.00000000      0.00000000      0.06080214      0.04912818      0.00264355      0.00477410      0.15367081      1.29556969      0.99983119      0.53282207      0.49493907      0.49493907      0.51255259      0.00475142      4.30000000    -10.00000000
    -19.86622074      0.00000000      0.00000000      0.00000000      0.00000000      0.06117381      0.08172518      0.00253101      0.01388297      0.14623486      1.30351906      0.99983119      0.53561079      0.49434312      0.49434312      0.51349064      0.01369287      4.30000000    -10.00000000
    -20.03344482      0.00000000      0.00000000      0.00000000      0.00000000      0.06150953      0.11465946      0.00242275      0.02870463      0.13921605      1.31156213      0.99983119      0.53851170      0.49372039      0.49372039      0.51435579      0.02790367      4.30000000    -10.00000000
    -20.20066890      0.00000000      0.00000000      0.00000000      0.00000000      0.06180812      0.14791074      0.00231866      0.05015410      0.13259114      1.31969568      0.99983119      0.54135606      0.49309410      0.49309410      0.51547003      0.04775880      4.30000000    -10.00000000
    -20.36789298      0.00000000      0.00000000      0.00000000      0.00000000      0.06206851      0.18145998      0.00221862      0.07922261      0.12633802      1.32791624      0.99983119      0.54429672      0.49246019      0.49246019      0.51650696      0.07340711      4.30000000    -10.00000000
    -20.53511706      0.00000000      0.00000000      0.00000000      0.00000000      0.06228976      0.21528922      0.00212251      0.11697977      0.12043571      1.33622015      0.99983119      0.54727808      0.49181400      0.49181400      0.51753838      0.10472864      4.30000000    -10.00000000
    -20.70234114      0.00000000      0.00000000      0.00000000      0.00000000      0.06247100      0.24938157      0.00203021      0.16457545      0.11486433      1.34460349      0.99983119      0.55029783      0.49116133      0.49116133      0.51859205      0.14131798      4.30000000    -10.00000000
    -20.86956522      0.00000000      0.00000000      0.00000000      0.00000000      0.06261152      0.28372115      0.00194161      0.22324124      0.10960504      1.35306218      0.99983119      0.55335640      0.49050578      0.49050578      0.51966129      0.18249977      4.30000000    -10.00000000
    -21.03678930      0.00000000      0.00000000      0.00000000      0.00000000      0.06271071      0.31829298      0.00185659      0.29429161      0.10464001      1.36159191      0.99983119      0.55643945      0.48990793      0.48990793      0.52074189      0.22737659      4.30000000    -10.00000000
    -21.20401338      0.00000000      0.00000000      0.00000000      0.00000000      0.06276809      0.35308295      0.00177504      0.37912441      0.09995240      1.37018819      0.99983119      0.55952949      0.48917370      0.48917370      0.52183254      0.27490226      4.30000000    -10.00000000
    -21.37123746      0.00000000      0.00000000      0.00000000      0.00000000      0.06278331      0.38807772      0.00169685      0.47922092      0.09552635      1.37884635      0.99983119      0.56268677      0.48850246      0.48850246      0.52293245      0.32396846      4.30000000    -10.00000000
    -21.53846154      0.00000000      0.00000000      0.00000000      0.00000000      0.06275615      0.42326473      0.00162191      0.59614513      0.09134687      1.38756155      0.99983119      0.56596217      0.48783137      0.48783137      0.52403464      0.37349056      4.30000000    -10.00000000
    -21.70568562      0.00000000      0.00000000      0.00000000      0.00000000      0.06268652      0.45863204      0.00155011      0.73154228      0.08739988      1.39632878      0.99983119      0.56901612      0.48715826      0.48715826      0.52514691      0.42248017      4.30000000    -10.00000000
    -21.87290970      0.00000000      0.00000000      0.00000000      0.00000000      0.06257446      0.49416836      0.00148134      0.88713639      0.08367216      1.40514291      0.99983119      0.57219890      0.48649020      0.48649020      0.52625398      0.47009659      4.30000000    -10.00000000
    -22.04013378      0.00000000      0.00000000      0.00000000      0.00000000      0.06242016      0.52986298      0.00141551      1.06472669      0.08015129      1.41399865      0.99983119      0.57539196      0.48582299      0.48582299      0.52735206      0.51567440      4.30000000    -10.00000000
    -22.20735786      0.00000000      0.00000000      0.00000000      0.00000000      0.06222390      0.56570575      0.00135251      1.26618289      0.07682565      1.42289059      0.99983119      0.57858764      0.48516069      0.48516069      0.52847868      0.55872935      4.30000000    -10.00000000
    -22.37458194      0.00000000      0.00000000      0.00000000      0.00000000      0.06198611      0.60168704      0.00129225      1.49343918      0.07368436      1.43181325      0.99983119      0.58175800      0.48449907      0.48449907      0.52958881      0.59894751      4.30000000    -10.00000000
    -22.54180602      0.00000000      0.00000000      0.00000000      0.00000000      0.06170731      0.63779786      0.00123464      1.74848700      0.07071723      1.44076102      0.99983119      0.58497961      0.48384819      0.48384819      0.53069467      0.63616346      4.30000000    -10.00000000
    -22.70903010      0.00000000      0.00000000      0.00000000      0.00000000      0.06138814      0.67402982      0.00117957      2.03336719      0.06791472      1.44972824      0.99983119      0.58770287      0.48320280      0.48320280      0.53180102      0.67033335      4.30000000    -10.00000000
    -22.87625418      0.00000000      0.00000000      0.00000000      0.00000000      0.06102933      0.71037530      0.00112698      2.35016167      0.06526788      1.45870917      0.99983119      0.59134792      0.48256586      0.48256586      0.53299394      0.70150694      4.30000000    -10.00000000
    -23.04347826      0.00000000      0.00000000      0.00000000      0.00000000      0.06063169      0.74682747      0.00107675      2.70098583      0.06276821      1.46769804      0.99983119      0.59451389      0.48193847      0.48193847      0.53398404      0.72980172      4.30000000    -10.00000000
    -23.21070234      0.00000000      0.00000000      0.00000000      0.00000000      0.06019612      0.78338037      0.00102882      3.08798171      0.06040768      1.47668906      0.99983119      0.59767394      0.48132180      0.48132180      0.53506529      0.75538051      4.30000000    -10.00000000
    -23.37792642      0.00000000      0.00000000      0.00000000      0.00000000      0.05972359      0.82002888      0.00098307      3.51331245      0.05817857      1.48567641      0.99983119      0.60079489      0.48071921      0.48071921      0.53613545      0.77843324      4.30000000    -10.00000000
    -23.54515050      0.00000000      0.00000000      0.00000000      0.00000000      0.05921517      0.85676858      0.00093944      3.97915725      0.05607347      1.49465428      0.99983119      0.60390809      0.48012365      0.48012365      0.53719446      0.79916280      4.30000000    -10.00000000
    -23.71237458      0.00000000      0.00000000      0.00000000      0.00000000      0.05867201      0.89359561      0.00089782      4.48770592      0.05408529      1.50361690      0.99983119      0.60698604      0.47954405      0.47954405      0.53824125      0.81777449      4.30000000    -10.00000000
    -23.87959866      0.00000000      0.00000000      0.00000000      0.00000000      0.05809535      0.93050647      0.00085812      5.04115222      0.05220721      1.51255850      0.99983119      0.61004019      0.47897889      0.47897889      0.53927511      0.83446866      4.30000000    -10.00000000
    -24.04682274      0.00000000      0.00000000      0.00000000      0.00000000      0.05748653      0.96749780      0.00082027      5.64168555      0.05043274      1.52147341      0.99983119      0.61306147      0.47842892      0.47842892      0.54033252      0.84943581      4.30000000    -10.00000000
    -24.21404682      0.00000000      0.00000000      0.00000000      0.00000000      0.05684698      1.00456632      0.00078417      6.29148169      0.04875574      1.53035598      0.99983119      0.61605210      0.47789391      0.47789391      0.54129526      0.86285366      4.30000000    -10.00000000
    -24.38127090      0.00000000      0.00000000      0.00000000      0.00000000      0.05617820      1.04170876      0.00074975      6.99269308      0.04717041      1.53920068      0.99983119      0.61900737      0.47738254      0.47738254      0.54228159      0.87488573      4.30000000    -10.00000000
    -24.54849498      0.00000000      0.00000000      0.00000000      0.00000000      0.05548174      1.07892189      0.00071692      7.74743956      0.04567129      1.54800206      0.99983119      0.62204857      0.47687252      0.47687252      0.54324955      0.88568083      4.30000000    -10.00000000
    -24.71571906      0.00000000      0.00000000      0.00000000      0.00000000      0.05475923      1.11620253      0.00068561      8.55779939      0.04425327      1.55675478      0.99983119      0.62486753      0.47638885      0.47638885      0.54419989      0.89537341      4.30000000    -10.00000000
    -24.88294314      0.00000000      0.00000000      0.00000000      0.00000000      0.05401230      1.15354757      0.00065576      9.42580076      0.04291156      1.56545362      0.99983119      0.62763253      0.47592636      0.47592636      0.54513337      0.90408411      4.30000000    -10.00000000
    -25.05016722      0.00000000      0.00000000      0.00000000      0.00000000      0.05324262      1.19095402      0.00062728     10.35341307      0.04164165      1.57409352      0.99983119      0.63042586      0.47548246      0.47548246      0.54603977      0.91192076      4.30000000    -10.00000000
    -25.21739130      0.00000000      0.00000000      0.00000000      0.00000000      0.05245190      1.22841900      0.00060013     11.34253801      0.04043936      1.58266953      0.99983119      0.63317562      0.47505683      0.47505683      0.54692879      0.91897939      4.30000000    -10.00000000
    -25.38461538      0.00000000      0.00000000      0.00000000      0.00000000      0.05164183      1.26593976      0.00057422     12.39500008      0.03930077      1.59117691      0.99983119      0.63586846      0.47465318      0.47465318      0.54779547      0.92534528      4.30000000    -10.00000000
    -25.55183946      0.00000000      0.00000000      0.00000000      0.00000000      0.05081411      1.30351367      0.00054951     13.51253687      0.03822221      1.59961103      0.99983119      0.63851904      0.47426393      0.47426393      0.54864058      0.93109406      4.30000000    -10.00000000
    -25.71906355      0.00000000      0.00000000      0.00000000      0.00000000      0.04997044      1.34113822      0.00052594     14.69678879      0.03720027      1.60796749      0.99983119      0.64115014      0.47389658      0.47389658      0.54946379      0.93629270      4.30000000    -10.00000000
    -25.88628763      0.00000000      0.00000000      0.00000000      0.00000000      0.04911251      1.37881101      0.00050345     15.94928891      0.03623178      1.61624204      0.99983119      0.64367679      0.47354905      0.47354905      0.55026306      0.94100047      4.30000000    -10.00000000
    -26.05351171      0.00000000      0.00000000      0.00000000      0.00000000      0.04824198      1.41652978      0.00048200     17.27145250      0.03531377      1.62443064      0.99983119      0.64619129      0.47322139      0.47322139      0.55103883      0.94526981      4.30000000    -10.00000000
    -26.22073579      0.00000000      0.00000000      0.00000000      0.00000000      0.04736050      1.45429235      0.00046153     18.66456677      0.03444348      1.63252946      0.99983119      0.64862979      0.47291289      0.47291289      0.55178177      0.94914711      4.30000000    -10.00000000
    -26.38795987      0.00000000      0.00000000      0.00000000      0.00000000      0.04646968      1.49209665      0.00044200     20.12978051      0.03361835      1.64053484      0.99983119      0.65095177      0.47262586      0.47262586      0.55251838      0.95267343      4.30000000    -10.00000000
    -26.55518395      0.00000000      0.00000000      0.00000000      0.00000000      0.04557112      1.52994073      0.00042337     21.66809391      0.03283598      1.64844337      0.99983119      0.65325040      0.47235765      0.47235765      0.55322194      0.95588513      4.30000000    -10.00000000
    -26.72240803      0.00000000      0.00000000      0.00000000      0.00000000      0.04466634      1.56782271      0.00040559     23.28034829      0.03209415      1.65625183      0.99983119      0.65542815      0.47210933      0.47210933      0.55390013      0.95881443      4.30000000    -10.00000000
    -26.88963211      0.00000000      0.00000000      0.00000000      0.00000000      0.04375686      1.60574083      0.00038862     24.96721605      0.03139079      1.66395721      0.99983119      0.65775847      0.47188043      0.47188043      0.55455409      0.96148990      4.30000000    -10.00000000
    -27.05685619      0.00000000      0.00000000      0.00000000      0.00000000      0.04284412      1.64369338      0.00037243     26.72919014      0.03072397      1.67155673      0.99983119      0.65980972      0.47167087      0.47167087      0.55518321      0.96393692      4.30000000    -10.00000000
    -27.22408027      0.00000000      0.00000000      0.00000000      0.00000000      0.04192955      1.68167877      0.00035698     28.56657414      0.03009189      1.67904783      0.99983119      0.66188398      0.47148027      0.47148027      0.55577770      0.96617802      4.30000000    -10.00000000
    -27.39130435      0.00000000      0.00000000      0.00000000      0.00000000      0.04101448      1.71969547      0.00034224     30.47947186      0.02949288      1.68642816      0.99983119      0.66388049      0.47130858      0.47130858      0.55636654      0.96823327      4.30000000    -10.00000000
    -27.55852843      0.00000000      0.00000000      0.00000000      0.00000000      0.04010023      1.75774202      0.00032817     32.46777715      0.02892539      1.69369558      0.99983119      0.66585501      0.47115510      0.47115510      0.55692154      0.97012051      4.30000000    -10.00000000
    -27.72575251      0.00000000      0.00000000      0.00000000      0.00000000      0.03918803      1.79581703      0.00031475     34.53116400      0.02838798      1.70084819      0.99983119      0.66775134      0.47102034      0.47102034      0.55745030      0.97185569      4.30000000    -10.00000000
    -27.89297659      0.00000000      0.00000000      0.00000000      0.00000000      0.03827908      1.83391919      0.00030194     36.66907657      0.02787930      1.70788426      0.99983119      0.66954530      0.47090273      0.47090273      0.55795616      0.97345303      4.30000000    -10.00000000
    -28.06020067      0.00000000      0.00000000      0.00000000      0.00000000      0.03737449      1.87204724      0.00028972     38.88072021      0.02739812      1.71480232      0.99983119      0.67136438      0.47080205      0.47080205      0.55879721      0.97492523      4.30000000    -10.00000000
    -28.22742475      0.00000000      0.00000000      0.00000000      0.00000000      0.03647534      1.91019998      0.00027805     41.16505211      0.02694328      1.72160107      0.99983119      0.67307994      0.47071800      0.47071800      0.55889378      0.97628368      4.30000000    -10.00000000
    -28.39464883      0.00000000      0.00000000      0.00000000      0.00000000      0.03558263      1.94837626      0.00026692     43.52077430      0.02651371      1.72827941      0.99983119      0.67452274      0.47065059      0.47065059      0.55932642      0.97753858      4.30000000    -10.00000000
    -28.56187291      0.00000000      0.00000000      0.00000000      0.00000000      0.03469731      1.98657500      0.00025630     45.94649910      0.02610833      1.73483647      0.99983119      0.67632753      0.47059863      0.47059863      0.55973572      0.97869916      4.30000000    -10.00000000
    -28.72909699      0.00000000      0.00000000      0.00000000      0.00000000      0.03382025      2.02479516      0.00024617     48.44004972      0.02572641      1.74127154      0.99983119      0.67787394      0.47056285      0.47056285      0.56012152      0.97977348      4.30000000    -10.00000000
    -28.89632107      0.00000000      0.00000000      0.00000000      0.00000000      0.03295229      2.06303574      0.00023650     50.99933506      0.02536708      1.74758410      0.99983119      0.67936258      0.47054257      0.47054257      0.56048424      0.98076898      4.30000000    -10.00000000
    -29.06354515      0.00000000      0.00000000      0.00000000      0.00000000      0.03209419      2.10129581      0.00022728     53.62232088      0.02502939      1.75377382      0.99983119      0.68077452      0.47053640      0.47053640      0.56082445      0.98169247      4.30000000    -10.00000000
    -29.23076923      0.00000000      0.00000000      0.00000000      0.00000000      0.03124664      2.13957447      0.00021847     56.30619396      0.02471270      1.75984053      0.99983119      0.68214119      0.47054458      0.47054458      0.56114224      0.98254988      4.30000000    -10.00000000
    -29.39799331      0.00000000      0.00000000      0.00000000      0.00000000      0.03041031      2.17787088      0.00021008     59.04804356      0.02441632      1.76578424      0.99983119      0.68344600      0.47056584      0.47056584      0.56143820      0.98334667      4.30000000    -10.00000000
    -29.56521739      0.00000000      0.00000000      0.00000000      0.00000000      0.02958577      2.21618422      0.00020206     61.84472246      0.02413963      1.77160511      0.99983119      0.68469771      0.47059995      0.47059995      0.56171255      0.98408776      4.30000000    -10.00000000
    -29.73244147      0.00000000      0.00000000      0.00000000      0.00000000      0.02877356      2.25451374      0.00019442     64.69274560      0.02388206      1.77730345      0.99983119      0.68588818      0.47064642      0.47064642      0.56196616      0.98477762      4.30000000    -10.00000000
    -29.89966555      0.00000000      0.00000000      0.00000000      0.00000000      0.02797411      2.29286339      0.00018710     67.59797550      0.02363982      1.78287973      0.99983119      0.68702733      0.47070452      0.47070452      0.56219889      0.98542231      4.30000000    -10.00000000
    -30.06688963      0.00000000      0.00000000      0.00000000      0.00000000      0.02718802      2.33121850      0.00018017     70.52820389      0.02342204      1.78833453      0.99983119      0.68811089      0.47077409      0.47077409      0.56241225      0.98601950      4.30000000    -10.00000000
    -30.23411371      0.00000000      0.00000000      0.00000000      0.00000000      0.02641549      2.36959244      0.00017353     73.50768391      0.02321860      1.79366858      0.99983119      0.68914071      0.47085422      0.47085422      0.56260473      0.98657857      4.30000000    -10.00000000
    -30.40133779      0.00000000      0.00000000      0.00000000      0.00000000      0.02565691      2.40797995      0.00016719     76.52281178      0.02303225      1.79888273      0.99983119      0.69011716      0.47094471      0.47094471      0.56279799      0.98710057      4.30000000    -10.00000000
    -30.56856187      0.00000000      0.00000000      0.00000000      0.00000000      0.02491256      2.44638051      0.00016115     79.56911343      0.02286257      1.80397795      0.99983119      0.69103373      0.47104528      0.47104528      0.56293284      0.98758830      4.30000000    -10.00000000
    -30.73578595      0.00000000      0.00000000      0.00000000      0.00000000      0.02418270      2.48479361      0.00015538     82.64230678      0.02270909      1.80895529      0.99983119      0.69191519      0.47115400      0.47115400      0.56329316      0.98804433      4.30000000    -10.00000000
    -30.90301003      0.00000000      0.00000000      0.00000000      0.00000000      0.02346750      2.52321879      0.00014987     85.73786459      0.02257141      1.81381593      0.99983119      0.69273773      0.47127196      0.47127196      0.56318981      0.98847101      4.30000000    -10.00000000
    -31.07023411      0.00000000      0.00000000      0.00000000      0.00000000      0.02276714      2.56165565      0.00014461     88.85118783      0.02244914      1.81856114      0.99983119      0.69351047      0.47139815      0.47139815      0.56329200      0.98887049      4.30000000    -10.00000000
    -31.23745819      0.00000000      0.00000000      0.00000000      0.00000000      0.02208174      2.60010381      0.00013958     91.97792610      0.02234186      1.82319225      0.99983119      0.69423708      0.47153205      0.47153205      0.56337709      0.98924476      4.30000000    -10.00000000
    -31.40468227      0.00000000      0.00000000      0.00000000      0.00000000      0.02141135      2.63855636      0.00013486     95.05981125      0.02226165      1.82771071      0.99983119      0.69491307      0.47167325      0.47167325      0.56344605      0.98958982      4.30000000    -10.00000000
    -31.57190635      0.00000000      0.00000000      0.00000000      0.00000000      0.02075609      2.67703275      0.00013020     98.25385435      0.02217069      1.83211800      0.99983119      0.69554201      0.47182117      0.47182117      0.56349138      0.98992482      4.30000000    -10.00000000
    -31.73913043      0.00000000      0.00000000      0.00000000      0.00000000      0.02011593      2.71551296      0.00012581    101.39463424      0.02210601      1.83641569      0.99983119      0.69612594      0.47197587      0.47197587      0.56353740      0.99023386      4.30000000    -10.00000000
    -31.90635452      0.00000000      0.00000000      0.00000000      0.00000000      0.01949086      2.75400336      0.00012162    104.53190419      0.02205472      1.84060540      0.99983119      0.69666781      0.47213570      0.47213570      0.56356091      0.99052419      4.30000000    -10.00000000
    -32.07357860      0.00000000      0.00000000      0.00000000      0.00000000      0.01888085      2.79250372      0.00011761    107.66188127      0.02201644      1.84468881      0.99983119      0.69716422      0.47230147      0.47230147      0.56356789      0.99079714      4.30000000    -10.00000000
    -32.24080268      0.00000000      0.00000000      0.00000000      0.00000000      0.01828585      2.83101389      0.00011377    110.78099094      0.02199076      1.84866765      0.99983119      0.69762212      0.47247192      0.47247192      0.56362607      0.99105394      4.30000000    -10.00000000
    -32.40802676      0.00000000      0.00000000      0.00000000      0.00000000      0.01770575      2.86953369      0.00011009    113.88594794      0.02197728      1.85254366      0.99983119      0.69803104      0.47264779      0.47264779      0.56354744      0.99129572      4.30000000    -10.00000000
    -32.57525084      0.00000000      0.00000000      0.00000000      0.00000000      0.01714047      2.90806299      0.00010657    116.97366811      0.02197561      1.85631866      0.99983119      0.69840390      0.47282761      0.47282761      0.56351694      0.99152353      4.30000000    -10.00000000
    -32.74247492      0.00000000      0.00000000      0.00000000      0.00000000      0.01658986      2.94660165      0.00010319    120.04135044      0.02198536      1.85999448      0.99983119      0.69874576      0.47301138      0.47301138      0.56346942      0.99173836      4.30000000    -10.00000000
    -32.90969900      0.00000000      0.00000000      0.00000000      0.00000000      0.01605378      2.98514956      0.00009995    123.08644674      0.02200612      1.86357296      0.99983119      0.69916927      0.47319873      0.47319873      0.56341852      0.99194110      4.30000000    -10.00000000
    -33.07692308      0.00000000      0.00000000      0.00000000      0.00000000      0.01553206      3.02370661      0.00009684    126.10666049      0.02203752      1.86705599      0.99983119      0.69928640      0.47338930      0.47338930      0.56335302      0.99213259      4.30000000    -10.00000000
    -33.24414716      0.00000000      0.00000000      0.00000000      0.00000000      0.01502454      3.06227268      0.00009386    129.09992839      0.02207919      1.87044545      0.99983119      0.69950464      0.47358288      0.47358288      0.56327583      0.99231360      4.30000000    -10.00000000
    -33.41137124      0.00000000      0.00000000      0.00000000      0.00000000      0.01453102      3.10084767      0.00009098    132.06438331      0.02213078      1.87374324      0.99983119      0.69969137      0.47377889      0.47377889      0.56318891      0.99248484      4.30000000    -10.00000000
    -33.57859532      0.00000000      0.00000000      0.00000000      0.00000000      0.01405128      3.13943145      0.00008822    134.99847627      0.02219191      1.87695129      0.99983119      0.69984127      0.47397723      0.47397723      0.56309062      0.99264698      4.30000000    -10.00000000
    -33.74581940      0.00000000      0.00000000      0.00000000      0.00000000      0.01358513      3.17802384      0.00008557    137.89975265      0.02226242      1.88007150      0.99983119      0.69995772      0.47417749      0.47417749      0.56298323      0.99280056      4.30000000    -10.00000000
    -33.91304348      0.00000000      0.00000000      0.00000000      0.00000000      0.01313233      3.21662494      0.00008301    140.76973592      0.02234154      1.88310579      0.99983119      0.70004227      0.47437942      0.47437942      0.56277546      0.99294631      4.30000000    -10.00000000
    -34.08026756      0.00000000      0.00000000      0.00000000      0.00000000      0.01269266      3.25523439      0.00008055    143.60450894      0.02242942      1.88605608      0.99983119      0.70009352      0.47458256      0.47458256      0.56274149      0.99308459      4.30000000    -10.00000000
    -34.24749164      0.00000000      0.00000000      0.00000000      0.00000000      0.01226586      3.29385212      0.00007817    146.40399053      0.02252562      1.88892426      0.99983119      0.70011672      0.47478608      0.47478608      0.56260759      0.99321592      4.30000000    -10.00000000
    -34.41471572      0.00000000      0.00000000      0.00000000      0.00000000      0.01185170      3.33247860      0.00007588    149.17138436      0.02262928      1.89171223      0.99983119      0.70010826      0.47499117      0.47499117      0.56246588      0.99334094      4.30000000    -10.00000000
    -34.58193980      0.00000000      0.00000000      0.00000000      0.00000000      0.01144993      3.37111239      0.00007367    151.89743183      0.02274142      1.89442189      0.99983119      0.70007330      0.47519901      0.47519901      0.56231660      0.99345967      4.30000000    -10.00000000
    -34.74916388      0.00000000      0.00000000      0.00000000      0.00000000      0.01106029      3.40975219      0.00007155    154.56048302      0.02286487      1.89705511      0.99983119      0.70001088      0.47540744      0.47540744      0.56215935      0.99357163      4.30000000    -10.00000000
    -34.91638796      0.00000000      0.00000000      0.00000000      0.00000000      0.01068251      3.44840154      0.00006949    157.21164046      0.02299177      1.89961373      0.99983119      0.69992178      0.47561620      0.47561620      0.56199603      0.99367935      4.30000000    -10.00000000
    -35.08361204      0.00000000      0.00000000      0.00000000      0.00000000      0.01031635      3.48705984      0.00006749    159.84608751      0.02312269      1.90209961      0.99983119      0.69979704      0.47582512      0.47582512      0.56182578      0.99378288      4.30000000    -10.00000000
    -35.25083612      0.00000000      0.00000000      0.00000000      0.00000000      0.00996153      3.52572232      0.00006558    162.39568209      0.02326715      1.90451455      0.99983119      0.69966880      0.47603404      0.47603404      0.56164926      0.99387989      4.30000000    -10.00000000
    -35.41806020      0.00000000      0.00000000      0.00000000      0.00000000      0.00961780      3.56439465      0.00006371    164.94737252      0.02341249      1.90686035      0.99983119      0.69914071      0.47624276      0.47624276      0.56146689      0.99397399      4.30000000    -10.00000000
    -35.58528428      0.00000000      0.00000000      0.00000000      0.00000000      0.00928488      3.60307122      0.00006192    167.41840576      0.02357024      1.90913879      0.99983119      0.69931497      0.47645113      0.47645113      0.56128016      0.99406241      4.30000000    -10.00000000
    -35.75250836      0.00000000      0.00000000      0.00000000      0.00000000      0.00896252      3.64175674      0.00006017    169.88467709      0.02372953      1.91135162      0.99983119      0.69910615      0.47665901      0.47665901      0.56108546      0.99414810      4.30000000    -10.00000000
    -35.91973244      0.00000000      0.00000000      0.00000000      0.00000000      0.00865045      3.68044747      0.00005849    172.29027625      0.02389802      1.91350054      0.99983119      0.69887338      0.47686624      0.47686624      0.56088736      0.99422934      4.30000000    -10.00000000
    -36.08695652      0.00000000      0.00000000      0.00000000      0.00000000      0.00834841      3.71914410      0.00005686    174.65111775      0.02407333      1.91558727      0.99983119      0.69862115      0.47707269      0.47707269      0.56068398      0.99430690      4.30000000    -10.00000000
    -36.25418060      0.00000000      0.00000000      0.00000000      0.00000000      0.00805613      3.75784634      0.00005528    176.98204177      0.02425327      1.91761347      0.99983119      0.69834817      0.47727824      0.47727824      0.56047690      0.99438146      4.30000000    -10.00000000
    -36.42140468      0.00000000      0.00000000      0.00000000      0.00000000      0.00777337      3.79655491      0.00005375    179.25673248      0.02444136      1.91958077      0.99983119      0.69805744      0.47748265      0.47748265      0.56026497      0.99445236      4.30000000    -10.00000000
    -36.58862876      0.00000000      0.00000000      0.00000000      0.00000000      0.00749986      3.83526896      0.00005228    181.48714184      0.02463584      1.92149078      0.99983119      0.69774610      0.47768614      0.47768614      0.56004973      0.99452016      4.30000000    -10.00000000
    -36.75585284      0.00000000      0.00000000      0.00000000      0.00000000      0.00723535      3.87398824      0.00005085    183.65312393      0.02483932      1.92334509      0.99983119      0.69741763      0.47788825      0.47788825      0.55983036      0.99458444      4.30000000    -10.00000000
    -36.92307692      0.00000000      0.00000000      0.00000000      0.00000000      0.00697959      3.91271253      0.00004946    185.79411997      0.02504641      1.92514523      0.99983119      0.69707147      0.47808898      0.47808898      0.55954548      0.99464651      4.30000000    -10.00000000
    -37.09030100      0.00000000      0.00000000      0.00000000      0.00000000      0.00673234      3.95144156      0.00004811    187.90521263      0.02525770      1.92689273      0.99983119      0.69670974      0.47828819      0.47828819      0.55938215      0.99470634      4.30000000    -10.00000000
    -37.25752508      0.00000000      0.00000000      0.00000000      0.00000000      0.00649335      3.99017513      0.00004681    189.95158656      0.02547783      1.92858907      0.99983119      0.69633168      0.47848564      0.47848564      0.55915320      0.99476307      4.30000000    -10.00000000
    -37.42474916      0.00000000      0.00000000      0.00000000      0.00000000      0.00626238      4.02891299      0.00004555    191.93578844      0.02570640      1.93023571      0.99983119      0.69593703      0.47868100      0.47868100      0.55892159      0.99481693      4.30000000    -10.00000000
    -37.59197324      0.00000000      0.00000000      0.00000000      0.00000000      0.00603921      4.06765492      0.00004432    193.90100634      0.02593759      1.93183406      0.99983119      0.69552869      0.47887428      0.47887428      0.55868842      0.99486919      4.30000000    -10.00000000
    -37.75919732      0.00000000      0.00000000      0.00000000      0.00000000      0.00582359      4.10640067      0.00004313    195.80271407      0.02617734      1.93338552      0.99983119      0.69510856      0.47906840      0.47906840      0.55845139      0.99491877      4.30000000    -10.00000000
    -37.92642140      0.00000000      0.00000000      0.00000000      0.00000000      0.00561530      4.14515004      0.00004198    197.65533948      0.02642369      1.93489145      0.99983119      0.69467487      0.47926064      0.47926064      0.55821285      0.99496616      4.30000000    -10.00000000
    -38.09364548      0.00000000      0.00000000      0.00000000      0.00000000      0.00541413      4.18390303      0.00004086    199.45301493      0.02667744      1.93635317      0.99983119      0.69422844      0.47945078      0.47945078      0.55795587      0.99501130      4.30000000    -10.00000000
    -38.26086957      0.00000000      0.00000000      0.00000000      0.00000000      0.00521985      4.22265869      0.00003978    201.21016392      0.02693665      1.93777198      0.99983119      0.69376758      0.47963701      0.47963701      0.55772979      0.99505465      4.30000000    -10.00000000
    -38.42809365      0.00000000      0.00000000      0.00000000      0.00000000      0.00503225      4.26141784      0.00003873    202.90803556      0.02720386      1.93914915      0.99983119      0.69348326      0.47982527      0.47982527      0.55748615      0.99509583      4.30000000    -10.00000000
    -38.59531773      0.00000000      0.00000000      0.00000000      0.00000000      0.00485113      4.30017909      0.00003771    204.56100895      0.02747715      1.94048589      0.99983119      0.69281991      0.48001161      0.48001161      0.55724211      0.99513526      4.30000000    -10.00000000
    -38.76254181      0.00000000      0.00000000      0.00000000      0.00000000      0.00467628      4.33894314      0.00003673    206.15842763      0.02775801      1.94178343      0.99983119      0.69233048      0.48019602      0.48019602      0.55699439      0.99517278      4.30000000    -10.00000000
    -38.92976589      0.00000000      0.00000000      0.00000000      0.00000000      0.00450750      4.37770948      0.00003577    207.70336462      0.02804606      1.94304292      0.99983119      0.69183039      0.48037848      0.48037848      0.55674638      0.99520851      4.30000000    -10.00000000
    -39.09698997      0.00000000      0.00000000      0.00000000      0.00000000      0.00434461      4.41647789      0.00003484    209.19521565      0.02834144      1.94426552      0.99983119      0.69132177      0.48055896      0.48055896      0.55649757      0.99524252      4.30000000    -10.00000000
    -39.26421405      0.00000000      0.00000000      0.00000000      0.00000000      0.00418740      4.45524816      0.00003394    210.63347327      0.02864428      1.94545233      0.99983119      0.69080312      0.48073745      0.48073745      0.55624783      0.99527485      4.30000000    -10.00000000
    -39.43143813      0.00000000      0.00000000      0.00000000      0.00000000      0.00403571      4.49402008      0.00003306    212.01773170      0.02895472      1.94660443      0.99983119      0.69027699      0.48091393      0.48091393      0.55599818      0.99530556      4.30000000    -10.00000000
    -39.59866221      0.00000000      0.00000000      0.00000000      0.00000000      0.00388934      4.53279345      0.00003221    213.34749625      0.02927290      1.94772288      0.99983119      0.68974168      0.48108838      0.48108838      0.55574568      0.99533468      4.30000000    -10.00000000
    -39.76588629      0.00000000      0.00000000      0.00000000      0.00000000      0.00374814      4.57156806      0.00003139    214.62240074      0.02959899      1.94880870      0.99983119      0.68919949      0.48126082      0.48126082      0.55549486      0.99536226      4.30000000    -10.00000000
    -39.93311037      0.00000000      0.00000000      0.00000000      0.00000000      0.00361191      4.61034370      0.00003059    215.84206041      0.02993312      1.94986289      0.99983119      0.68864978      0.48143128      0.48143128      0.55524354      0.99538835      4.30000000    -10.00000000
    -40.10033445      0.00000000      0.00000000      0.00000000      0.00000000      0.00348051      4.64912019      0.00002981    217.00605968      0.03027549      1.95088642      0.99983119      0.68809351      0.48159958      0.48159958      0.55499071      0.99541297      4.30000000    -10.00000000
    -40.26755853      0.00000000      0.00000000      0.00000000      0.00000000      0.00335377      4.68789731      0.00002906    218.11417053      0.03062625      1.95188023      0.99983119      0.68753117      0.48176590      0.48176590      0.55473809      0.99543617      4.30000000    -10.00000000
    -40.43478261      0.00000000      0.00000000      0.00000000      0.00000000      0.00323154      4.72667487      0.00002833    219.16594556      0.03098560      1.95284523      0.99983119      0.68696070      0.48193023      0.48193023      0.55448600      0.99545797      4.30000000    -10.00000000
    -40.60200669      0.00000000      0.00000000      0.00000000      0.00000000      0.00311366      4.76545268      0.00002762    220.16118107      0.03135372      1.95378232      0.99983119      0.68638857      0.48209244      0.48209244      0.55423397      0.99547841      4.30000000    -10.00000000
    -40.76923077      0.00000000      0.00000000      0.00000000      0.00000000      0.00299999      4.80423069      0.00002693    221.10118913      0.03173059      1.95469235      0.99983119      0.68580863      0.48225267      0.48225267      0.55408714      0.99549755      4.30000000    -10.00000000
    -40.93645485      0.00000000      0.00000000      0.00000000      0.00000000      0.00289038      4.84300823      0.00002626    221.98089909      0.03211710      1.95557617      0.99983119      0.68519182      0.48241087      0.48241087      0.55372905      0.99551531      4.30000000    -10.00000000
    -41.10367893      0.00000000      0.00000000      0.00000000      0.00000000      0.00278470      4.88178560      0.00002562    222.80495212      0.03251278      1.95643459      0.99983119      0.68463537      0.48256706      0.48256706      0.55347744      0.99553182      4.30000000    -10.00000000
    -41.27090301      0.00000000      0.00000000      0.00000000      0.00000000      0.00268281      4.92056243      0.00002499    223.57159794      0.03291807      1.95726840      0.99983119      0.68404108      0.48272124      0.48272124      0.55322109      0.99554708      4.30000000    -10.00000000
    -41.43812709      0.00000000      0.00000000      0.00000000      0.00000000      0.00258459      4.95933855      0.00002438    224.28066311      0.03333321      1.95807837      0.99983119      0.68344496      0.48287342      0.48287342      0.55297468      0.99556109      4.30000000    -10.00000000
    -41.60535117      0.00000000      0.00000000      0.00000000      0.00000000      0.00248990      4.99811375      0.00002378    224.93202783      0.03375845      1.95886524      0.99983119      0.68284414      0.48302363      0.48302363      0.55272455      0.99557389      4.30000000    -10.00000000
    -41.77257525      0.00000000      0.00000000      0.00000000      0.00000000      0.00239862      5.03688784      0.00002321    225.52563181      0.03419402      1.95962974      0.99983119      0.68223992      0.48317193      0.48317193      0.55247418      0.99558549      4.30000000    -10.00000000
    -41.93979933      0.00000000      0.00000000      0.00000000      0.00000000      0.00231064      5.07566064      0.00002265    226.06142766      0.03464018      1.96037255      0.99983119      0.68206240      0.48331814      0.48331814      0.55222704      0.99559591      4.30000000    -10.00000000
    -42.10702341      0.00000000      0.00000000      0.00000000      0.00000000      0.00222585      5.11443196      0.00002210    226.53938483      0.03509721      1.96109437      0.99983119      0.68100244      0.48346248      0.48346248      0.55197651      0.99560516      4.30000000    -10.00000000
    -42.27424749      0.00000000      0.00000000      0.00000000      0.00000000      0.00214412      5.15320160      0.00002158    226.95952623      0.03556537      1.96179586      0.99983119      0.68040982      0.48360491      0.48360491      0.55172860      0.99561326      4.30000000    -10.00000000
    -42.44147157      0.00000000      0.00000000      0.00000000      0.00000000      0.00206535      5.19196938      0.00002106    227.32192513      0.03604495      1.96247764      0.99983119      0.67979502      0.48374542      0.48374542      0.55148145      0.99562022      4.30000000    -10.00000000
    -42.60869565      0.00000000      0.00000000      0.00000000      0.00000000      0.00198945      5.23073510      0.00002057    227.62664025      0.03653624      1.96314034      0.99983119      0.67917748      0.48388403      0.48388403      0.55123513      0.99562606      4.30000000    -10.00000000
    -42.77591973      0.00000000      0.00000000      0.00000000      0.00000000      0.00191630      5.26949858      0.00002008    227.87380751      0.03703955      1.96378456      0.99983119      0.67855872      0.48402079      0.48402079      0.55098979      0.99563078      4.30000000    -10.00000000
    -42.94314381      0.00000000      0.00000000      0.00000000      0.00000000      0.00184581      5.30825962      0.00001961    228.06357173      0.03755518      1.96441087      0.99983119      0.67794109      0.48415569      0.48415569      0.55074410      0.99563440      4.30000000    -10.00000000
    -43.11036789      0.00000000      0.00000000      0.00000000      0.00000000      0.00177789      5.34701803      0.00001916    228.19612804      0.03808347      1.96501985      0.99983119      0.67731669      0.48428876      0.48428876      0.55050236      0.99563692      4.30000000    -10.00000000
    -43.27759197      0.00000000      0.00000000      0.00000000      0.00000000      0.00171245      5.38577362      0.00001871    228.27170962      0.03862474      1.96561203      0.99983119      0.67669356      0.48442001      0.48442001      0.55025930      0.99563836      4.30000000    -10.00000000
    -43.44481605      0.00000000      0.00000000      0.00000000      0.00000000      0.00164939      5.42452620      0.00001828    228.29056261      0.03917935      1.96618795      0.99983119      0.67606954      0.48454947      0.48454947      0.55001760      0.99563872      4.30000000    -10.00000000
    -43.61204013      0.00000000      0.00000000      0.00000000      0.00000000      0.00158864      5.46327556      0.00001787    228.25300410      0.03974763      1.96674812      0.99983119      0.67541713      0.48467717      0.48467717      0.54977750      0.99563801      4.30000000    -10.00000000
    -43.77926421      0.00000000      0.00000000      0.00000000      0.00000000      0.00153011      5.50202152      0.00001746    228.15932350      0.04032997      1.96729303      0.99983119      0.67481908      0.48480311      0.48480311      0.54928564      0.99563622      4.30000000    -10.00000000
    -43.94648829      0.00000000      0.00000000      0.00000000      0.00000000      0.00147371      5.54076388      0.00001706    228.00991882      0.04092673      1.96782316      0.99983119      0.67419311      0.48492733      0.48492733      0.54937656      0.99563338      4.30000000    -10.00000000
    -44.11371237      0.00000000      0.00000000      0.00000000      0.00000000      0.00141939      5.57950243      0.00001668    227.80519408      0.04153831      1.96833897      0.99983119      0.67356783      0.48504995      0.48504995      0.54906319      0.99562947      4.30000000    -10.00000000
    -44.28093645      0.00000000      0.00000000      0.00000000      0.00000000      0.00136705      5.61823699      0.00001631    227.54557283      0.04216511      1.96884092      0.99983119      0.67293402      0.48517066      0.48517066      0.54882685      0.99562451      4.30000000    -10.00000000
    -44.44816054      0.00000000      0.00000000      0.00000000      0.00000000      0.00131663      5.65696733      0.00001595    227.23152103      0.04280754      1.96932944      0.99983119      0.67231398      0.48528981      0.48528981      0.54859274      0.99561848      4.30000000    -10.00000000
    -44.61538462      0.00000000      0.00000000      0.00000000      0.00000000      0.00126806      5.69569326      0.00001559    226.86354880      0.04346603      1.96980496      0.99983119      0.67168779      0.48540734      0.48540734      0.54835991      0.99561141      4.30000000    -10.00000000
    -44.78260870      0.00000000      0.00000000      0.00000000      0.00000000      0.00122128      5.73441458      0.00001525    226.44218857      0.04414102      1.97026788      0.99983119      0.67106185      0.48552324      0.48552324      0.54812758      0.99560328      4.30000000    -10.00000000
    -44.94983278      0.00000000      0.00000000      0.00000000      0.00000000      0.00117621      5.77313106      0.00001492    225.96801765      0.04483296      1.97071859      0.99983119      0.67031680      0.48563755      0.48563755      0.54789666      0.99559409      4.30000000    -10.00000000
    -45.11705686      0.00000000      0.00000000      0.00000000      0.00000000      0.00113280      5.81184251      0.00001460    225.44163069      0.04554231      1.97115748      0.99983119      0.66981101      0.48575028      0.48575028      0.54766722      0.99558385      4.30000000    -10.00000000
    -45.28428094      0.00000000      0.00000000      0.00000000      0.00000000      0.00109099      5.85054871      0.00001428    224.86367069      0.04626956      1.97158491      0.99983119      0.66918744      0.48586146      0.48586146      0.54742569      0.99557255      4.30000000    -10.00000000
    -45.45150502      0.00000000      0.00000000      0.00000000      0.00000000      0.00105071      5.88924943      0.00001398    224.23480671      0.04701521      1.97200125      0.99983119      0.66856247      0.48597111      0.48597111      0.54721263      0.99556019      4.30000000    -10.00000000
    -45.61872910      0.00000000      0.00000000      0.00000000      0.00000000      0.00101192      5.92794446      0.00001368    223.55573227      0.04777976      1.97240685      0.99983119      0.66794137      0.48607925      0.48607925      0.54698661      0.99554676      4.30000000    -10.00000000
    -45.78595318      0.00000000      0.00000000      0.00000000      0.00000000      0.00097455      5.96663358      0.00001339    222.82717906      0.04856374      1.97280203      0.99983119      0.66731992      0.48618590      0.48618590      0.54677134      0.99553227      4.30000000    -10.00000000
    -45.95317726      0.00000000      0.00000000      0.00000000      0.00000000      0.00093857      6.00531656      0.00001311    222.04991010      0.04936768      1.97318712      0.99983119      0.66669964      0.48629109      0.48629109      0.54653986      0.99551670      4.30000000    -10.00000000
    -46.12040134      0.00000000      0.00000000      0.00000000      0.00000000      0.00090391      6.04399316      0.00001284    221.22469174      0.05019215      1.97356244      0.99983119      0.66603092      0.48639484      0.48639484      0.54631844      0.99550005      4.30000000    -10.00000000
    -46.28762542      0.00000000      0.00000000      0.00000000      0.00000000      0.00087052      6.08266316      0.00001257    220.35237003      0.05103773      1.97392828      0.99983119      0.66546286      0.48649717      0.48649717      0.54610201      0.99548232      4.30000000    -10.00000000
    -46.45484950      0.00000000      0.00000000      0.00000000      0.00000000      0.00083837      6.12132632      0.00001231    219.43377338      0.05190499      1.97428495      0.99983119      0.66484642      0.48659810      0.48659810      0.54588036      0.99546349      4.30000000    -10.00000000
    -46.62207358      0.00000000      0.00000000      0.00000000      0.00000000      0.00080741      6.15998240      0.00001206    218.46976985      0.05279455      1.97463272      0.99983119      0.66423172      0.48669765      0.48669765      0.54566236      0.99544356      4.30000000    -10.00000000
    -46.78929766      0.00000000      0.00000000      0.00000000      0.00000000      0.00077759      6.19863115      0.00001182    217.46125164      0.05370704      1.97497187      0.99983119      0.66361761      0.48679585      0.48679585      0.54541898      0.99542253      4.30000000    -10.00000000
    -46.95652174      0.00000000      0.00000000      0.00000000      0.00000000      0.00074886      6.23727232      0.00001158    216.40913905      0.05464310      1.97530267      0.99983119      0.66300591      0.48689271      0.48689271      0.54523205      0.99540038      4.30000000    -10.00000000
    -47.12374582      0.00000000      0.00000000      0.00000000      0.00000000      0.00072120      6.27590565      0.00001135    215.31437444      0.05560339      1.97562537      0.99983119      0.66239711      0.48698826      0.48698826      0.54501897      0.99537710      4.30000000    -10.00000000
    -47.29096990      0.00000000      0.00000000      0.00000000      0.00000000      0.00069457      6.31453090      0.00001112    214.17791682      0.05658861      1.97594022      0.99983119      0.66178843      0.48708262      0.48708262      0.54480720      0.99535268      4.30000000    -10.00000000
    -47.45819398      0.00000000      0.00000000      0.00000000      0.00000000      0.00066891      6.35314779      0.00001090    213.00074732      0.05759944      1.97624746      0.99983119      0.66118290      0.48717549      0.48717549      0.54459697      0.99532712      4.30000000    -10.00000000
    -47.62541806      0.00000000      0.00000000      0.00000000      0.00000000      0.00064421      6.39175605      0.00001069    211.78387275      0.05863663      1.97654733      0.99983119      0.66057877      0.48726722      0.48726722      0.54438817      0.99530040      4.30000000    -10.00000000
    -47.79264214      0.00000000      0.00000000      0.00000000      0.00000000      0.00062042      6.43035540      0.00001048    210.52817289      0.05970095      1.97684005      0.99983119      0.65997759      0.48735772      0.48735772      0.54418052      0.99527250      4.30000000    -10.00000000
    -47.95986622      0.00000000      0.00000000      0.00000000      0.00000000      0.00059750      6.46894560      0.00001028    209.23509099      0.06079306      1.97712584      0.99983119      0.65937598      0.48744700      0.48744700      0.54407043      0.99524342      4.30000000    -10.00000000
    -48.12709030      0.00000000      0.00000000      0.00000000      0.00000000      0.00057544      6.50752633      0.00001008    207.90528012      0.06191386      1.97740491      0.99983119      0.65877773      0.48753509      0.48753509      0.54377010      0.99521314      4.30000000    -10.00000000
    -48.29431438      0.00000000      0.00000000      0.00000000      0.00000000      0.00055419      6.54609730      0.00000989    206.53993919      0.06306413      1.97767745      0.99983119      0.65818228      0.48762201      0.48762201      0.54356685      0.99518165      4.30000000    -10.00000000
    -48.46153846      0.00000000      0.00000000      0.00000000      0.00000000      0.00053373      6.58465822      0.00000970    205.14015059      0.06424470      1.97794368      0.99983119      0.65758853      0.48770777      0.48770777      0.54334921      0.99514893      4.30000000    -10.00000000
    -48.62876254      0.00000000      0.00000000      0.00000000      0.00000000      0.00051402      6.62320878      0.00000952    203.70700533      0.06545645      1.97820378      0.99983119      0.65676380      0.48779240      0.48779240      0.54316444      0.99511497      4.30000000    -10.00000000
    -48.79598662      0.00000000      0.00000000      0.00000000      0.00000000      0.00049504      6.66174868      0.00000934    202.24160816      0.06670025      1.97845793      0.99983119      0.65640799      0.48787591      0.48787591      0.54296531      0.99507975      4.30000000    -10.00000000
    -48.96321070      0.00000000      0.00000000      0.00000000      0.00000000      0.00047677      6.70027769      0.00000917    200.74556473      0.06797687      1.97870631      0.99983119      0.65582105      0.48795832      0.48795832      0.54276782      0.99504326      4.30000000    -10.00000000
    -49.13043478      0.00000000      0.00000000      0.00000000      0.00000000      0.00045917      6.73879522      0.00000900    199.21851600      0.06928773      1.97894909      0.99983119      0.65523689      0.48803964      0.48803964      0.54257161      0.99500546      4.30000000    -10.00000000
    -49.29765886      0.00000000      0.00000000      0.00000000      0.00000000      0.00044223      6.77730121      0.00000884    197.66306903      0.07063331      1.97918645      0.99983119      0.65465430      0.48811991      0.48811991      0.54237677      0.99496635      4.30000000    -10.00000000
    -49.46488294      0.00000000      0.00000000      0.00000000      0.00000000      0.00042591      6.81579522      0.00000868    196.07986369      0.07201477      1.97941854      0.99983119      0.65407473      0.48819900      0.48819900      0.54218345      0.99492591      4.30000000    -10.00000000
    -49.63210702      0.00000000      0.00000000      0.00000000      0.00000000      0.00041019      6.85427692      0.00000852    194.47003507      0.07343314      1.97964552      0.99983119      0.65349717      0.48827732      0.48827732      0.54199132      0.99488413      4.30000000    -10.00000000
    -49.79933110      0.00000000      0.00000000      0.00000000      0.00000000      0.00039506      6.89274595      0.00000837    192.83472347      0.07488948      1.97986754      0.99983119      0.65292210      0.48835451      0.48835451      0.54180061      0.99484097      4.30000000    -10.00000000
    -49.96655518      0.00000000      0.00000000      0.00000000      0.00000000      0.00038049      6.93120195      0.00000822    191.17506806      0.07638487      1.98008474      0.99983119      0.65235043      0.48843080      0.48843080      0.54161123      0.99479641      4.30000000    -10.00000000
    -50.13377926      0.00000000      0.00000000      0.00000000      0.00000000      0.00036645      6.96964455      0.00000808    189.49220790      0.07792044      1.98029727      0.99983119      0.65177974      0.48850590      0.48850590      0.54142324      0.99475044      4.30000000    -10.00000000
    -50.30100334      0.00000000      0.00000000      0.00000000      0.00000000      0.00035294      7.00807337      0.00000794    187.78729216      0.07949734      1.98050526      0.99983119      0.65121364      0.48858015      0.48858015      0.54121504      0.99470303      4.30000000    -10.00000000
    -50.46822742      0.00000000      0.00000000      0.00000000      0.00000000      0.00033993      7.04648803      0.00000780    186.06145833      0.08111675      1.98070885      0.99983119      0.65064871      0.48865345      0.48865345      0.54105146      0.99465416      4.30000000    -10.00000000
    -50.63545151      0.00000000      0.00000000      0.00000000      0.00000000      0.00032739      7.08488814      0.00000767    184.31583550      0.08277989      1.98090816      0.99983119      0.65008750      0.48872582      0.48872582      0.54086727      0.99460381      4.30000000    -10.00000000
    -50.80267559      0.00000000      0.00000000      0.00000000      0.00000000      0.00031533      7.12327327      0.00000754    182.55155671      0.08448803      1.98110332      0.99983119      0.64952932      0.48879728      0.48879728      0.54068474      0.99455194      4.30000000    -10.00000000
    -50.96989967      0.00000000      0.00000000      0.00000000      0.00000000      0.00030371      7.16164303      0.00000741    180.76974355      0.08624245      1.98129445      0.99983119      0.64897109      0.48886784      0.48886784      0.54049409      0.99449853      4.30000000    -10.00000000
    -51.13712375      0.00000000      0.00000000      0.00000000      0.00000000      0.00029252      7.19999699      0.00000729    178.97151584      0.08804450      1.98148165      0.99983119      0.64841741      0.48893751      0.48893751      0.54032348      0.99444357      4.30000000    -10.00000000
    -51.30434783      0.00000000      0.00000000      0.00000000      0.00000000      0.00028174      7.23833475      0.00000717    177.15815578      0.08989544      1.98166506      0.99983119      0.64786628      0.48900631      0.48900631      0.54014484      0.99438701      4.30000000    -10.00000000
    -51.47157191      0.00000000      0.00000000      0.00000000      0.00000000      0.00027136      7.27665575      0.00000705    175.33024377      0.09179697      1.98184476      0.99983119      0.64731743      0.48907426      0.48907426      0.53996746      0.99432882      4.30000000    -10.00000000
    -51.63879599      0.00000000      0.00000000      0.00000000      0.00000000      0.00026137      7.31495964      0.00000693    173.48939098      0.09375025      1.98202088      0.99983119      0.64691652      0.48914137      0.48914137      0.53976176      0.99426899      4.30000000    -10.00000000
    -51.80602007      0.00000000      0.00000000      0.00000000      0.00000000      0.00025175      7.35324594      0.00000682    171.63650254      0.09575689      1.98219350      0.99983119      0.64705982      0.48920765      0.48920765      0.53961681      0.99420748      4.30000000    -10.00000000
    -51.97324415      0.00000000      0.00000000      0.00000000      0.00000000      0.00024248      7.39151414      0.00000671    169.77264921      0.09781841      1.98236273      0.99983119      0.64568801      0.48927312      0.48927312      0.53944313      0.99414426      4.30000000    -10.00000000
    -52.14046823      0.00000000      0.00000000      0.00000000      0.00000000      0.00023355      7.42976378      0.00000660    167.89888245      0.09993640      1.98252867      0.99983119      0.64515043      0.48933781      0.48933781      0.53927090      0.99407930      4.30000000    -10.00000000
    -52.30769231      0.00000000      0.00000000      0.00000000      0.00000000      0.00022496      7.46799433      0.00000650    166.01624584      0.10211249      1.98269140      0.99983119      0.64461494      0.48940167      0.48940167      0.53909992      0.99401256      4.30000000    -10.00000000
    -52.47491639      0.00000000      0.00000000      0.00000000      0.00000000      0.00021668      7.50620530      0.00000640    164.12576464      0.10434836      1.98285101      0.99983119      0.64408240      0.48946478      0.48946478      0.53893016      0.99394401      4.30000000    -10.00000000
    -52.64214047      0.00000000      0.00000000      0.00000000      0.00000000      0.00020871      7.54439614      0.00000630    162.22845123      0.10664573      1.98300759      0.99983119      0.64355291      0.48952713      0.48952713      0.53876196      0.99387362      4.30000000    -10.00000000
    -52.80936455      0.00000000      0.00000000      0.00000000      0.00000000      0.00020104      7.58256633      0.00000620    160.32529982      0.10900637      1.98316123      0.99983119      0.64302600      0.48958873      0.48958873      0.53859440      0.99380134      4.30000000    -10.00000000
    -52.97658863      0.00000000      0.00000000      0.00000000      0.00000000      0.00019365      7.62071530      0.00000611    158.41729061      0.11143212      1.98331200      0.99983119      0.64250181      0.48964960      0.48964960      0.53826683      0.99372715      4.30000000    -10.00000000
    -53.14381271      0.00000000      0.00000000      0.00000000      0.00000000      0.00018653      7.65884249      0.00000601    156.50538393      0.11392486      1.98345999      0.99983119      0.64198053      0.48970975      0.48970975      0.53829937      0.99365101      4.30000000    -10.00000000
    -53.31103679      0.00000000      0.00000000      0.00000000      0.00000000      0.00017968      7.69694731      0.00000592    154.59052253      0.11648652      1.98360526      0.99983119      0.64146198      0.48976919      0.48976919      0.53833145      0.99357287      4.30000000    -10.00000000
    -53.47826087      0.00000000      0.00000000      0.00000000      0.00000000      0.00017308      7.73502917      0.00000583    152.67363199      0.11911909      1.98374790      0.99983119      0.64094595      0.48982792      0.48982792      0.53793773      0.99349270      4.30000000    -10.00000000
    -53.64548495      0.00000000      0.00000000      0.00000000      0.00000000      0.00016672      7.77308746      0.00000575    150.75561739      0.12182463      1.98388796      0.99983119      0.64043246      0.48988597      0.48988597      0.53777668      0.99341046      4.30000000    -10.00000000
    -53.81270903      0.00000000      0.00000000      0.00000000      0.00000000      0.00016060      7.81112155      0.00000566    148.83736436      0.12460525      1.98402553      0.99983119      0.63992218      0.48994334      0.48994334      0.53761649      0.99332610      4.30000000    -10.00000000
    -53.97993311      0.00000000      0.00000000      0.00000000      0.00000000      0.00015470      7.84913080      0.00000558    146.91973858      0.12746311      1.98416067      0.99983119      0.63941442      0.49000004      0.49000004      0.53745583      0.99323958      4.30000000    -10.00000000
    -54.14715719      0.00000000      0.00000000      0.00000000      0.00000000      0.00014902      7.88711454      0.00000550    145.00358360      0.13040044      1.98429344      0.99983119      0.63890936      0.49005609      0.49005609      0.53729991      0.99315085      4.30000000    -10.00000000
    -54.31438127      0.00000000      0.00000000      0.00000000      0.00000000      0.00014356      7.92507210      0.00000542    143.08972787      0.13341956      1.98442390      0.99983119      0.63840654      0.49011152      0.49011152      0.53714355      0.99305988      4.30000000    -10.00000000
    -54.48160535      0.00000000      0.00000000      0.00000000      0.00000000      0.00013829      7.96300279      0.00000534    141.17897278      0.13652281      1.98455212      0.99983119      0.63790760      0.49016627      0.49016627      0.53698845      0.99296661      4.30000000    -10.00000000
    -54.64882943      0.00000000      0.00000000      0.00000000      0.00000000      0.00013322      8.00090589      0.00000527    139.27209988      0.13971264      1.98467815      0.99983119      0.63741091      0.49022041      0.49022041      0.53683383      0.99287100      4.30000000    -10.00000000
    -54.81605351      0.00000000      0.00000000      0.00000000      0.00000000      0.00012834      8.03878068      0.00000519    137.36986950      0.14299155      1.98480206      0.99983119      0.63691657      0.49027395      0.49027395      0.53668051      0.99277299      4.30000000    -10.00000000
    -54.98327759      0.00000000      0.00000000      0.00000000      0.00000000      0.00012363      8.07662641      0.00000512    135.47302012      0.14636212      1.98492389      0.99983119      0.63632993      0.49032688      0.49032688      0.53652877      0.99267254      4.30000000    -10.00000000
    -55.15050167      0.00000000      0.00000000      0.00000000      0.00000000      0.00011910      8.11444230      0.00000505    133.58226787      0.14982699      1.98504370      0.99983119      0.63593669      0.49037921      0.49037921      0.53637783      0.99256960      4.30000000    -10.00000000
    -55.31772575      0.00000000      0.00000000      0.00000000      0.00000000      0.00011474      8.15222762      0.00000498    131.69838727      0.15338880      1.98516153      0.99983119      0.63545055      0.49043097      0.49043097      0.53622807      0.99246411      4.30000000    -10.00000000
    -55.48494983      0.00000000      0.00000000      0.00000000      0.00000000      0.00011054      8.18998144      0.00000491    129.82180967      0.15705063      1.98527745      0.99983119      0.63499793      0.49048215      0.49048215      0.53607938      0.99235601      4.30000000    -10.00000000
    -55.65217391      0.00000000      0.00000000      0.00000000      0.00000000      0.00010649      8.22770304      0.00000485    127.95342496      0.16081509      1.98539150      0.99983119      0.63448656      0.49053276      0.49053276      0.53593173      0.99224526      4.30000000    -10.00000000
    -55.81939799      0.00000000      0.00000000      0.00000000      0.00000000      0.00010260      8.26539154      0.00000478    126.09378033      0.16468525      1.98550372      0.99983119      0.63400837      0.49058281      0.49058281      0.53578517      0.99213179      4.30000000    -10.00000000
    -55.98662207      0.00000000      0.00000000      0.00000000      0.00000000      0.00009884      8.30304609      0.00000472    124.24350652      0.16866412      1.98561417      0.99983119      0.63353367      0.49063232      0.49063232      0.53564043      0.99201555      4.30000000    -10.00000000
    -56.15384615      0.00000000      0.00000000      0.00000000      0.00000000      0.00009523      8.34066574      0.00000465    122.40310835      0.17275495      1.98572288      0.99983119      0.63306056      0.49068129      0.49068129      0.53549532      0.99189648      4.30000000    -10.00000000
    -56.32107023      0.00000000      0.00000000      0.00000000      0.00000000      0.00009174      8.37824963      0.00000459    120.57322403      0.17696086      1.98582989      0.99983119      0.63259069      0.49072973      0.49072973      0.53535191      0.99177450      4.30000000    -10.00000000
    -56.48829431      0.00000000      0.00000000      0.00000000      0.00000000      0.00008839      8.41579679      0.00000453    118.75436586      0.18128522      1.98593526      0.99983119      0.63212317      0.49077764      0.49077764      0.53520956      0.99164957      4.30000000    -10.00000000
    -56.65551839      0.00000000      0.00000000      0.00000000      0.00000000      0.00008516      8.45330627      0.00000448    116.94705009      0.18573145      1.98603902      0.99983119      0.63165739      0.49082504      0.49082504      0.53506837      0.99152162      4.30000000    -10.00000000
    -56.82274247      0.00000000      0.00000000      0.00000000      0.00000000      0.00008205      8.49077708      0.00000442    115.15177168      0.19030306      1.98614120      0.99983119      0.63119613      0.49087194      0.49087194      0.53492800      0.99139057      4.30000000    -10.00000000
    -56.98996656      0.00000000      0.00000000      0.00000000      0.00000000      0.00007905      8.52820819      0.00000436    113.36900152      0.19500367      1.98624186      0.99983119      0.63073660      0.49091834      0.49091834      0.53478861      0.99125637      4.30000000    -10.00000000
    -57.15719064      0.00000000      0.00000000      0.00000000      0.00000000      0.00007617      8.56559858      0.00000431    111.59919246      0.19983700      1.98634101      0.99983119      0.63027925      0.49096424      0.49096424      0.53465032      0.99111894      4.30000000    -10.00000000
    -57.32441472      0.00000000      0.00000000      0.00000000      0.00000000      0.00007339      8.60294717      0.00000425    109.84277516      0.20480687      1.98643871      0.99983119      0.62982516      0.49100967      0.49100967      0.53451303      0.99097821      4.30000000    -10.00000000
    -57.49163880      0.00000000      0.00000000      0.00000000      0.00000000      0.00007071      8.64025287      0.00000420    108.10015748      0.20991723      1.98653498      0.99983119      0.62937321      0.49105462      0.49105462      0.53437666      0.99083411      4.30000000    -10.00000000
    -57.65886288      0.00000000      0.00000000      0.00000000      0.00000000      0.00006813      8.67751455      0.00000415    106.37172783      0.21517212      1.98662985      0.99983119      0.62892372      0.49109910      0.49109910      0.53424135      0.99068656      4.30000000    -10.00000000
    -57.82608696      0.00000000      0.00000000      0.00000000      0.00000000      0.00006565      8.71473107      0.00000410    104.65785414      0.22057570      1.98672336      0.99983119      0.62847725      0.49114312      0.49114312      0.53410621      0.99053549      4.30000000    -10.00000000
    -57.99331104      0.00000000      0.00000000      0.00000000      0.00000000      0.00006326      8.75190124      0.00000405    102.95888457      0.22613225      1.98681555      0.99983119      0.62803296      0.49118669      0.49118669      0.53397350      0.99038081      4.30000000    -10.00000000
    -58.16053512      0.00000000      0.00000000      0.00000000      0.00000000      0.00006095      8.78902385      0.00000400    101.27514691      0.23184616      1.98690643      0.99983119      0.62759167      0.49122981      0.49122981      0.53384096      0.99022245      4.30000000    -10.00000000
    -58.32775920      0.00000000      0.00000000      0.00000000      0.00000000      0.00005873      8.82609765      0.00000395     99.60694949      0.23772197      1.98699605      0.99983119      0.62715209      0.49127249      0.49127249      0.53370950      0.99006033      4.30000000    -10.00000000
    -58.49498328      0.00000000      0.00000000      0.00000000      0.00000000      0.00005660      8.86312137      0.00000390     97.95458185      0.24376433      1.98708443      0.99983119      0.62670348      0.49131474      0.49131474      0.53357896      0.98989435      4.30000000    -10.00000000
    -58.66220736      0.00000000      0.00000000      0.00000000      0.00000000      0.00005454      8.90009371      0.00000386     96.31831473      0.24997800      1.98717159      0.99983119      0.62628125      0.49135656      0.49135656      0.53344931      0.98972444      4.30000000    -10.00000000
    -58.82943144      0.00000000      0.00000000      0.00000000      0.00000000      0.00005255      8.93701331      0.00000381     94.69839636      0.25636793      1.98725757      0.99983119      0.62584957      0.49139796      0.49139796      0.53332026      0.98955050      4.30000000    -10.00000000
    -58.99665552      0.00000000      0.00000000      0.00000000      0.00000000      0.00005064      8.97387881      0.00000377     93.09506972      0.26293913      1.98734239      0.99983119      0.62527617      0.49143895      0.49143895      0.53318921      0.98937245      4.30000000    -10.00000000
    -59.16387960      0.00000000      0.00000000      0.00000000      0.00000000      0.00004880      9.01068878      0.00000372     91.50854372      0.26969683      1.98742608      0.99983119      0.62535885      0.49147952      0.49147952      0.53306560      0.98919019      4.30000000    -10.00000000
    -59.33110368      0.00000000      0.00000000      0.00000000      0.00000000      0.00004703      9.04744179      0.00000368     89.93901930      0.27664636      1.98750866      0.99983119      0.62456877      0.49151970      0.49151970      0.53293947      0.98900362      4.30000000    -10.00000000
    -59.49832776      0.00000000      0.00000000      0.00000000      0.00000000      0.00004532      9.08413634      0.00000364     88.38667929      0.28379320      1.98759016      0.99983119      0.62414687      0.49155948      0.49155948      0.53281433      0.98881265      4.30000000    -10.00000000
    -59.66555184      0.00000000      0.00000000      0.00000000      0.00000000      0.00004368      9.12077092      0.00000360     86.85168988      0.29114299      1.98767059      0.99983119      0.62372658      0.49159888      0.49159888      0.53269049      0.98861718      4.30000000    -10.00000000
    -59.83277592      0.00000000      0.00000000      0.00000000      0.00000000      0.00004209      9.15734396      0.00000356     85.33420042      0.29870152      1.98774999      0.99983119      0.62330993      0.49163788      0.49163788      0.53256652      0.98841710      4.30000000    -10.00000000
    -60.00000000      0.00000000      0.00000000      0.00000000      0.00000000      0.00004056      9.19385385      0.00000352     83.83434717      0.30647476      1.98782837      0.99983119      0.62289556      0.49167651      0.49167651      0.53244320      0.98821232      4.30000000    -10.00000000
