    -10.00000000     -0.00000000     -0.00000000      0.00000000      0.00000000      0.00889964      0.00000125      0.00115276      0.00000000      1.40615078      0.00000000      0.99981468      0.50007839      0.50010524      0.50010524      0.49998679      0.00000000      1.40000000    -10.00000000
     -9.83277592     -0.00000000     -0.00000000      0.00000000      0.00000000      0.00890305      0.06403985      0.00115424      0.00088573      1.40740875      0.00000000      0.99981468      0.51068270      0.49933629      0.49933629      0.50391513      0.00088495      1.40000000    -10.00000000
     -9.66555184     -0.00000000     -0.00000000      0.00000000      0.00000000      0.00898182      0.12757256      0.00116261      0.00352050      1.40518001      0.00000000      0.99981468      0.52140591      0.49872963      0.49872963      0.50783791      0.00350815      1.40000000    -10.00000000
     -9.49832776     -0.00000000     -0.00000000      0.00000000      0.00000000      0.00903465      0.19169172      0.00117651      0.00790098      1.41366684      0.00000000      0.99981468      0.53211398      0.49811284      0.49811284      0.51226486      0.00783905      1.40000000    -10.00000000
     -9.33110368     -0.00000000     -0.00000000      0.00000000      0.00000000      0.00910605      0.25628341      0.00119587      0.01400373      1.42566898      0.00000000      0.99981468      0.54407936      0.49750751      0.49750751      0.51611447      0.01381034      1.40000000    -10.00000000
     -9.16387960     -0.00000000     -0.00000000      0.00000000      0.00000000      0.00919838      0.32145015      0.00122060      0.02180328      1.44054534      0.00000000      0.99981468      0.55469750      0.49689350      0.49689350      0.51984622      0.02133804      1.40000000    -10.00000000
     -8.99665552     -0.00000000     -0.00000000      0.00000000      0.00000000      0.00931279      0.38728183      0.00125057      0.03127400      1.45778096      0.00000000      0.99981468      0.56462779      0.49626677      0.49626677      0.52357379      0.03032560      1.40000000    -10.00000000
     -8.82943144     -0.00000000     -0.00000000      0.00000000      0.00000000      0.00945043      0.45383829      0.00128561      0.04239370      1.47680270      0.00000000      0.99981468      0.57491152      0.49563114      0.49563114      0.52751515      0.04066956      1.40000000    -10.00000000
     -8.66220736     -0.00000000     -0.00000000      0.00000000      0.00000000      0.00961263      0.52114215      0.00132553      0.05514700      1.49696614      0.00000000      0.99981468      0.58481420      0.49498675      0.49498675      0.53134231      0.05226476      1.40000000    -10.00000000
     -8.49498328     -0.00000000     -0.00000000      0.00000000      0.00000000      0.00980096      0.58917343      0.00137010      0.06952820      1.51756340      0.00000000      0.99981468      0.59408406      0.49433480      0.49433480      0.53499183      0.06500829      1.40000000    -10.00000000
     -8.32775920     -0.00000000     -0.00000000      0.00000000      0.00000000      0.01001722      0.65786583      0.00141904      0.08554326      1.53783732      0.00000000      0.99981468      0.60362532      0.49366832      0.49366832      0.53864267      0.07880225      1.40000000    -10.00000000
     -8.16053512     -0.00000000     -0.00000000      0.00000000      0.00000000      0.01026347      0.72710281      0.00147204      0.10321077      1.55699827      0.00000000      0.99981468      0.61301701      0.49299252      0.49299252      0.54232100      0.09355490      1.40000000    -10.00000000
     -7.99331104     -0.00000000     -0.00000000      0.00000000      0.00000000      0.01054211      0.79671582      0.00152875      0.12256213      1.57424422      0.00000000      0.99981468      0.62219398      0.49230479      0.49230479      0.54597182      0.10918071      1.40000000    -10.00000000
     -7.82608696     -0.00000000     -0.00000000      0.00000000      0.00000000      0.01085581      0.86648341      0.00158878      0.14364072      1.58878243      0.00000000      0.99981468      0.63121126      0.49160704      0.49160704      0.54958318      0.12559952      1.40000000    -10.00000000
     -7.65886288     -0.00000000     -0.00000000      0.00000000      0.00000000      0.01120762      0.93613229      0.00165170      0.16650059      1.59985334      0.00000000      0.99981468      0.63973936      0.49088703      0.49088703      0.55314157      0.14273511      1.40000000    -10.00000000
     -7.49163880     -0.00000000     -0.00000000      0.00000000      0.00000000      0.01160096      1.00533726      0.00171703      0.19120379      1.60675097      0.00000000      0.99981468      0.64805728      0.49015582      0.49015582      0.55664434      0.16051308      1.40000000    -10.00000000
     -7.32441472     -0.00000000     -0.00000000      0.00000000      0.00000000      0.01203964      1.07372962      0.00178429      0.21781866      1.60885276      0.00000000      0.99981468      0.65605760      0.48940835      0.48940835      0.56008363      0.17885968      1.40000000    -10.00000000
     -7.15719064     -0.00000000     -0.00000000      0.00000000      0.00000000      0.01252794      1.14089799      0.00185295      0.24641574      1.60563448      0.00000000      0.99981468      0.66367685      0.48864373      0.48864373      0.56345132      0.19769948      1.40000000    -10.00000000
     -6.98996656     -0.00000000     -0.00000000      0.00000000      0.00000000      0.01307062      1.20639755      0.00192245      0.27706467      1.59669238      0.00000000      0.99981468      0.67092734      0.48786342      0.48786342      0.56674460      0.21695430      1.40000000    -10.00000000
     -6.82274247     -0.00000000     -0.00000000      0.00000000      0.00000000      0.01367295      1.26975793      0.00199223      0.30983005      1.58175730      0.00000000      0.99981468      0.67778081      0.48705626      0.48705626      0.56994902      0.23654217      1.40000000    -10.00000000
     -6.65551839     -0.00000000     -0.00000000      0.00000000      0.00000000      0.01434077      1.33049260      0.00206172      0.34476702      1.56070464      0.00000000      0.99981468      0.68443749      0.48624157      0.48624157      0.57306149      0.25637677      1.40000000    -10.00000000
     -6.48829431     -0.00000000     -0.00000000      0.00000000      0.00000000      0.01508055      1.38810891      0.00213037      0.38191623      1.53355896      0.00000000      0.99981468      0.69014993      0.48539989      0.48539989      0.57604354      0.27636714      1.40000000    -10.00000000
     -6.32107023     -0.00000000     -0.00000000      0.00000000      0.00000000      0.01589938      1.44211918      0.00219761      0.42129884      1.50049152      0.00000000      0.99981468      0.69564018      0.48453682      0.48453682      0.57897692      0.29641820      1.40000000    -10.00000000
     -6.15384615     -0.00000000     -0.00000000      0.00000000      0.00000000      0.01680508      1.49205087      0.00226292      0.46291033      1.46181328      0.00000000      0.99981468      0.70055621      0.48365641      0.48365641      0.58175943      0.31643110      1.40000000    -10.00000000
     -5.98662207     -0.00000000     -0.00000000      0.00000000      0.00000000      0.01780618      1.53745679      0.00232580      0.50671389      1.41796183      0.00000000      0.99981468      0.70479266      0.48275886      0.48275886      0.58441341      0.33630399      1.40000000    -10.00000000
     -5.81939799     -0.00000000     -0.00000000      0.00000000      0.00000000      0.01891203      1.57792469      0.00238578      0.55263383      1.36948280      0.00000000      0.99981468      0.70770716      0.48183623      0.48183623      0.58694635      0.35593314      1.40000000    -10.00000000
     -5.65217391     -0.00000000     -0.00000000      0.00000000      0.00000000      0.02013276      1.61308532      0.00244246      0.60054784      1.31700848      0.00000000      0.99981468      0.71133745      0.48090088      0.48090088      0.58928945      0.37521393      1.40000000    -10.00000000
     -5.48494983     -0.00000000     -0.00000000      0.00000000      0.00000000      0.02147934      1.64261917      0.00249547      0.65027900      1.26123366      0.00000000      0.99981468      0.71535180      0.47994410      0.47994410      0.59148713      0.39404186      1.40000000    -10.00000000
     -5.31772575     -0.00000000     -0.00000000      0.00000000      0.00000000      0.02296362      1.66626151      0.00254450      0.70158733      1.20289051      0.00000000      0.99981468      0.71877203      0.47897529      0.47897529      0.59354880      0.41231344      1.40000000    -10.00000000
     -5.15050167     -0.00000000     -0.00000000      0.00000000      0.00000000      0.02459829      1.68380557      0.00258930      0.75416099      1.14272394      0.00000000      0.99981468      0.72151172      0.47799451      0.47799451      0.59533784      0.42992690      1.40000000    -10.00000000
     -4.98327759     -0.00000000     -0.00000000      0.00000000      0.00000000      0.02639686      1.69510393      0.00262968      0.80760746      1.08146844      0.00000000      0.99981468      0.72375491      0.47700607      0.47700607      0.59696260      0.44678254      1.40000000    -10.00000000
     -4.81605351     -0.00000000     -0.00000000      0.00000000      0.00000000      0.02837365      1.70006814      0.00266550      0.86144465      1.01982767      0.00000000      0.99981468      0.72529880      0.47601342      0.47601342      0.59836463      0.46278284      1.40000000    -10.00000000
     -4.64882943     -0.00000000     -0.00000000      0.00000000      0.00000000      0.03054368      1.69866660      0.00269669      0.91509254      0.95845735      0.00000000      0.99981468      0.72617552      0.47502246      0.47502246      0.59952884      0.47783202      1.40000000    -10.00000000
     -4.48160535     -0.00000000     -0.00000000      0.00000000      0.00000000      0.03292256      1.69092111      0.00272322      0.96786560      0.89795205      0.00000000      0.99981468      0.72636325      0.47406033      0.47406033      0.60044427      0.49183521      1.40000000    -10.00000000
     -4.31438127     -0.00000000     -0.00000000      0.00000000      0.00000000      0.03552636      1.67690220      0.00274514      1.01896666      0.83883589      0.00000000      0.99981468      0.72591721      0.47310756      0.47310756      0.60103128      0.50469712      1.40000000    -10.00000000
     -4.14715719     -0.00000000     -0.00000000      0.00000000      0.00000000      0.03837140      1.65672387      0.00276252      1.06748328      0.78155706      0.00000000      0.99981468      0.72471985      0.47217553      0.47217553      0.60141079      0.51632015      1.40000000    -10.00000000
     -3.97993311     -0.00000000     -0.00000000      0.00000000      0.00000000      0.04147392      1.63053811      0.00277548      1.11238806      0.72648574      0.00000000      0.99981468      0.72280935      0.47129189      0.47129189      0.60143594      0.52660213      1.40000000    -10.00000000
     -3.81270903     -0.00000000     -0.00000000      0.00000000      0.00000000      0.04484978      1.59852967      0.00278421      1.15254475      0.67391498      0.00000000      0.99981468      0.72014291      0.47045775      0.47045775      0.60112521      0.53543358      1.40000000    -10.00000000
     -3.64548495     -0.00000000     -0.00000000      0.00000000      0.00000000      0.04851395      1.56091146      0.00278889      1.18672229      0.62406374      0.00000000      0.99981468      0.71673055      0.46968111      0.46968111      0.60045568      0.54269456      1.40000000    -10.00000000
     -3.47826087     -0.00000000     -0.00000000      0.00000000      0.00000000      0.05247991      1.51792031      0.00278976      1.21361829      0.57708175      0.00000000      0.99981468      0.71254058      0.46899169      0.46899169      0.59940300      0.54825093      1.40000000    -10.00000000
     -3.31103679     -0.00000000     -0.00000000      0.00000000      0.00000000      0.05675897      1.46981280      0.00278704      1.23189267      0.53305582      0.00000000      0.99981468      0.70758432      0.46839134      0.46839134      0.59793930      0.55194978      1.40000000    -10.00000000
     -3.14381271     -0.00000000     -0.00000000      0.00000000      0.00000000      0.06135945      1.41686075      0.00278098      1.24021142      0.49201702      0.00000000      0.99981468      0.70183326      0.46794213      0.46794213      0.59602663      0.55361356      1.40000000    -10.00000000
     -2.97658863     -0.00000000     -0.00000000      0.00000000      0.00000000      0.06628570      1.35934638      0.00277181      1.23729995      0.45394871      0.00000000      0.99981468      0.69529389      0.46762569      0.46762569      0.59357596      0.55303266      1.40000000    -10.00000000
     -2.80936455     -0.00000000     -0.00000000      0.00000000      0.00000000      0.07153717      1.29755716      0.00275975      1.22200597      0.41879470      0.00000000      0.99981468      0.68797916      0.46748118      0.46748118      0.59063752      0.54995621      1.40000000    -10.00000000
     -2.64214047     -0.00000000     -0.00000000      0.00000000      0.00000000      0.07710733      1.23178104      0.00274502      1.19337194      0.38646727      0.00000000      0.99981468      0.67987834      0.46753494      0.46753494      0.58768365      0.54408097      1.40000000    -10.00000000
     -2.47491639     -0.00000000     -0.00000000      0.00000000      0.00000000      0.08298257      1.16230236      0.00272781      1.15071660      0.35685466      0.00000000      0.99981468      0.67102028      0.46781728      0.46781728      0.58424877      0.53503869      1.40000000    -10.00000000
     -2.30769231     -0.00000000     -0.00000000      0.00000000      0.00000000      0.08914117      1.08939857      0.00270833      1.09372452      0.32982773      0.00000000      0.99981468      0.66142700      0.46835511      0.46835511      0.58032145      0.52238225      1.40000000    -10.00000000
     -2.14046823     -0.00000000     -0.00000000      0.00000000      0.00000000      0.09555225      1.01333789      0.00268675      1.02254031      0.30524576      0.00000000      0.99981468      0.65114834      0.46917731      0.46917731      0.57589616      0.50557228      1.40000000    -10.00000000
     -1.97324415     -0.00000000     -0.00000000      0.00000000      0.00000000      0.10217490      0.93437770      0.00266323      0.93786287      0.28296134      0.00000000      0.99981468      0.64039516      0.47031506      0.47031506      0.57097150      0.48396761      1.40000000    -10.00000000
     -1.80602007     -0.00000000     -0.00000000      0.00000000      0.00000000      0.10895757      0.85276352      0.00263791      0.84103305      0.26282440      0.00000000      0.99981468      0.62851219      0.47179896      0.47179896      0.56555064      0.45682670      1.40000000    -10.00000000
     -1.63879599     -0.00000000     -0.00000000      0.00000000      0.00000000      0.11583765      0.76872839      0.00261093      0.73410670      0.24468546      0.00000000      0.99981468      0.61611865      0.47363162      0.47363162      0.55964147      0.42333422      1.40000000    -10.00000000
     -1.47157191     -0.00000000     -0.00000000      0.00000000      0.00000000      0.12274160      0.68249253      0.00258239      0.61990426      0.22839821      0.00000000      0.99981468      0.60315890      0.47586427      0.47586427      0.55326069      0.38267957      1.40000000    -10.00000000
     -1.30434783     -0.00000000     -0.00000000      0.00000000      0.00000000      0.12958551      0.59426326      0.00255237      0.50202806      0.21382145      0.00000000      0.99981468      0.58978479      0.47850025      0.47850025      0.54642612      0.33423348      1.40000000    -10.00000000
     -1.13712375     -0.00000000     -0.00000000      0.00000000      0.00000000      0.13627624      0.50423495      0.00252095      0.38483915      0.20082055      0.00000000      0.99981468      0.57597038      0.48152988      0.48152988      0.53916505      0.27789448      1.40000000    -10.00000000
     -0.96989967     -0.00000000     -0.00000000      0.00000000      0.00000000      0.14271319      0.41258916      0.00248816      0.27338772      0.18926841      0.00000000      0.99981468      0.56182940      0.48494381      0.48494381      0.53151479      0.21469323      1.40000000    -10.00000000
     -0.80267559     -0.00000000     -0.00000000      0.00000000      0.00000000      0.14879070      0.31949479      0.00245402      0.17329425      0.17904612      0.00000000      0.99981468      0.54742668      0.48882498      0.48882498      0.52349881      0.14769888      1.40000000    -10.00000000
     -0.63545151     -0.00000000     -0.00000000      0.00000000      0.00000000      0.15440102      0.22510823      0.00241850      0.09058264      0.17004319      0.00000000      0.99981468      0.53285009      0.49304997      0.49304997      0.51517619      0.08305894      1.40000000    -10.00000000
     -0.46822742     -0.00000000     -0.00000000      0.00000000      0.00000000      0.15943775      0.12957364      0.00238158      0.03147155      0.16215736      0.00000000      0.99981468      0.51815214      0.49763114      0.49763114      0.50659577      0.03051131      1.40000000    -10.00000000
     -0.30100334     -0.00000000     -0.00000000      0.00000000      0.00000000      0.16379958      0.03302430      0.00234310      0.00213475      0.15528924      0.00000000      0.99981468      0.50343731      0.50252560      0.50252560      0.49785642      0.00213020      1.40000000    -10.00000000
     -0.13377926     -0.00000000     -0.00000000      0.00000000      0.00000000      0.16739426     -0.06442304      0.00230323      0.00844587      0.14936863      0.00000000      0.99981468      0.48873896      0.50769129      0.50769129      0.48884701      0.00837514      1.40000000    -10.00000000
      0.03344482     -0.00000000     -0.00000000      0.00000000      0.00000000      0.17014222     -0.16265655      0.00226163      0.05573025      0.14430243      0.00000000      0.99981468      0.47410150      0.51306220      0.51306220      0.47969926      0.05278834      1.40000000    -10.00000000
      0.20066890     -0.00000000     -0.00000000      0.00000000      0.00000000      0.17198012     -0.26158286      0.00221848      0.14852480      0.14003645      0.00000000      0.99981468      0.45969461      0.51857891      0.51857891      0.47051132      0.12931789      1.40000000    -10.00000000
      0.36789298     -0.00000000     -0.00000000      0.00000000      0.00000000      0.17286347     -0.36111417      0.00217353      0.29039137      0.13649818      0.00000000      0.99981468      0.44542139      0.52417020      0.52417020      0.46131135      0.22504132      1.40000000    -10.00000000
      0.53511706     -0.00000000     -0.00000000      0.00000000      0.00000000      0.17276876     -0.46117560      0.00212671      0.48377935      0.13363088      0.00000000      0.99981468      0.43137247      0.52975844      0.52975844      0.45218324      0.32604535      1.40000000    -10.00000000
      0.70234114     -0.00000000     -0.00000000      0.00000000      0.00000000      0.17169442     -0.56170265      0.00207794      0.72995097      0.13138348      0.00000000      0.99981468      0.41756541      0.53527165      0.53527165      0.44316694      0.42194894      1.40000000    -10.00000000
      0.86956522     -0.00000000     -0.00000000      0.00000000      0.00000000      0.16966088     -0.66264019      0.00202715      1.02898767      0.12970804      0.00000000      0.99981468      0.40402516      0.54064157      0.54064157      0.43431272      0.50714338      1.40000000    -10.00000000
      1.03678930     -0.00000000     -0.00000000      0.00000000      0.00000000      0.16670954     -0.76394212      0.00197426      1.37985798      0.12856064      0.00000000      0.99981468      0.39074177      0.54579521      0.54579521      0.42565976      0.57980686      1.40000000    -10.00000000
      1.20401338     -0.00000000     -0.00000000      0.00000000      0.00000000      0.16290098     -0.86557552      0.00191958      1.78026820      0.12792222      0.00000000      0.99981468      0.37775672      0.55068209      0.55068209      0.41724624      0.64032247      1.40000000    -10.00000000
      1.37123746     -0.00000000     -0.00000000      0.00000000      0.00000000      0.15831207     -0.96750918      0.00186303      2.22721842      0.12775235      0.00000000      0.99981468      0.36504886      0.55522716      0.55522716      0.40910245      0.69013563      1.40000000    -10.00000000
      1.53846154     -0.00000000     -0.00000000      0.00000000      0.00000000      0.15303286     -1.06971946      0.00180466      2.71699149      0.12801858      0.00000000      0.99981468      0.35262416      0.55944932      0.55944932      0.40125122      0.73096522      1.40000000    -10.00000000
      1.70568562     -0.00000000     -0.00000000      0.00000000      0.00000000      0.14716295     -1.17219055      0.00174470      3.24512741      0.12870226      0.00000000      0.99981468      0.34048417      0.56317052      0.56317052      0.39374611      0.76443581      1.40000000    -10.00000000
      1.87290970     -0.00000000     -0.00000000      0.00000000      0.00000000      0.14080770     -1.27490958      0.00168336      3.80684815      0.12978208      0.00000000      0.99981468      0.32862261      0.56651041      0.56651041      0.38652110      0.79196347      1.40000000    -10.00000000
      2.04013378     -0.00000000     -0.00000000      0.00000000      0.00000000      0.13407462     -1.37786676      0.00162087      4.39713763      0.13123990      0.00000000      0.99981468      0.31705029      0.56940535      0.56940535      0.37965984      0.81471660      1.40000000    -10.00000000
      2.20735786     -0.00000000     -0.00000000      0.00000000      0.00000000      0.12706995     -1.48105459      0.00155752      5.01082241      0.13306218      0.00000000      0.99981468      0.30575999      0.57185478      0.57185478      0.37314426      0.83363341      1.40000000    -10.00000000
      2.37458194     -0.00000000     -0.00000000      0.00000000      0.00000000      0.11989578     -1.58446662      0.00149363      5.64269105      0.13523884      0.00000000      0.99981468      0.29475822      0.57386482      0.57386482      0.36697676      0.84945860      1.40000000    -10.00000000
      2.54180602     -0.00000000     -0.00000000      0.00000000      0.00000000      0.11264751     -1.68809660      0.00142952      6.28757342      0.13776314      0.00000000      0.99981468      0.28404927      0.57544699      0.57544699      0.36115512      0.86278011      1.40000000    -10.00000000
      2.70903010     -0.00000000     -0.00000000      0.00000000      0.00000000      0.10541202     -1.79193803      0.00136556      6.94040434      0.14063153      0.00000000      0.99981468      0.27363913      0.57662510      0.57662510      0.35567540      0.87406183      1.40000000    -10.00000000
      2.87625418     -0.00000000     -0.00000000      0.00000000      0.00000000      0.09826632     -1.89598389      0.00130206      7.59628180      0.14384333      0.00000000      0.99981468      0.26353282      0.57742150      0.57742150      0.35053075      0.88367064      1.40000000    -10.00000000
      3.04347826     -0.00000000     -0.00000000      0.00000000      0.00000000      0.09127683     -2.00022673      0.00123935      8.25052512      0.14740030      0.00000000      0.99981468      0.25374061      0.57786552      0.57786552      0.34571600      0.89189803      1.40000000    -10.00000000
      3.21070234     -0.00000000     -0.00000000      0.00000000      0.00000000      0.08449910     -2.10465858      0.00117773      8.89872880      0.15130624      0.00000000      0.99981468      0.24426559      0.57799172      0.57799172      0.34121156      0.89897693      1.40000000    -10.00000000
      3.37792642     -0.00000000     -0.00000000      0.00000000      0.00000000      0.07797801     -2.20927068      0.00111744      9.53679864      0.15556674      0.00000000      0.99981468      0.23511364      0.57782590      0.57782590      0.33701577      0.90509451      1.40000000    -10.00000000
      3.54515050     -0.00000000     -0.00000000      0.00000000      0.00000000      0.07174828     -2.31405277      0.00105872     10.16095369      0.16018932      0.00000000      0.99981468      0.22629131      0.57740551      0.57740551      0.33311376      0.91040192      1.40000000    -10.00000000
      3.71237458     -0.00000000     -0.00000000      0.00000000      0.00000000      0.06583522     -2.41899196      0.00100176     10.76768578      0.16518400      0.00000000      0.99981468      0.21780170      0.57676329      0.57676329      0.32949199      0.91502152      1.40000000    -10.00000000
      3.87959866     -0.00000000     -0.00000000      0.00000000      0.00000000      0.06025570     -2.52407156      0.00094672     11.35368399      0.17056426      0.00000000      0.99981468      0.20964708      0.57592880      0.57592880      0.32613858      0.91905249      1.40000000    -10.00000000
      4.04682274     -0.00000000     -0.00000000      0.00000000      0.00000000      0.05501910     -2.62926994      0.00089376     11.91574462      0.17634805      0.00000000      0.99981468      0.20181765      0.57493198      0.57493198      0.32303994      0.92257512      1.40000000    -10.00000000
      4.21404682     -0.00000000     -0.00000000      0.00000000      0.00000000      0.05012837     -2.73455990      0.00084299     12.45069067      0.18255887      0.00000000      0.99981468      0.19437029      0.57380196      0.57380196      0.32018292      0.92565438      1.40000000    -10.00000000
      4.38127090     -0.00000000     -0.00000000      0.00000000      0.00000000      0.04558104     -2.83990842      0.00079452     12.95531825      0.18922656      0.00000000      0.99981468      0.18720240      0.57256888      0.57256888      0.31755526      0.92834273      1.40000000    -10.00000000
      4.54849498     -0.00000000     -0.00000000      0.00000000      0.00000000      0.04137022     -2.94527668      0.00074841     13.42637789      0.19638795      0.00000000      0.99981468      0.18037233      0.57123587      0.57123587      0.31514200      0.93068253      1.40000000    -10.00000000
      4.71571906     -0.00000000     -0.00000000      0.00000000      0.00000000      0.03748544     -3.05062048      0.00070472     13.86059235      0.20408735      0.00000000      0.99981468      0.17386019      0.56983178      0.56983178      0.31293177      0.93270793      1.40000000    -10.00000000
      4.88294314     -0.00000000     -0.00000000      0.00000000      0.00000000      0.03391355     -3.15589071      0.00066346     14.25471012      0.21237678      0.00000000      0.99981468      0.16766381      0.56837998      0.56837998      0.31091463      0.93444648      1.40000000    -10.00000000
      5.05016722     -0.00000000     -0.00000000      0.00000000      0.00000000      0.03063942     -3.26103405      0.00062464     14.60559502      0.22131606      0.00000000      0.99981468      0.16177493      0.56689657      0.56689657      0.30907610      0.93592042      1.40000000    -10.00000000
      5.21739130     -0.00000000     -0.00000000      0.00000000      0.00000000      0.02764655     -3.36599391      0.00058822     14.91035173      0.23097250      0.00000000      0.99981468      0.15619909      0.56539476      0.56539476      0.30740589      0.93714784      1.40000000    -10.00000000
      5.38461538     -0.00000000     -0.00000000      0.00000000      0.00000000      0.02491767     -3.47071162      0.00055414     15.16648366      0.24142023      0.00000000      0.99981468      0.15088554      0.56388687      0.56388687      0.30589334      0.93814363      1.40000000    -10.00000000
      5.55183946     -0.00000000     -0.00000000      0.00000000      0.00000000      0.02243514     -3.57512786      0.00052232     15.37207117      0.25273901      0.00000000      0.99981468      0.14585858      0.56238271      0.56238271      0.30452826      0.93892037      1.40000000    -10.00000000
      5.71906355     -0.00000000     -0.00000000      0.00000000      0.00000000      0.02018134     -3.67918420      0.00049267     15.52594651      0.26501258      0.00000000      0.99981468      0.14110236      0.56089096      0.56089096      0.30330107      0.93948909      1.40000000    -10.00000000
      5.88628763     -0.00000000     -0.00000000      0.00000000      0.00000000      0.01813895     -3.78282465      0.00046505     15.62783327      0.27832689      0.00000000      0.99981468      0.13659932      0.55941877      0.55941877      0.30220255      0.93985987      1.40000000    -10.00000000
      6.05351171     -0.00000000     -0.00000000      0.00000000      0.00000000      0.01629118     -3.88599668      0.00043935     15.67841666      0.29276837      0.00000000      0.99981468      0.13234925      0.55797224      0.55797224      0.30118801      0.94004227      1.40000000    -10.00000000
      6.22073579     -0.00000000     -0.00000000      0.00000000      0.00000000      0.01462197     -3.98865175      0.00041542     15.67932135      0.30842281      0.00000000      0.99981468      0.12833071      0.55655745      0.55655745      0.30035801      0.94004552      1.40000000    -10.00000000
      6.38795987     -0.00000000     -0.00000000      0.00000000      0.00000000      0.01311602     -4.09074489      0.00039312     15.63299423      0.32537496      0.00000000      0.99981468      0.12453818      0.55517954      0.55517954      0.29959636      0.93987853      1.40000000    -10.00000000
      6.55518395     -0.00000000     -0.00000000      0.00000000      0.00000000      0.01175899     -4.19223361      0.00037230     15.54251239      0.34370926      0.00000000      0.99981468      0.12094836      0.55382264      0.55382264      0.29893218      0.93954969      1.40000000    -10.00000000
      6.72240803     -0.00000000     -0.00000000      0.00000000      0.00000000      0.01053744     -4.29307624      0.00035285     15.41135342      0.36351131      0.00000000      0.99981468      0.11756575      0.55250423      0.55250423      0.29835880      0.93906657      1.40000000    -10.00000000
      6.88963211     -0.00000000     -0.00000000      0.00000000      0.00000000      0.00943890     -4.39322995      0.00033464     15.24317055      0.38487001      0.00000000      0.99981468      0.11437106      0.55122543      0.55122543      0.29787024      0.93843566      1.40000000    -10.00000000
      7.05685619     -0.00000000     -0.00000000      0.00000000      0.00000000      0.00845183     -4.49264893      0.00031756     15.04160236      0.40787996      0.00000000      0.99981468      0.11135673      0.54998758      0.54998758      0.29746062      0.93766209      1.40000000    -10.00000000
      7.22408027     -0.00000000     -0.00000000      0.00000000      0.00000000      0.00756560     -4.59128280      0.00030152     14.81014770      0.43264352      0.00000000      0.99981468      0.10851453      0.54879089      0.54879089      0.29712463      0.93674948      1.40000000    -10.00000000
      7.39130435     -0.00000000     -0.00000000      0.00000000      0.00000000      0.00677048     -4.68907555      0.00028644     14.55208695      0.45927276      0.00000000      0.99981468      0.10583574      0.54763639      0.54763639      0.29685717      0.93569995      1.40000000    -10.00000000
      7.55852843     -0.00000000     -0.00000000      0.00000000      0.00000000      0.00605756     -4.78596486      0.00027224     14.27046039      0.48789069      0.00000000      0.99981468      0.10331437      0.54652624      0.54652624      0.29665399      0.93451409      1.40000000    -10.00000000
      7.72575251     -0.00000000     -0.00000000      0.00000000      0.00000000      0.00541870     -4.88188182      0.00025888     13.96807561      0.51863217      0.00000000      0.99981468      0.10094000      0.54545846      0.54545846      0.29651042      0.93319114      1.40000000    -10.00000000
      7.89297659     -0.00000000     -0.00000000      0.00000000      0.00000000      0.00484650     -4.97675089      0.00024628     13.64753289      0.55164434      0.00000000      0.99981468      0.09869123      0.54441818      0.54441818      0.29645978      0.93172912      1.40000000    -10.00000000
      8.06020067     -0.00000000     -0.00000000      0.00000000      0.00000000      0.00433424     -5.07048996      0.00023440     13.31125507      0.58708686      0.00000000      0.99981468      0.09656027      0.54340501      0.54340501      0.29638686      0.93012493      1.40000000    -10.00000000
      8.22742475     -0.00000000     -0.00000000      0.00000000      0.00000000      0.00387584     -5.16301045      0.00022319     12.96151724      0.62513192      0.00000000      0.99981468      0.09452984      0.54242901      0.54242901      0.29639978      0.92837455      1.40000000    -10.00000000
      8.39464883     -0.00000000     -0.00000000      0.00000000      0.00000000      0.00346578     -5.25421787      0.00021261     12.60049882      0.66596273      0.00000000      0.99981468      0.09265992      0.54148997      0.54148997      0.29645806      0.92647329      1.40000000    -10.00000000
      8.56187291     -0.00000000     -0.00000000      0.00000000      0.00000000      0.00309908     -5.34400956      0.00020263     12.23014352      0.70978106      0.00000000      0.99981468      0.09087711      0.54058642      0.54058642      0.29655894      0.92441503      1.40000000    -10.00000000
      8.72909699     -0.00000000     -0.00000000      0.00000000      0.00000000      0.00277124     -5.43227915      0.00019319     11.85248119      0.75679176      0.00000000      0.99981468      0.08919655      0.53971650      0.53971650      0.29669953      0.92219401      1.40000000    -10.00000000
      8.89632107     -0.00000000     -0.00000000      0.00000000      0.00000000      0.00247821     -5.51891200      0.00018427     11.46931977      0.80721790      0.00000000      0.99981468      0.08761547      0.53887942      0.53887942      0.29687737      0.91980316      1.40000000    -10.00000000
      9.06354515     -0.00000000     -0.00000000      0.00000000      0.00000000      0.00221635     -5.60378729      0.00017584     11.08240266      0.86129290      0.00000000      0.99981468      0.08612554      0.53807356      0.53807356      0.29709009      0.91723500      1.40000000    -10.00000000
      9.23076923     -0.00000000     -0.00000000      0.00000000      0.00000000      0.00198239     -5.68677740      0.00016787     10.69337682      0.91926155      0.00000000      0.99981468      0.08472275      0.53729792      0.53729792      0.29733539      0.91448150      1.40000000    -10.00000000
      9.39799331     -0.00000000     -0.00000000      0.00000000      0.00000000      0.00177338     -5.76774781      0.00016032     10.30379140      0.98137949      0.00000000      0.99981468      0.08340237      0.53655098      0.53655098      0.29761135      0.91153411      1.40000000    -10.00000000
      9.56521739     -0.00000000     -0.00000000      0.00000000      0.00000000      0.00158667     -5.84655676      0.00015316      9.91509195      1.04791270      0.00000000      0.99981468      0.08216001      0.53583157      0.53583157      0.29790881      0.90838373      1.40000000    -10.00000000
      9.73244147     -0.00000000     -0.00000000      0.00000000      0.00000000      0.00141991     -5.92305538      0.00014638      9.52862564      1.11913591      0.00000000      0.99981468      0.08099154      0.53513851      0.53513851      0.29824754      0.90502084      1.40000000    -10.00000000
      9.89966555     -0.00000000     -0.00000000      0.00000000      0.00000000      0.00127097     -5.99708730      0.00013995      9.14563254      1.19533188      0.00000000      0.99981468      0.07989314      0.53447059      0.53447059      0.29860445      0.90143542      1.40000000    -10.00000000
     10.06688963     -0.00000000     -0.00000000      0.00000000      0.00000000      0.00113794     -6.06848876      0.00013384      8.76724828      1.27678952      0.00000000      0.99981468      0.07886121      0.53382672      0.53382672      0.29898528      0.89761702      1.40000000    -10.00000000
     10.23411371     -0.00000000     -0.00000000      0.00000000      0.00000000      0.00101913     -6.13708853      0.00012803      8.39450355      1.36380183      0.00000000      0.99981468      0.07789238      0.53320579      0.53320579      0.29939593      0.89355478      1.40000000    -10.00000000
     10.40133779     -0.00000000     -0.00000000      0.00000000      0.00000000      0.00091301     -6.20270796      0.00012251      8.02832455      1.45666356      0.00000000      0.99981468      0.07698355      0.53260678      0.53260678      0.29981205      0.88923748      1.40000000    -10.00000000
     10.56856187     -0.00000000     -0.00000000      0.00000000      0.00000000      0.00081822     -6.26516116      0.00011725      7.66953506      1.55566817      0.00000000      0.99981468      0.07613180      0.53202867      0.53202867      0.30025546      0.88465356      1.40000000    -10.00000000
     10.73578595     -0.00000000     -0.00000000      0.00000000      0.00000000      0.00073356     -6.32425523      0.00011225      7.31885848      1.66110443      0.00000000      0.99981468      0.07533445      0.53147053      0.53147053      0.30071770      0.87979120      1.40000000    -10.00000000
     10.90301003     -0.00000000     -0.00000000      0.00000000      0.00000000      0.00065792     -6.37979063      0.00010747      6.97692146      1.77325228      0.00000000      0.99981468      0.07458553      0.53093142      0.53093142      0.30119704      0.87463835      1.40000000    -10.00000000
     11.07023411     -0.00000000     -0.00000000      0.00000000      0.00000000      0.00059034     -6.43156153      0.00010291      6.64425590      1.89237855      0.00000000      0.99981468      0.07389241      0.53041050      0.53041050      0.30169287      0.86918282      1.40000000    -10.00000000
     11.23745819     -0.00000000     -0.00000000      0.00000000      0.00000000      0.00052996     -6.47935671      0.00009855      6.32130643      2.01873097      0.00000000      0.99981468      0.07324328      0.52990691      0.52990691      0.30220422      0.86341236      1.40000000    -10.00000000
     11.40468227     -0.00000000     -0.00000000      0.00000000      0.00000000      0.00047600     -6.52296007      0.00009438      6.00843180      2.15253298      0.00000000      0.99981468      0.07263921      0.52941991      0.52941991      0.30272991      0.85731473      1.40000000    -10.00000000
     11.57190635     -0.00000000     -0.00000000      0.00000000      0.00000000      0.00042776     -6.56215172      0.00009039      5.70591151      2.29397675      0.00000000      0.99981468      0.07207825      0.52894870      0.52894870      0.30326929      0.85087784      1.40000000    -10.00000000
     11.73913043     -0.00000000     -0.00000000      0.00000000      0.00000000      0.00038463     -6.59670911      0.00008657      5.41395071      2.44321609      0.00000000      0.99981468      0.07155856      0.52849260      0.52849260      0.30382140      0.84408985      1.40000000    -10.00000000
     11.90635452     -0.00000000     -0.00000000      0.00000000      0.00000000      0.00034607     -6.62640835      0.00008290      5.13268555      2.60035859      0.00000000      0.99981468      0.07107859      0.52805092      0.52805092      0.30438559      0.83693930      1.40000000    -10.00000000
     12.07357860     -0.00000000     -0.00000000      0.00000000      0.00000000      0.00031158     -6.65102578      0.00007937      4.86218870      2.76545733      0.00000000      0.99981468      0.07063627      0.52762302      0.52762302      0.30496103      0.82941525      1.40000000    -10.00000000
     12.24080268     -0.00000000     -0.00000000      0.00000000      0.00000000      0.00028071     -6.67033976      0.00007598      4.60247478      2.93850209      0.00000000      0.99981468      0.07023053      0.52720829      0.52720829      0.30554709      0.82150745      1.40000000    -10.00000000
     12.40802676     -0.00000000     -0.00000000      0.00000000      0.00000000      0.00025310     -6.68413260      0.00007273      4.35350581      3.11941025      0.00000000      0.99981468      0.06985982      0.52680615      0.52680615      0.30614306      0.81320652      1.40000000    -10.00000000
     12.57525084     -0.00000000     -0.00000000      0.00000000      0.00000000      0.00022837     -6.69219284      0.00006959      4.11519649      3.30801772      0.00000000      0.99981468      0.06952277      0.52641606      0.52641606      0.30675056      0.80450409      1.40000000    -10.00000000
     12.74247492     -0.00000000     -0.00000000      0.00000000      0.00000000      0.00020623     -6.69431763      0.00006657      3.88741940      3.50406973      0.00000000      0.99981468      0.06921819      0.52603750      0.52603750      0.30736170      0.79539305      1.40000000    -10.00000000
     12.90969900     -0.00000000     -0.00000000      0.00000000      0.00000000      0.00018640     -6.69031536      0.00006365      3.67000993      3.70721222      0.00000000      0.99981468      0.06894485      0.52566996      0.52566996      0.30798475      0.78586769      1.40000000    -10.00000000
     13.07692308     -0.00000000     -0.00000000      0.00000000      0.00000000      0.00016862     -6.68000849      0.00006084      3.46277106      3.91698366      0.00000000      0.99981468      0.06870147      0.52531299      0.52531299      0.30861468      0.77592397      1.40000000    -10.00000000
     13.24414716     -0.00000000     -0.00000000      0.00000000      0.00000000      0.00015269     -6.66323646      0.00005813      3.26547778      4.13280798      0.00000000      0.99981468      0.06848754      0.52496613      0.52496613      0.30925175      0.76555967      1.40000000    -10.00000000
     13.41137124     -0.00000000     -0.00000000      0.00000000      0.00000000      0.00013839     -6.63985877      0.00005551      3.07788141      4.35398883      0.00000000      0.99981468      0.06830149      0.52462897      0.52462897      0.30989550      0.75477462      1.40000000    -10.00000000
     13.57859532     -0.00000000     -0.00000000      0.00000000      0.00000000      0.00012557     -6.60975811      0.00005297      2.89971348      4.57970553      0.00000000      0.99981468      0.06814264      0.52430111      0.52430111      0.31054988      0.74357090      1.40000000    -10.00000000
     13.74581940     -0.00000000     -0.00000000      0.00000000      0.00000000      0.00011405     -6.57284349      0.00005052      2.73068942      4.80901115      0.00000000      0.99981468      0.06801005      0.52398216      0.52398216      0.31120112      0.73195303      1.40000000    -10.00000000
     13.91304348     -0.00000000     -0.00000000      0.00000000      0.00000000      0.00010371     -6.52905329      0.00004816      2.57051192      5.04083305      0.00000000      0.99981468      0.06787123      0.52367177      0.52367177      0.31185368      0.71992812      1.40000000    -10.00000000
     14.08026756     -0.00000000     -0.00000000      0.00000000      0.00000000      0.00009441     -6.47835823      0.00004587      2.41887402      5.27397635      0.00000000      0.99981468      0.06782091      0.52336960      0.52336960      0.31253033      0.70750604      1.40000000    -10.00000000
     14.24749164     -0.00000000     -0.00000000      0.00000000      0.00000000      0.00008605     -6.42076413      0.00004365      2.27546198      5.50713038      0.00000000      0.99981468      0.06776168      0.52307531      0.52307531      0.31319887      0.69469956      1.40000000    -10.00000000
     14.41471572     -0.00000000     -0.00000000      0.00000000      0.00000000      0.00007853     -6.35631430      0.00004151      2.13995771      5.73887870      0.00000000      0.99981468      0.06772617      0.52278861      0.52278861      0.31387364      0.68152437      1.40000000    -10.00000000
     14.58193980     -0.00000000     -0.00000000      0.00000000      0.00000000      0.00007176     -6.28509164      0.00003945      2.01204115      5.96771231      0.00000000      0.99981468      0.06771348      0.52250919      0.52250919      0.31455214      0.66799922      1.40000000    -10.00000000
     14.74916388     -0.00000000     -0.00000000      0.00000000      0.00000000      0.00006566     -6.20722025      0.00003745      1.89139224      6.19204662      0.00000000      0.99981468      0.06772191      0.52223679      0.52223679      0.31522351      0.65414585      1.40000000    -10.00000000
     14.91638796     -0.00000000     -0.00000000      0.00000000      0.00000000      0.00006015     -6.12286651      0.00003552      1.77769273      6.41024157      0.00000000      0.99981468      0.06775191      0.52197113      0.52197113      0.31592037      0.63998898      1.40000000    -10.00000000
     15.08361204     -0.00000000     -0.00000000      0.00000000      0.00000000      0.00005519     -6.03223954      0.00003366      1.67062773      6.62062487      0.00000000      0.99981468      0.06780249      0.52171196      0.52171196      0.31660853      0.62555620      1.40000000    -10.00000000
     15.25083612     -0.00000000     -0.00000000      0.00000000      0.00000000      0.00005071     -5.93559101      0.00003186      1.56988711      6.82151787      0.00000000      0.99981468      0.06787309      0.52145905      0.52145905      0.31729957      0.61087785      1.40000000    -10.00000000
     15.41806020     -0.00000000     -0.00000000      0.00000000      0.00000000      0.00004665     -5.83321420      0.00003013      1.47516660      7.01126343      0.00000000      0.99981468      0.06796322      0.52121215      0.52121215      0.31799288      0.59598679      1.40000000    -10.00000000
     15.58528428     -0.00000000     -0.00000000      0.00000000      0.00000000      0.00004299     -5.72544243      0.00002847      1.38616884      7.18825510      0.00000000      0.99981468      0.06807230      0.52097107      0.52097107      0.31868806      0.58091817      1.40000000    -10.00000000
     15.75250836     -0.00000000     -0.00000000      0.00000000      0.00000000      0.00003967     -5.61264662      0.00002686      1.30260412      7.35096679      0.00000000      0.99981468      0.06819983      0.52073559      0.52073559      0.31938559      0.56570911      1.40000000    -10.00000000
     15.91973244     -0.00000000     -0.00000000      0.00000000      0.00000000      0.00003666     -5.49523230      0.00002532      1.22419116      7.49798182      0.00000000      0.99981468      0.06834540      0.52050550      0.52050550      0.32008448      0.55039836      1.40000000    -10.00000000
     16.08695652     -0.00000000     -0.00000000      0.00000000      0.00000000      0.00003394     -5.37363574      0.00002385      1.15065753      7.62802088      0.00000000      0.99981468      0.06850850      0.52028063      0.52028063      0.32078459      0.53502592      1.40000000    -10.00000000
     16.25418060     -0.00000000     -0.00000000      0.00000000      0.00000000      0.00003146     -5.24831966      0.00002243      1.08174013      7.73996727      0.00000000      0.99981468      0.06868859      0.52006080      0.52006080      0.32148589      0.51963265      1.40000000    -10.00000000
     16.42140468     -0.00000000     -0.00000000      0.00000000      0.00000000      0.00002921     -5.11976832      0.00002107      1.01718547      7.83288910      0.00000000      0.99981468      0.06888540      0.51984583      0.51984583      0.32218808      0.50425976      1.40000000    -10.00000000
     16.58862876     -0.00000000     -0.00000000      0.00000000      0.00000000      0.00002716     -4.98848219      0.00001978      0.95674985      7.90605734      0.00000000      0.99981468      0.06909844      0.51963555      0.51963555      0.32289096      0.48894847      1.40000000    -10.00000000
     16.75585284     -0.00000000     -0.00000000      0.00000000      0.00000000      0.00002529     -4.85497235      0.00001854      0.90019948      7.95895912      0.00000000      0.99981468      0.06932738      0.51942982      0.51942982      0.32359434      0.47373946      1.40000000    -10.00000000
     16.92307692     -0.00000000     -0.00000000      0.00000000      0.00000000      0.00002359     -4.71975465      0.00001737      0.84731053      7.99130587      0.00000000      0.99981468      0.06957163      0.51922848      0.51922848      0.32429805      0.45867249      1.40000000    -10.00000000
     17.09030100     -0.00000000     -0.00000000      0.00000000      0.00000000      0.00002204     -4.58334380      0.00001625      0.79786903      8.00303600      0.00000000      0.99981468      0.06983116      0.51903139      0.51903139      0.32500179      0.44378596      1.40000000    -10.00000000
     17.25752508     -0.00000000     -0.00000000      0.00000000      0.00000000      0.00002062     -4.44624757      0.00001518      0.75167087      7.99431162      0.00000000      0.99981468      0.07010540      0.51883842      0.51883842      0.32590301      0.42911650      1.40000000    -10.00000000
     17.42474916     -0.00000000     -0.00000000      0.00000000      0.00000000      0.00001932     -4.30896101      0.00001418      0.70852151      7.96551027      0.00000000      0.99981468      0.07039399      0.51864943      0.51864943      0.32640925      0.41469862      1.40000000    -10.00000000
     17.59197324     -0.00000000     -0.00000000      0.00000000      0.00000000      0.00001813     -4.17196095      0.00001322      0.66823585      7.91721077      0.00000000      0.99981468      0.07069667      0.51846429      0.51846429      0.32711230      0.40056437      1.40000000    -10.00000000
     17.75919732     -0.00000000     -0.00000000      0.00000000      0.00000000      0.00001704     -4.03570071      0.00001232      0.63063796      7.85017435      0.00000000      0.99981468      0.07101299      0.51828289      0.51828289      0.32781500      0.38674309      1.40000000    -10.00000000
     17.92642140     -0.00000000     -0.00000000      0.00000000      0.00000000      0.00001603     -3.90060504      0.00001147      0.59556073      7.76532096      0.00000000      0.99981468      0.07134276      0.51810511      0.51810511      0.32851684      0.37326109      1.40000000    -10.00000000
     18.09364548     -0.00000000     -0.00000000      0.00000000      0.00000000      0.00001511     -3.76706516      0.00001066      0.56284552      7.66370114      0.00000000      0.99981468      0.07168561      0.51793084      0.51793084      0.32921792      0.36014149      1.40000000    -10.00000000
     18.26086957     -0.00000000     -0.00000000      0.00000000      0.00000000      0.00001426     -3.63543369      0.00000991      0.53234172      7.54646322      0.00000000      0.99981468      0.07204123      0.51775998      0.51775998      0.32992231      0.34740405      1.40000000    -10.00000000
     18.42809365     -0.00000000     -0.00000000      0.00000000      0.00000000      0.00001347     -3.50601917      0.00000920      0.50390623      7.41481556      0.00000000      0.99981468      0.07241000      0.51759243      0.51759243      0.33061706      0.33506493      1.40000000    -10.00000000
     18.59531773     -0.00000000     -0.00000000      0.00000000      0.00000000      0.00001274     -3.37907944      0.00000853      0.47740281      7.26998214      0.00000000      0.99981468      0.07278971      0.51742807      0.51742807      0.33133294      0.32313652      1.40000000    -10.00000000
     18.76254181     -0.00000000     -0.00000000      0.00000000      0.00000000      0.00001207     -3.25481297      0.00000791      0.45270125      7.11314880      0.00000000      0.99981468      0.07318201      0.51726684      0.51726684      0.33201152      0.31162722      1.40000000    -10.00000000
     18.92976589     -0.00000000     -0.00000000      0.00000000      0.00000000      0.00001145     -3.13334659      0.00000732      0.42967634      6.94539495      0.00000000      0.99981468      0.07358594      0.51710863      0.51710863      0.33270645      0.30054099      1.40000000    -10.00000000
     19.09698997     -0.00000000     -0.00000000      0.00000000      0.00000000      0.00001087     -3.01471695      0.00000678      0.40820637      6.76760213      0.00000000      0.99981468      0.07400126      0.51695336      0.51695336      0.33339812      0.28987681      1.40000000    -10.00000000
     19.26421405     -0.00000000     -0.00000000      0.00000000      0.00000000      0.00001033     -2.89884210      0.00000626      0.38817117      6.58032521      0.00000000      0.99981468      0.07442896      0.51680094      0.51680094      0.33409200      0.27962774      1.40000000    -10.00000000
     19.43143813     -0.00000000     -0.00000000      0.00000000      0.00000000      0.00000983     -2.78547749      0.00000578      0.36944927      6.38360493      0.00000000      0.99981468      0.07486508      0.51665129      0.51665129      0.33478213      0.26977945      1.40000000    -10.00000000
     19.59866221     -0.00000000     -0.00000000      0.00000000      0.00000000      0.00000936     -2.67414940      0.00000533      0.35191426      6.17669240      0.00000000      0.99981468      0.07531306      0.51650435      0.51650435      0.33553606      0.26030812      1.40000000    -10.00000000
     19.76588629     -0.00000000     -0.00000000      0.00000000      0.00000000      0.00000893     -2.56405966      0.00000490      0.33543034      5.95765591      0.00000000      0.99981468      0.07577136      0.51636002      0.51636002      0.33615677      0.25117771      1.40000000    -10.00000000
     19.93311037     -0.00000000     -0.00000000      0.00000000      0.00000000      0.00000852     -2.45396636      0.00000449      0.31984880      5.72287148      0.00000000      0.99981468      0.07623992      0.51621825      0.51621825      0.33683951      0.24233746      1.40000000    -10.00000000
     20.10033445     -0.00000000     -0.00000000      0.00000000      0.00000000      0.00000813     -2.34208180      0.00000409      0.30501032      5.46652192      0.00000000      0.99981468      0.07671836      0.51607896      0.51607896      0.33752333      0.23372253      1.40000000    -10.00000000
     20.26755853     -0.00000000     -0.00000000      0.00000000      0.00000000      0.00000776     -2.22611693      0.00000370      0.29076459      5.18055076      0.00000000      0.99981468      0.07723686      0.51594210      0.51594210      0.33820342      0.22526539      1.40000000    -10.00000000
     20.43478261     -0.00000000     -0.00000000      0.00000000      0.00000000      0.00000741     -2.10374319      0.00000331      0.27702625      4.85608230      0.00000000      0.99981468      0.07770407      0.51580758      0.51580758      0.33888122      0.21693074      1.40000000    -10.00000000
     20.60200669     -0.00000000     -0.00000000      0.00000000      0.00000000      0.00000707     -1.97378583      0.00000292      0.26387716      4.48765803      0.00000000      0.99981468      0.07821093      0.51567536      0.51567536      0.33955672      0.20878387      1.40000000    -10.00000000
     20.76923077     -0.00000000     -0.00000000      0.00000000      0.00000000      0.00000676     -1.83799116      0.00000254      0.25166911      4.08017156      0.00000000      0.99981468      0.07872678      0.51554538      0.51554538      0.34022982      0.20106681      1.40000000    -10.00000000
     20.93645485     -0.00000000     -0.00000000      0.00000000      0.00000000      0.00000646     -1.70274850      0.00000217      0.24101513      3.65660639      0.00000000      0.99981468      0.07925145      0.51541755      0.51541755      0.34091092      0.19420805      1.40000000    -10.00000000
     21.10367893     -0.00000000     -0.00000000      0.00000000      0.00000000      0.00000618     -1.57475085      0.00000185      0.23241000      3.24332451      0.00000000      0.99981468      0.07978470      0.51529183      0.51529183      0.34156887      0.18858172      1.40000000    -10.00000000
     21.27090301     -0.00000000     -0.00000000      0.00000000      0.00000000      0.00000592     -1.46159794      0.00000157      0.22606984      2.87233265      0.00000000      0.99981468      0.08032649      0.51516818      0.51516818      0.34223423      0.18438577      1.40000000    -10.00000000
     21.43812709     -0.00000000     -0.00000000      0.00000000      0.00000000      0.00000568     -1.36674790      0.00000134      0.22170159      2.56111773      0.00000000      0.99981468      0.08079846      0.51504655      0.51504655      0.34289722      0.18146951      1.40000000    -10.00000000
     21.60535117     -0.00000000     -0.00000000      0.00000000      0.00000000      0.00000547     -1.28974440      0.00000116      0.21872084      2.31173816      0.00000000      0.99981468      0.08143434      0.51492688      0.51492688      0.34355750      0.17946755      1.40000000    -10.00000000
     21.77257525     -0.00000000     -0.00000000      0.00000000      0.00000000      0.00000526     -1.22799236      0.00000103      0.21653035      2.11686937      0.00000000      0.99981468      0.08200012      0.51480914      0.51480914      0.34422369      0.17799009      1.40000000    -10.00000000
     21.93979933     -0.00000000     -0.00000000      0.00000000      0.00000000      0.00000508     -1.17832326      0.00000092      0.21467955      1.96589238      0.00000000      0.99981468      0.08257351      0.51469327      0.51469327      0.34486999      0.17673760      1.40000000    -10.00000000
     22.10702341     -0.00000000     -0.00000000      0.00000000      0.00000000      0.00000490     -1.13786015      0.00000083      0.21289273      1.84858086      0.00000000      0.99981468      0.08315429      0.51457923      0.51457923      0.34552170      0.17552478      1.40000000    -10.00000000
     22.27424749     -0.00000000     -0.00000000      0.00000000      0.00000000      0.00000473     -1.10430334      0.00000077      0.21103063      1.75651871      0.00000000      0.99981468      0.08374255      0.51446698      0.51446698      0.34617462      0.17425706      1.40000000    -10.00000000
     22.44147157     -0.00000000     -0.00000000      0.00000000      0.00000000      0.00000458     -1.07592342      0.00000071      0.20904001      1.68327400      0.00000000      0.99981468      0.08433754      0.51435646      0.51435646      0.34665617      0.17289751      1.40000000    -10.00000000
     22.60869565     -0.00000000     -0.00000000      0.00000000      0.00000000      0.00000443     -1.05145513      0.00000066      0.20691428      1.62409914      0.00000000      0.99981468      0.08494013      0.51424765      0.51424765      0.34746076      0.17144074      1.40000000    -10.00000000
     22.77591973     -0.00000000     -0.00000000      0.00000000      0.00000000      0.00000428     -1.02998108      0.00000062      0.20466865      1.57553725      0.00000000      0.99981468      0.08554878      0.51414049      0.51414049      0.34810137      0.16989622      1.40000000    -10.00000000
     22.94314381     -0.00000000     -0.00000000      0.00000000      0.00000000      0.00000415     -1.01083496      0.00000059      0.20232626      1.53507560      0.00000000      0.99981468      0.08616435      0.51403496      0.51403496      0.34873870      0.16827900      1.40000000    -10.00000000
     23.11036789     -0.00000000     -0.00000000      0.00000000      0.00000000      0.00000402     -0.99352914      0.00000056      0.19991123      1.50087849      0.00000000      0.99981468      0.08678612      0.51393101      0.51393101      0.34937225      0.16660502      1.40000000    -10.00000000
     23.27759197     -0.00000000     -0.00000000      0.00000000      0.00000000      0.00000389     -0.97770274      0.00000053      0.19744562      1.47159285      0.00000000      0.99981468      0.08741424      0.51382861      0.51382861      0.35000402      0.16488901      1.40000000    -10.00000000
     23.44481605     -0.00000000     -0.00000000      0.00000000      0.00000000      0.00000377     -0.96308524      0.00000050      0.19494832      1.44621038      0.00000000      0.99981468      0.08804735      0.51372773      0.51372773      0.35063282      0.16314372      1.40000000    -10.00000000
     23.61204013     -0.00000000     -0.00000000      0.00000000      0.00000000      0.00000366     -0.94947105      0.00000048      0.19243493      1.42397071      0.00000000      0.99981468      0.08868773      0.51362832      0.51362832      0.35125807      0.16137982      1.40000000    -10.00000000
     23.77926421     -0.00000000     -0.00000000      0.00000000      0.00000000      0.00000355     -0.93670177      0.00000046      0.18991809      1.40429340      0.00000000      0.99981468      0.08933432      0.51353037      0.51353037      0.35188023      0.15960602      1.40000000    -10.00000000
     23.94648829     -0.00000000     -0.00000000      0.00000000      0.00000000      0.00000344     -0.92465365      0.00000044      0.18740786      1.38672993      0.00000000      0.99981468      0.09011817      0.51343382      0.51343382      0.35249933      0.15782939      1.40000000    -10.00000000
     24.11371237     -0.00000000     -0.00000000      0.00000000      0.00000000      0.00000334     -0.91322873      0.00000042      0.18491217      1.37092961      0.00000000      0.99981468      0.09064285      0.51333867      0.51333867      0.35311516      0.15605559      1.40000000    -10.00000000
     24.28093645     -0.00000000     -0.00000000      0.00000000      0.00000000      0.00000324     -0.90234845      0.00000041      0.18243721      1.35661511      0.00000000      0.99981468      0.09130512      0.51324486      0.51324486      0.35372791      0.15428913      1.40000000    -10.00000000
     24.44816054     -0.00000000     -0.00000000      0.00000000      0.00000000      0.00000315     -0.89194906      0.00000039      0.17998778      1.34356470      0.00000000      0.99981468      0.09197254      0.51315239      0.51315239      0.35433738      0.15253360      1.40000000    -10.00000000
     24.61538462     -0.00000000     -0.00000000      0.00000000      0.00000000      0.00000306     -0.88197820      0.00000038      0.17756757      1.33159929      0.00000000      0.99981468      0.09264501      0.51306121      0.51306121      0.35494370      0.15079183      1.40000000    -10.00000000
     24.78260870     -0.00000000     -0.00000000      0.00000000      0.00000000      0.00000297     -0.87239243      0.00000036      0.17517936      1.32057283      0.00000000      0.99981468      0.09332231      0.51297129      0.51297129      0.35554712      0.14906606      1.40000000    -10.00000000
     24.94983278     -0.00000000     -0.00000000      0.00000000      0.00000000      0.00000289     -0.86315528      0.00000035      0.17282520      1.31036507      0.00000000      0.99981468      0.09400429      0.51288263      0.51288263      0.35614524      0.14735802      1.40000000    -10.00000000
     25.11705686     -0.00000000     -0.00000000      0.00000000      0.00000000      0.00000281     -0.85423591      0.00000034      0.17050660      1.30087620      0.00000000      0.99981468      0.09469119      0.51279518      0.51279518      0.35674250      0.14566906      1.40000000    -10.00000000
     25.28428094     -0.00000000     -0.00000000      0.00000000      0.00000000      0.00000273     -0.84560793      0.00000032      0.16822459      1.29202265      0.00000000      0.99981468      0.09538216      0.51270892      0.51270892      0.35733744      0.14400021      1.40000000    -10.00000000
     25.45150502     -0.00000000     -0.00000000      0.00000000      0.00000000      0.00000265     -0.83724862      0.00000031      0.16597985      1.28373395      0.00000000      0.99981468      0.09580724      0.51262382      0.51262382      0.35792777      0.14235224      1.40000000    -10.00000000
     25.61872910     -0.00000000     -0.00000000      0.00000000      0.00000000      0.00000258     -0.82913825      0.00000030      0.16377276      1.27595022      0.00000000      0.99981468      0.09677726      0.51253988      0.51253988      0.35851440      0.14072572      1.40000000    -10.00000000
     25.78595318     -0.00000000     -0.00000000      0.00000000      0.00000000      0.00000251     -0.82125954      0.00000029      0.16160348      1.26862026      0.00000000      0.99981468      0.09748094      0.51245705      0.51245705      0.35909878      0.13912104      1.40000000    -10.00000000
     25.95317726     -0.00000000     -0.00000000      0.00000000      0.00000000      0.00000244     -0.81359728      0.00000028      0.15947198      1.26169998      0.00000000      0.99981468      0.09818873      0.51237532      0.51237532      0.35968038      0.13753845      1.40000000    -10.00000000
     26.12040134     -0.00000000     -0.00000000      0.00000000      0.00000000      0.00000238     -0.80613798      0.00000027      0.15737807      1.25515123      0.00000000      0.99981468      0.09890043      0.51229466      0.51229466      0.36025661      0.13597810      1.40000000    -10.00000000
     26.28762542     -0.00000000     -0.00000000      0.00000000      0.00000000      0.00000231     -0.79886961      0.00000027      0.15532146      1.24894077      0.00000000      0.99981468      0.09961581      0.51221506      0.51221506      0.36083132      0.13444004      1.40000000    -10.00000000
     26.45484950     -0.00000000     -0.00000000      0.00000000      0.00000000      0.00000225     -0.79178138      0.00000026      0.15330176      1.24303951      0.00000000      0.99981468      0.10033467      0.51213650      0.51213650      0.36140207      0.13292424      1.40000000    -10.00000000
     26.62207358     -0.00000000     -0.00000000      0.00000000      0.00000000      0.00000219     -0.78486357      0.00000025      0.15131852      1.23742186      0.00000000      0.99981468      0.10105678      0.51205894      0.51205894      0.36196967      0.13143063      1.40000000    -10.00000000
     26.78929766     -0.00000000     -0.00000000      0.00000000      0.00000000      0.00000214     -0.77810737      0.00000024      0.14937120      1.23206522      0.00000000      0.99981468      0.10178193      0.51198239      0.51198239      0.36253412      0.12995906      1.40000000    -10.00000000
     26.95652174     -0.00000000     -0.00000000      0.00000000      0.00000000      0.00000208     -0.77150477      0.00000024      0.14745926      1.22694950      0.00000000      0.99981468      0.10245599      0.51190680      0.51190680      0.36309536      0.12850936      1.40000000    -10.00000000
     27.12374582     -0.00000000     -0.00000000      0.00000000      0.00000000      0.00000203     -0.76504844      0.00000023      0.14558210      1.22205680      0.00000000      0.99981468      0.10324310      0.51183217      0.51183217      0.36365319      0.12708133      1.40000000    -10.00000000
     27.29096990     -0.00000000     -0.00000000      0.00000000      0.00000000      0.00000197     -0.75873167      0.00000022      0.14373911      1.21737112      0.00000000      0.99981468      0.10397768      0.51175848      0.51175848      0.36420817      0.12567473      1.40000000    -10.00000000
     27.45819398     -0.00000000     -0.00000000      0.00000000      0.00000000      0.00000192     -0.75254829      0.00000022      0.14192964      1.21287807      0.00000000      0.99981468      0.10470857      0.51168571      0.51168571      0.36475986      0.12428931      1.40000000    -10.00000000
     27.62541806     -0.00000000     -0.00000000      0.00000000      0.00000000      0.00000188     -0.74649260      0.00000021      0.14015307      1.20856469      0.00000000      0.99981468      0.10545675      0.51161385      0.51161385      0.36530757      0.12292479      1.40000000    -10.00000000
     27.79264214     -0.00000000     -0.00000000      0.00000000      0.00000000      0.00000183     -0.74055930      0.00000020      0.13840874      1.20441924      0.00000000      0.99981468      0.10620015      0.51154287      0.51154287      0.36585307      0.12158088      1.40000000    -10.00000000
     27.95986622     -0.00000000     -0.00000000      0.00000000      0.00000000      0.00000178     -0.73474350      0.00000020      0.13669599      1.20043109      0.00000000      0.99981468      0.10694614      0.51147275      0.51147275      0.36639504      0.12025730      1.40000000    -10.00000000
     28.12709030     -0.00000000     -0.00000000      0.00000000      0.00000000      0.00000174     -0.72904062      0.00000019      0.13501418      1.19659056      0.00000000      0.99981468      0.10769461      0.51140350      0.51140350      0.36693393      0.11895374      1.40000000    -10.00000000
     28.29431438     -0.00000000     -0.00000000      0.00000000      0.00000000      0.00000170     -0.72344640      0.00000019      0.13336266      1.19288883      0.00000000      0.99981468      0.10844548      0.51133508      0.51133508      0.36747060      0.11766989      1.40000000    -10.00000000
     28.46153846     -0.00000000     -0.00000000      0.00000000      0.00000000      0.00000166     -0.71795684      0.00000018      0.13174079      1.18931782      0.00000000      0.99981468      0.10919867      0.51126748      0.51126748      0.36800405      0.11640544      1.40000000    -10.00000000
     28.62876254     -0.00000000     -0.00000000      0.00000000      0.00000000      0.00000162     -0.71256820      0.00000018      0.13014793      1.18587011      0.00000000      0.99981468      0.10996522      0.51120069      0.51120069      0.36853119      0.11516008      1.40000000    -10.00000000
     28.79598662     -0.00000000     -0.00000000      0.00000000      0.00000000      0.00000158     -0.70727696      0.00000017      0.12858346      1.18253891      0.00000000      0.99981468      0.11071498      0.51113469      0.51113469      0.36905819      0.11393349      1.40000000    -10.00000000
     28.96321070     -0.00000000     -0.00000000      0.00000000      0.00000000      0.00000154     -0.70207981      0.00000017      0.12704676      1.17931793      0.00000000      0.99981468      0.11147431      0.51106947      0.51106947      0.36958020      0.11272536      1.40000000    -10.00000000
     29.13043478     -0.00000000     -0.00000000      0.00000000      0.00000000      0.00000150     -0.69697361      0.00000016      0.12553722      1.17620137      0.00000000      0.99981468      0.11223227      0.51100502      0.51100502      0.37010155      0.11153538      1.40000000    -10.00000000
     29.29765886     -0.00000000     -0.00000000      0.00000000      0.00000000      0.00000147     -0.69195542      0.00000016      0.12405425      1.17318389      0.00000000      0.99981468      0.11299571      0.51094132      0.51094132      0.37061649      0.11036322      1.40000000    -10.00000000
     29.46488294     -0.00000000     -0.00000000      0.00000000      0.00000000      0.00000143     -0.68702244      0.00000015      0.12259727      1.17026051      0.00000000      0.99981468      0.11376037      0.51087836      0.51087836      0.37113029      0.10920859      1.40000000    -10.00000000
     29.63210702     -0.00000000     -0.00000000      0.00000000      0.00000000      0.00000140     -0.68217201      0.00000015      0.12116570      1.16742661      0.00000000      0.99981468      0.11452707      0.51081612      0.51081612      0.37164084      0.10807118      1.40000000    -10.00000000
     29.79933110     -0.00000000     -0.00000000      0.00000000      0.00000000      0.00000137     -0.67740161      0.00000015      0.11975899      1.16467790      0.00000000      0.99981468      0.11529518      0.51075460      0.51075460      0.37214822      0.10695068      1.40000000    -10.00000000
     29.96655518     -0.00000000     -0.00000000      0.00000000      0.00000000      0.00000134     -0.67270887      0.00000014      0.11837659      1.16201038      0.00000000      0.99981468      0.11606468      0.51069378      0.51069378      0.37265254      0.10584680      1.40000000    -10.00000000
     30.13377926     -0.00000000     -0.00000000      0.00000000      0.00000000      0.00000131     -0.66809150      0.00000014      0.11701795      1.15942031      0.00000000      0.99981468      0.11683587      0.51063364      0.51063364      0.37315376      0.10475924      1.40000000    -10.00000000
     30.30100334     -0.00000000     -0.00000000      0.00000000      0.00000000      0.00000128     -0.66354734      0.00000014      0.11568257      1.15690419      0.00000000      0.99981468      0.11760823      0.51057419      0.51057419      0.37354521      0.10368771      1.40000000    -10.00000000
     30.46822742     -0.00000000     -0.00000000      0.00000000      0.00000000      0.00000125     -0.65907430      0.00000013      0.11436993      1.15445876      0.00000000      0.99981468      0.11842119      0.51051540      0.51051540      0.37414727      0.10263192      1.40000000    -10.00000000
     30.63545151     -0.00000000     -0.00000000      0.00000000      0.00000000      0.00000122     -0.65467043      0.00000013      0.11307952      1.15208094      0.00000000      0.99981468      0.11915661      0.51045726      0.51045726      0.37463946      0.10159159      1.40000000    -10.00000000
     30.80267559     -0.00000000     -0.00000000      0.00000000      0.00000000      0.00000119     -0.65033383      0.00000013      0.11181087      1.14976787      0.00000000      0.99981468      0.11993248      0.51039977      0.51039977      0.37512963      0.10056645      1.40000000    -10.00000000
     30.96989967     -0.00000000     -0.00000000      0.00000000      0.00000000      0.00000116     -0.64606269      0.00000012      0.11056350      1.14751682      0.00000000      0.99981468      0.12068212      0.51034291      0.51034291      0.37561479      0.09955622      1.40000000    -10.00000000
     31.13712375     -0.00000000     -0.00000000      0.00000000      0.00000000      0.00000114     -0.64185529      0.00000012      0.10933694      1.14532526      0.00000000      0.99981468      0.12148743      0.51028667      0.51028667      0.37606700      0.09856062      1.40000000    -10.00000000
     31.30434783     -0.00000000     -0.00000000      0.00000000      0.00000000      0.00000111     -0.63770996      0.00000012      0.10813075      1.14319078      0.00000000      0.99981468      0.12226588      0.51023104      0.51023104      0.37657828      0.09757941      1.40000000    -10.00000000
     31.47157191     -0.00000000     -0.00000000      0.00000000      0.00000000      0.00000109     -0.63362512      0.00000011      0.10694447      1.14111112      0.00000000      0.99981468      0.12301605      0.51017602      0.51017602      0.37705560      0.09661232      1.40000000    -10.00000000
     31.63879599     -0.00000000     -0.00000000      0.00000000      0.00000000      0.00000107     -0.62959923      0.00000011      0.10577769      1.13908413      0.00000000      0.99981468      0.12382539      0.51012159      0.51012159      0.37753000      0.09565909      1.40000000    -10.00000000
     31.80602007     -0.00000000     -0.00000000      0.00000000      0.00000000      0.00000104     -0.62563083      0.00000011      0.10462998      1.13710779      0.00000000      0.99981468      0.12460650      0.51006774      0.51006774      0.37800148      0.09471949      1.40000000    -10.00000000
     31.97324415     -0.00000000     -0.00000000      0.00000000      0.00000000      0.00000102     -0.62171851      0.00000011      0.10350094      1.13518019      0.00000000      0.99981468      0.12542348      0.51001447      0.51001447      0.37846675      0.09379325      1.40000000    -10.00000000
     32.14046823     -0.00000000     -0.00000000      0.00000000      0.00000000      0.00000100     -0.61786091      0.00000010      0.10239017      1.13329952      0.00000000      0.99981468      0.12617000      0.50996175      0.50996175      0.37893582      0.09288015      1.40000000    -10.00000000
     32.30769231     -0.00000000     -0.00000000      0.00000000      0.00000000      0.00000098     -0.61405672      0.00000010      0.10129727      1.13146405      0.00000000      0.99981468      0.12695270      0.50990960      0.50990960      0.37939849      0.09197995      1.40000000    -10.00000000
     32.47491639     -0.00000000     -0.00000000      0.00000000      0.00000000      0.00000096     -0.61030469      0.00000010      0.10022187      1.12967215      0.00000000      0.99981468      0.12790494      0.50985799      0.50985799      0.37985869      0.09109242      1.40000000    -10.00000000
     32.64214047     -0.00000000     -0.00000000      0.00000000      0.00000000      0.00000094     -0.60660359      0.00000010      0.09916360      1.12792227      0.00000000      0.99981468      0.12851149      0.50980692      0.50980692      0.38031572      0.09021733      1.40000000    -10.00000000
     32.80936455     -0.00000000     -0.00000000      0.00000000      0.00000000      0.00000092     -0.60295226      0.00000010      0.09812211      1.12621293      0.00000000      0.99981468      0.12930202      0.50975638      0.50975638      0.38077021      0.08935446      1.40000000    -10.00000000
     32.97658863     -0.00000000     -0.00000000      0.00000000      0.00000000      0.00000090     -0.59934957      0.00000009      0.09709703      1.12454274      0.00000000      0.99981468      0.13008589      0.50970636      0.50970636      0.38122955      0.08850359      1.40000000    -10.00000000
     33.14381271     -0.00000000     -0.00000000      0.00000000      0.00000000      0.00000088     -0.59579443      0.00000009      0.09608803      1.12291036      0.00000000      0.99981468      0.13086993      0.50965685      0.50965685      0.38167007      0.08766452      1.40000000    -10.00000000
     33.31103679     -0.00000000     -0.00000000      0.00000000      0.00000000      0.00000086     -0.59228578      0.00000009      0.09509478      1.12131451      0.00000000      0.99981468      0.13165379      0.50960785      0.50960785      0.38211644      0.08683703      1.40000000    -10.00000000
     33.47826087     -0.00000000     -0.00000000      0.00000000      0.00000000      0.00000084     -0.58882260      0.00000009      0.09411695      1.11975398      0.00000000      0.99981468      0.13243795      0.50955934      0.50955934      0.38254437      0.08602092      1.40000000    -10.00000000
     33.64548495     -0.00000000     -0.00000000      0.00000000      0.00000000      0.00000083     -0.58540390      0.00000009      0.09315422      1.11822761      0.00000000      0.99981468      0.13322167      0.50951133      0.50951133      0.38299990      0.08521599      1.40000000    -10.00000000
     33.81270903     -0.00000000     -0.00000000      0.00000000      0.00000000      0.00000081     -0.58202874      0.00000008      0.09220628      1.11673430      0.00000000      0.99981468      0.13400596      0.50946380      0.50946380      0.38343805      0.08442204      1.40000000    -10.00000000
     33.97993311     -0.00000000     -0.00000000      0.00000000      0.00000000      0.00000079     -0.57869619      0.00000008      0.09127284      1.11527298      0.00000000      0.99981468      0.13478986      0.50941674      0.50941674      0.38387136      0.08363888      1.40000000    -10.00000000
     34.14715719     -0.00000000     -0.00000000      0.00000000      0.00000000      0.00000078     -0.57540536      0.00000008      0.09035360      1.11384266      0.00000000      0.99981468      0.13557363      0.50937015      0.50937015      0.38430562      0.08286633      1.40000000    -10.00000000
     34.31438127     -0.00000000     -0.00000000      0.00000000      0.00000000      0.00000076     -0.57215538      0.00000008      0.08944827      1.11244235      0.00000000      0.99981468      0.13635738      0.50932402      0.50932402      0.38473531      0.08210419      1.40000000    -10.00000000
     34.48160535     -0.00000000     -0.00000000      0.00000000      0.00000000      0.00000075     -0.56894540      0.00000008      0.08855658      1.11107114      0.00000000      0.99981468      0.13713942      0.50927835      0.50927835      0.38516245      0.08135230      1.40000000    -10.00000000
     34.64882943     -0.00000000     -0.00000000      0.00000000      0.00000000      0.00000073     -0.56577462      0.00000007      0.08767824      1.10972814      0.00000000      0.99981468      0.13792343      0.50923312      0.50923312      0.38558702      0.08061046      1.40000000    -10.00000000
     34.81605351     -0.00000000     -0.00000000      0.00000000      0.00000000      0.00000072     -0.56264225      0.00000007      0.08681300      1.10841249      0.00000000      0.99981468      0.13870614      0.50918834      0.50918834      0.38600899      0.07987851      1.40000000    -10.00000000
     34.98327759     -0.00000000     -0.00000000      0.00000000      0.00000000      0.00000070     -0.55954753      0.00000007      0.08596060      1.10712339      0.00000000      0.99981468      0.13948835      0.50914399      0.50914399      0.38642798      0.07915628      1.40000000    -10.00000000
     35.15050167     -0.00000000     -0.00000000      0.00000000      0.00000000      0.00000069     -0.55648970      0.00000007      0.08512078      1.10586005      0.00000000      0.99981468      0.14027129      0.50910007      0.50910007      0.38684535      0.07844360      1.40000000    -10.00000000
     35.31772575     -0.00000000     -0.00000000      0.00000000      0.00000000      0.00000068     -0.55346804      0.00000007      0.08429329      1.10462172      0.00000000      0.99981468      0.14105158      0.50905657      0.50905657      0.38725898      0.07774031      1.40000000    -10.00000000
     35.48494983     -0.00000000     -0.00000000      0.00000000      0.00000000      0.00000066     -0.55048186      0.00000007      0.08347790      1.10340768      0.00000000      0.99981468      0.14183179      0.50901348      0.50901348      0.38767051      0.07704624      1.40000000    -10.00000000
     35.65217391     -0.00000000     -0.00000000      0.00000000      0.00000000      0.00000065     -0.54753048      0.00000007      0.08267437      1.10221723      0.00000000      0.99981468      0.14261260      0.50897081      0.50897081      0.38808190      0.07636125      1.40000000    -10.00000000
     35.81939799     -0.00000000     -0.00000000      0.00000000      0.00000000      0.00000064     -0.54461322      0.00000006      0.08188247      1.10104972      0.00000000      0.99981468      0.14340412      0.50892854      0.50892854      0.38848694      0.07568518      1.40000000    -10.00000000
     35.98662207     -0.00000000     -0.00000000      0.00000000      0.00000000      0.00000063     -0.54172946      0.00000006      0.08110198      1.09990449      0.00000000      0.99981468      0.14412667      0.50888667      0.50888667      0.38889023      0.07501788      1.40000000    -10.00000000
     36.15384615     -0.00000000     -0.00000000      0.00000000      0.00000000      0.00000062     -0.53887855      0.00000006      0.08033267      1.09878094      0.00000000      0.99981468      0.14494973      0.50884519      0.50884519      0.38927766      0.07435920      1.40000000    -10.00000000
     36.32107023     -0.00000000     -0.00000000      0.00000000      0.00000000      0.00000060     -0.53605990      0.00000006      0.07957433      1.09767846      0.00000000      0.99981468      0.14572697      0.50880409      0.50880409      0.38969147      0.07370899      1.40000000    -10.00000000
     36.48829431     -0.00000000     -0.00000000      0.00000000      0.00000000      0.00000059     -0.53327291      0.00000006      0.07882676      1.09659650      0.00000000      0.99981468      0.14650389      0.50876338      0.50876338      0.39008760      0.07306712      1.40000000    -10.00000000
     36.65551839     -0.00000000     -0.00000000      0.00000000      0.00000000      0.00000058     -0.53051700      0.00000006      0.07808976      1.09553449      0.00000000      0.99981468      0.14727575      0.50872305      0.50872305      0.39048261      0.07243345      1.40000000    -10.00000000
     36.82274247     -0.00000000     -0.00000000      0.00000000      0.00000000      0.00000057     -0.52779162      0.00000006      0.07736311      1.09449190      0.00000000      0.99981468      0.14805476      0.50868309      0.50868309      0.39087398      0.07180783      1.40000000    -10.00000000
     36.98996656     -0.00000000     -0.00000000      0.00000000      0.00000000      0.00000056     -0.52509620      0.00000006      0.07664664      1.09346823      0.00000000      0.99981468      0.14882912      0.50864349      0.50864349      0.39126310      0.07119015      1.40000000    -10.00000000
     37.15719064     -0.00000000     -0.00000000      0.00000000      0.00000000      0.00000055     -0.52243024      0.00000006      0.07594014      1.09246299      0.00000000      0.99981468      0.15017275      0.50860425      0.50860425      0.39165103      0.07058026      1.40000000    -10.00000000
     37.32441472     -0.00000000     -0.00000000      0.00000000      0.00000000      0.00000054     -0.51979319      0.00000005      0.07524344      1.09147568      0.00000000      0.99981468      0.15009499      0.50856538      0.50856538      0.39204239      0.06997805      1.40000000    -10.00000000
     37.49163880     -0.00000000     -0.00000000      0.00000000      0.00000000      0.00000053     -0.51718456      0.00000005      0.07455634      1.09050587      0.00000000      0.99981468      0.15114670      0.50852685      0.50852685      0.39241753      0.06938337      1.40000000    -10.00000000
     37.65886288     -0.00000000     -0.00000000      0.00000000      0.00000000      0.00000052     -0.51460386      0.00000005      0.07387869      1.08955309      0.00000000      0.99981468      0.15191678      0.50848867      0.50848867      0.39279729      0.06879612      1.40000000    -10.00000000
     37.82608696     -0.00000000     -0.00000000      0.00000000      0.00000000      0.00000051     -0.51205059      0.00000005      0.07321030      1.08861692      0.00000000      0.99981468      0.15268618      0.50845083      0.50845083      0.39317614      0.06821617      1.40000000    -10.00000000
     37.99331104     -0.00000000     -0.00000000      0.00000000      0.00000000      0.00000050     -0.50952431      0.00000005      0.07255100      1.08769695      0.00000000      0.99981468      0.15345439      0.50841332      0.50841332      0.39355047      0.06764340      1.40000000    -10.00000000
     38.16053512     -0.00000000     -0.00000000      0.00000000      0.00000000      0.00000049     -0.50702454      0.00000005      0.07190063      1.08679279      0.00000000      0.99981468      0.15422172      0.50837615      0.50837615      0.39392385      0.06707770      1.40000000    -10.00000000
     38.32775920     -0.00000000     -0.00000000      0.00000000      0.00000000      0.00000048     -0.50455083      0.00000005      0.07125903      1.08590401      0.00000000      0.99981468      0.15498789      0.50833931      0.50833931      0.39429464      0.06651896      1.40000000    -10.00000000
     38.49498328     -0.00000000     -0.00000000      0.00000000      0.00000000      0.00000048     -0.50210277      0.00000005      0.07062604      1.08503028      0.00000000      0.99981468      0.15575282      0.50830280      0.50830280      0.39485420      0.06596705      1.40000000    -10.00000000
     38.66220736     -0.00000000     -0.00000000      0.00000000      0.00000000      0.00000047     -0.49967991      0.00000005      0.07000151      1.08417123      0.00000000      0.99981468      0.15639885      0.50826660      0.50826660      0.39483610      0.06542188      1.40000000    -10.00000000
     38.82943144     -0.00000000     -0.00000000      0.00000000      0.00000000      0.00000046     -0.49728185      0.00000005      0.06938528      1.08332649      0.00000000      0.99981468      0.15727975      0.50823072      0.50823072      0.39539381      0.06488333      1.40000000    -10.00000000
     38.99665552     -0.00000000     -0.00000000      0.00000000      0.00000000      0.00000045     -0.49490817      0.00000004      0.06877721      1.08249573      0.00000000      0.99981468      0.15802751      0.50819514      0.50819514      0.39575585      0.06435131      1.40000000    -10.00000000
     39.16387960     -0.00000000     -0.00000000      0.00000000      0.00000000      0.00000044     -0.49255849      0.00000004      0.06817716      1.08167862      0.00000000      0.99981468      0.15880083      0.50815988      0.50815988      0.39611577      0.06382570      1.40000000    -10.00000000
     39.33110368     -0.00000000     -0.00000000      0.00000000      0.00000000      0.00000044     -0.49023241      0.00000004      0.06758497      1.08087485      0.00000000      0.99981468      0.15955940      0.50812492      0.50812492      0.39647334      0.06330641      1.40000000    -10.00000000
     39.49832776     -0.00000000     -0.00000000      0.00000000      0.00000000      0.00000043     -0.48792956      0.00000004      0.06700052      1.08008410      0.00000000      0.99981468      0.16031684      0.50809026      0.50809026      0.39682837      0.06279334      1.40000000    -10.00000000
     39.66555184     -0.00000000     -0.00000000      0.00000000      0.00000000      0.00000042     -0.48564957      0.00000004      0.06642368      1.07930608      0.00000000      0.99981468      0.16107304      0.50805589      0.50805589      0.39718213      0.06228639      1.40000000    -10.00000000
     39.83277592     -0.00000000     -0.00000000      0.00000000      0.00000000      0.00000041     -0.48339208      0.00000004      0.06585430      1.07854049      0.00000000      0.99981468      0.16182802      0.50802182      0.50802182      0.39753368      0.06178546      1.40000000    -10.00000000
     40.00000000     -0.00000000     -0.00000000      0.00000000      0.00000000      0.00000041     -0.48115673      0.00000004      0.06529226      1.07778705      0.00000000      0.99981468      0.16258182      0.50798804      0.50798804      0.39788301      0.06129046      1.40000000    -10.00000000
