    -10.00000000      0.00000000      0.00000000      0.00000000      0.00000000      0.03381978      0.00000142      0.01313463      0.00000000      1.18050758      0.99983734      0.99983734      0.50002097      0.50002722      0.50002722      0.49999721      0.00000000      5.00000000    -10.00000000
    -10.11705686      0.00000000      0.00000000      0.00000000      0.00000000      0.03370306     -0.01637415      0.01311529      0.00006890      1.18285128      1.00269630      0.99983734      0.49982932      0.50009157      0.50009157      0.49991498      0.00006889      5.00000000    -10.00000000
    -10.23411371      0.00000000      0.00000000      0.00000000      0.00000000      0.03372599     -0.03269835      0.01310515      0.00027515      1.18113288      1.00539367      0.99983734      0.49948950      0.50018361      0.50018361      0.49973342      0.00027508      5.00000000    -10.00000000
    -10.35117057      0.00000000      0.00000000      0.00000000      0.00000000      0.03375385     -0.04896793      0.01308839      0.00061839      1.17864853      1.00809280      0.99983734      0.49897252      0.50027480      0.50027480      0.49923666      0.00061801      5.00000000    -10.00000000
    -10.46822742      0.00000000      0.00000000      0.00000000      0.00000000      0.03379275     -0.06512825      0.01306499      0.00109712      1.17518764      1.01079457      0.99983734      0.49793366      0.50036543      0.50036543      0.49910146      0.00109591      5.00000000    -10.00000000
    -10.58528428      0.00000000      0.00000000      0.00000000      0.00000000      0.03384070     -0.08115132      0.01303501      0.00170970      1.17082925      1.01349985      0.99983734      0.49595672      0.50045643      0.50045643      0.49930531      0.00170678      5.00000000    -10.00000000
    -10.70234114      0.00000000      0.00000000      0.00000000      0.00000000      0.03389730     -0.09700727      0.01299850      0.00245403      1.16560028      1.01620951      0.99983734      0.49721112      0.50054434      0.50054434      0.49933575      0.00244803      5.00000000    -10.00000000
    -10.81939799      0.00000000      0.00000000      0.00000000      0.00000000      0.03396256     -0.11266551      0.01295554      0.00332757      1.15951535      1.01892445      0.99983734      0.49743749      0.50063175      0.50063175      0.49934906      0.00331653      5.00000000    -10.00000000
    -10.93645485      0.00000000      0.00000000      0.00000000      0.00000000      0.03403660     -0.12809532      0.01290621      0.00432727      1.15258814      1.02164551      0.99983734      0.49748257      0.50071828      0.50071828      0.49936490      0.00430862      5.00000000    -10.00000000
    -11.05351171      0.00000000      0.00000000      0.00000000      0.00000000      0.03411954     -0.14326622      0.01285064      0.00544962      1.14483525      1.02437359      0.99983734      0.49747662      0.50080345      0.50080345      0.49934041      0.00542008      5.00000000    -10.00000000
    -11.17056856      0.00000000      0.00000000      0.00000000      0.00000000      0.03421141     -0.15814830      0.01278892      0.00669062      1.13627708      1.02710954      0.99983734      0.49744609      0.50088643      0.50088643      0.49933021      0.00664615      5.00000000    -10.00000000
    -11.28762542      0.00000000      0.00000000      0.00000000      0.00000000      0.03431226     -0.17271249      0.01272119      0.00804580      1.12693754      1.02985422      0.99983734      0.49739380      0.50096571      0.50096571      0.49931359      0.00798158      5.00000000    -10.00000000
    -11.40468227      0.00000000      0.00000000      0.00000000      0.00000000      0.03442206     -0.18693074      0.01264759      0.00951022      1.11684367      1.03260851      0.99983734      0.49734726      0.50104668      0.50104668      0.49929716      0.00942063      5.00000000    -10.00000000
    -11.52173913      0.00000000      0.00000000      0.00000000      0.00000000      0.03454077     -0.20077614      0.01256827      0.01107849      1.10602511      1.03537326      0.99983734      0.49729650      0.50112804      0.50112804      0.49930714      0.01095711      5.00000000    -10.00000000
    -11.63879599      0.00000000      0.00000000      0.00000000      0.00000000      0.03466835     -0.21422304      0.01248340      0.01274479      1.09451375      1.03814932      0.99983734      0.49723973      0.50120414      0.50120414      0.49927617      0.01258440      5.00000000    -10.00000000
    -11.75585284      0.00000000      0.00000000      0.00000000      0.00000000      0.03480471     -0.22724712      0.01239315      0.01450285      1.08234334      1.04093754      0.99983734      0.49720398      0.50127967      0.50127967      0.49923500      0.01429552      5.00000000    -10.00000000
    -11.87290970      0.00000000      0.00000000      0.00000000      0.00000000      0.03494979     -0.23982546      0.01229770      0.01634599      1.06954920      1.04373877      0.99983734      0.49716731      0.50135297      0.50135297      0.49924537      0.01608310      5.00000000    -10.00000000
    -11.98996656      0.00000000      0.00000000      0.00000000      0.00000000      0.03510347     -0.25193658      0.01219724      0.01826716      1.05616791      1.04655386      0.99983734      0.49713090      0.50142154      0.50142154      0.49921148      0.01793946      5.00000000    -10.00000000
    -12.10702341      0.00000000      0.00000000      0.00000000      0.00000000      0.03526568     -0.26356043      0.01209197      0.02025888      1.04223708      1.04938363      0.99983734      0.49709952      0.50148637      0.50148637      0.49922050      0.01985661      5.00000000    -10.00000000
    -12.22408027      0.00000000      0.00000000      0.00000000      0.00000000      0.03543628     -0.27467844      0.01198211      0.02231332      1.02779508      1.05222891      0.99983734      0.49708387      0.50155251      0.50155251      0.49924836      0.02182630      5.00000000    -10.00000000
    -12.34113712      0.00000000      0.00000000      0.00000000      0.00000000      0.03561517     -0.28527351      0.01186785      0.02442227      1.01288081      1.05509054      0.99983734      0.49708825      0.50161378      0.50161378      0.49922444      0.02384004      5.00000000    -10.00000000
    -12.45819398      0.00000000      0.00000000      0.00000000      0.00000000      0.03580222     -0.29532997      0.01174941      0.02657719      0.99753346      1.05796932      0.99983734      0.49713410      0.50167031      0.50167031      0.49922890      0.02588913      5.00000000    -10.00000000
    -12.57525084      0.00000000      0.00000000      0.00000000      0.00000000      0.03599730     -0.30483362      0.01162701      0.02876919      0.98179234      1.06086607      0.99983734      0.49721197      0.50172415      0.50172415      0.49923822      0.02796467      5.00000000    -10.00000000
    -12.69230769      0.00000000      0.00000000      0.00000000      0.00000000      0.03620025     -0.31377168      0.01150087      0.03098905      0.96569663      1.06378159      0.99983734      0.49731957      0.50177459      0.50177459      0.49925423      0.03005760      5.00000000    -10.00000000
    -12.80936455      0.00000000      0.00000000      0.00000000      0.00000000      0.03641094     -0.32213280      0.01137122      0.03322727      0.94928521      1.06671668      0.99983734      0.49764250      0.50182134      0.50182134      0.49926938      0.03215873      5.00000000    -10.00000000
    -12.92642140      0.00000000      0.00000000      0.00000000      0.00000000      0.03662920     -0.32990701      0.01123828      0.03547405      0.93259651      1.06967213      0.99983734      0.49775453      0.50186411      0.50186411      0.49928960      0.03425876      5.00000000    -10.00000000
    -13.04347826      0.00000000      0.00000000      0.00000000      0.00000000      0.03685488     -0.33708570      0.01110227      0.03771933      0.91566832      1.07264870      0.99983734      0.49839219      0.50190156      0.50190156      0.49931484      0.03634830      5.00000000    -10.00000000
    -13.16053512      0.00000000      0.00000000      0.00000000      0.00000000      0.03708778     -0.34366162      0.01096341      0.03995281      0.89853764      1.07564719      0.99983734      0.49822371      0.50193774      0.50193774      0.49933940      0.03841790      5.00000000    -10.00000000
    -13.27759197      0.00000000      0.00000000      0.00000000      0.00000000      0.03732774     -0.34962880      0.01082193      0.04216396      0.88124055      1.07866833      0.99983734      0.49808455      0.50196544      0.50196544      0.49938272      0.04045809      5.00000000    -10.00000000
    -13.39464883      0.00000000      0.00000000      0.00000000      0.00000000      0.03757456     -0.35498249      0.01067804      0.04434208      0.86381213      1.08171289      0.99983734      0.49797954      0.50199051      0.50199051      0.49941945      0.04245934      5.00000000    -10.00000000
    -13.51170569      0.00000000      0.00000000      0.00000000      0.00000000      0.03782804     -0.35971977      0.01053197      0.04647644      0.84628625      1.08478161      0.99983734      0.49789098      0.50201130      0.50201130      0.49946578      0.04441231      5.00000000    -10.00000000
    -13.62876254      0.00000000      0.00000000      0.00000000      0.00000000      0.03808798     -0.36383786      0.01038392      0.04855593      0.82869562      1.08787521      0.99983734      0.49784159      0.50202723      0.50202723      0.49952525      0.04630743      5.00000000    -10.00000000
    -13.74581940      0.00000000      0.00000000      0.00000000      0.00000000      0.03835417     -0.36733536      0.01023412      0.05056940      0.81107161      1.09099441      0.99983734      0.49783349      0.50203819      0.50203819      0.49958340      0.04813523      5.00000000    -10.00000000
    -13.86287625      0.00000000      0.00000000      0.00000000      0.00000000      0.03862639     -0.37021267      0.01008275      0.05250585      0.79344419      1.09413992      0.99983734      0.49799252      0.50204257      0.50204257      0.49965435      0.04988652      5.00000000    -10.00000000
    -13.97993311      0.00000000      0.00000000      0.00000000      0.00000000      0.03890441     -0.37247073      0.00993003      0.05435413      0.77584191      1.09731244      0.99983734      0.49789027      0.50204431      0.50204431      0.49973293      0.05155206      5.00000000    -10.00000000
    -14.09698997      0.00000000      0.00000000      0.00000000      0.00000000      0.03918800     -0.37411150      0.00977615      0.05610315      0.75829186      1.10051263      0.99983734      0.49795960      0.50203854      0.50203854      0.49981787      0.05312279      5.00000000    -10.00000000
    -14.21404682      0.00000000      0.00000000      0.00000000      0.00000000      0.03947691     -0.37513791      0.00962131      0.05774188      0.74081962      1.10374118      0.99983734      0.49806223      0.50202969      0.50202969      0.49991150      0.05458977      5.00000000    -10.00000000
    -14.33110368      0.00000000      0.00000000      0.00000000      0.00000000      0.03977089     -0.37555374      0.00946568      0.05925945      0.72344924      1.10699874      0.99983734      0.49821104      0.50201548      0.50201548      0.50001598      0.05594423      5.00000000    -10.00000000
    -14.44816054      0.00000000      0.00000000      0.00000000      0.00000000      0.04006970     -0.37536359      0.00930945      0.06064515      0.70620325      1.11028593      0.99983734      0.49834481      0.50199512      0.50199512      0.50013331      0.05717761      5.00000000    -10.00000000
    -14.56521739      0.00000000      0.00000000      0.00000000      0.00000000      0.04037306     -0.37457285      0.00915280      0.06188853      0.68910266      1.11360340      0.99983734      0.49851309      0.50196855      0.50196855      0.50025365      0.05828157      5.00000000    -10.00000000
    -14.68227425      0.00000000      0.00000000      0.00000000      0.00000000      0.04068070     -0.37318758      0.00899589      0.06297943      0.67216696      1.11695174      0.99983734      0.49874021      0.50193661      0.50193661      0.50039217      0.05924802      5.00000000    -10.00000000
    -14.79933110      0.00000000      0.00000000      0.00000000      0.00000000      0.04099236     -0.37121454      0.00883888      0.06390806      0.65541413      1.12033154      0.99983734      0.49898027      0.50189866      0.50189866      0.50056972      0.06006916      5.00000000    -10.00000000
    -14.91638796      0.00000000      0.00000000      0.00000000      0.00000000      0.04130775     -0.36866103      0.00868193      0.06466508      0.63886069      1.12374338      0.99983734      0.49924819      0.50185428      0.50185428      0.50077774      0.06073749      5.00000000    -10.00000000
    -15.03344482      0.00000000      0.00000000      0.00000000      0.00000000      0.04162658     -0.36553496      0.00852518      0.06524163      0.62252173      1.12718783      0.99983734      0.49954102      0.50180412      0.50180412      0.50084185      0.06124585      5.00000000    -10.00000000
    -15.15050167      0.00000000      0.00000000      0.00000000      0.00000000      0.04194855     -0.36184467      0.00836879      0.06562947      0.60641090      1.13066541      0.99983734      0.49986670      0.50174808      0.50174808      0.50104016      0.06158751      5.00000000    -10.00000000
    -15.26755853      0.00000000      0.00000000      0.00000000      0.00000000      0.04227338     -0.35759900      0.00821287      0.06582099      0.59054054      1.13417664      0.99983734      0.50024203      0.50168966      0.50168966      0.50113326      0.06175614      5.00000000    -10.00000000
    -15.38461538      0.00000000      0.00000000      0.00000000      0.00000000      0.04260074     -0.35280715      0.00805757      0.06580935      0.57492162      1.13772204      0.99983734      0.50059758      0.50161648      0.50161648      0.50123688      0.06174590      5.00000000    -10.00000000
    -15.50167224      0.00000000      0.00000000      0.00000000      0.00000000      0.04293034     -0.34747870      0.00790301      0.06558858      0.55956388      1.14130208      0.99983734      0.50099969      0.50154120      0.50154120      0.50135379      0.06155150      5.00000000    -10.00000000
    -15.61872910      0.00000000      0.00000000      0.00000000      0.00000000      0.04326185     -0.34162351      0.00774930      0.06515359      0.54447585      1.14491721      0.99983734      0.50140349      0.50145834      0.50145834      0.50147585      0.06116826      5.00000000    -10.00000000
    -15.73578595      0.00000000      0.00000000      0.00000000      0.00000000      0.04359496     -0.33525173      0.00759654      0.06450039      0.52966489      1.14856789      0.99983734      0.50189216      0.50136876      0.50136876      0.50161546      0.06059218      5.00000000    -10.00000000
    -15.85284281      0.00000000      0.00000000      0.00000000      0.00000000      0.04392933     -0.32837372      0.00744485      0.06362610      0.51513726      1.15225453      0.99983734      0.50237997      0.50127620      0.50127620      0.50175700      0.05981999      5.00000000    -10.00000000
    -15.96989967      0.00000000      0.00000000      0.00000000      0.00000000      0.04426464     -0.32100005      0.00729432      0.06252911      0.50089817      1.15597752      0.99983734      0.50290623      0.50116670      0.50116670      0.50191181      0.05884932      5.00000000    -10.00000000
    -16.08695652      0.00000000      0.00000000      0.00000000      0.00000000      0.04460055     -0.31314142      0.00714504      0.06120917      0.48695185      1.15973724      0.99983734      0.50343811      0.50106637      0.50106637      0.50207741      0.05767871      5.00000000    -10.00000000
    -16.20401338      0.00000000      0.00000000      0.00000000      0.00000000      0.04493672     -0.30480867      0.00699710      0.05966754      0.47330162      1.16353403      0.99983734      0.50400698      0.50095145      0.50095145      0.50225237      0.05630780      5.00000000    -10.00000000
    -16.32107023      0.00000000      0.00000000      0.00000000      0.00000000      0.04527281     -0.29601273      0.00685057      0.05790709      0.45994989      1.16736823      0.99983734      0.50460340      0.50086010      0.50086010      0.50243766      0.05473741      5.00000000    -10.00000000
    -16.43812709      0.00000000      0.00000000      0.00000000      0.00000000      0.04560846     -0.28676457      0.00670552      0.05593245      0.44689829      1.17124013      0.99983734      0.50522664      0.50070140      0.50070140      0.50263290      0.05296972      5.00000000    -10.00000000
    -16.55518395      0.00000000      0.00000000      0.00000000      0.00000000      0.04594333     -0.27707522      0.00656203      0.05375012      0.43414767      1.17515000      0.99983734      0.50586366      0.50056812      0.50056812      0.50283881      0.05100841      5.00000000    -10.00000000
    -16.67224080      0.00000000      0.00000000      0.00000000      0.00000000      0.04627705     -0.26695570      0.00642016      0.05136865      0.42169817      1.17909810      0.99983734      0.50655249      0.50042531      0.50042531      0.50305287      0.04885884      5.00000000    -10.00000000
    -16.78929766      0.00000000      0.00000000      0.00000000      0.00000000      0.04660927     -0.25641700      0.00627996      0.04879878      0.40954930      1.18308464      0.99983734      0.50725582      0.50027559      0.50027559      0.50327901      0.04652826      5.00000000    -10.00000000
    -16.90635452      0.00000000      0.00000000      0.00000000      0.00000000      0.04693963     -0.24547009      0.00614149      0.04605355      0.39769993      1.18710982      0.99983734      0.50798396      0.50012016      0.50012016      0.50350869      0.04402600      5.00000000    -10.00000000
    -17.02341137      0.00000000      0.00000000      0.00000000      0.00000000      0.04726776     -0.23412586      0.00600479      0.04314853      0.38614841      1.19117382      0.99983734      0.50883436      0.49995869      0.49995869      0.50375387      0.04136375      5.00000000    -10.00000000
    -17.14046823      0.00000000      0.00000000      0.00000000      0.00000000      0.04759329     -0.22239514      0.00586990      0.04010193      0.37489255      1.19527676      0.99983734      0.50951379      0.49978790      0.49978790      0.50400606      0.03855577      5.00000000    -10.00000000
    -17.25752508      0.00000000      0.00000000      0.00000000      0.00000000      0.04791585     -0.21028862      0.00573687      0.03693478      0.36392974      1.19941877      0.99983734      0.51032348      0.49961312      0.49961312      0.50426745      0.03561919      5.00000000    -10.00000000
    -17.37458194      0.00000000      0.00000000      0.00000000      0.00000000      0.04823509     -0.19781691      0.00560573      0.03367113      0.35325689      1.20359991      0.99983734      0.51125253      0.49942967      0.49942967      0.50453564      0.03257432      5.00000000    -10.00000000
    -17.49163880      0.00000000      0.00000000      0.00000000      0.00000000      0.04855061     -0.18499046      0.00547650      0.03033821      0.34287059      1.20782025      0.99983734      0.51199671      0.49924194      0.49924194      0.50481744      0.02944490      5.00000000    -10.00000000
    -17.60869565      0.00000000      0.00000000      0.00000000      0.00000000      0.04886207     -0.17181959      0.00534922      0.02696662      0.33276706      1.21207980      0.99983734      0.51286223      0.49904771      0.49904771      0.50510520      0.02625852      5.00000000    -10.00000000
    -17.72575251      0.00000000      0.00000000      0.00000000      0.00000000      0.04916908     -0.15831445      0.00522391      0.02359054      0.32294221      1.21637855      0.99983734      0.51374347      0.49884445      0.49884445      0.50540213      0.02304685      5.00000000    -10.00000000
    -17.84280936      0.00000000      0.00000000      0.00000000      0.00000000      0.04947127     -0.14448502      0.00510057      0.02024789      0.31339170      1.22071647      0.99983734      0.51460777      0.49863587      0.49863587      0.50570666      0.01984604      5.00000000    -10.00000000
    -17.95986622      0.00000000      0.00000000      0.00000000      0.00000000      0.04976829     -0.13034112      0.00497924      0.01698057      0.30411095      1.22509348      0.99983734      0.51552152      0.49842310      0.49842310      0.50602051      0.01669705      5.00000000    -10.00000000
    -18.07692308      0.00000000      0.00000000      0.00000000      0.00000000      0.05005977     -0.11589235      0.00485992      0.01383467      0.29509517      1.22950948      0.99983734      0.51656794      0.49820060      0.49820060      0.50634332      0.01364589      5.00000000    -10.00000000
    -18.19397993      0.00000000      0.00000000      0.00000000      0.00000000      0.05034534     -0.10114815      0.00474263      0.01086066      0.28633940      1.23396433      0.99983734      0.51785498      0.49795494      0.49795494      0.50667322      0.01074397      5.00000000    -10.00000000
    -18.31103679      0.00000000      0.00000000      0.00000000      0.00000000      0.05062464     -0.08611774      0.00462736      0.00811361      0.27783854      1.23845786      0.99983734      0.51874527      0.49773913      0.49773913      0.50701268      0.00804831      5.00000000    -10.00000000
    -18.42809365      0.00000000      0.00000000      0.00000000      0.00000000      0.05089734     -0.07081014      0.00451412      0.00565344      0.26958736      1.24298988      0.99983734      0.51980777      0.49749956      0.49749956      0.50736919      0.00562166      5.00000000    -10.00000000
    -18.54515050      0.00000000      0.00000000      0.00000000      0.00000000      0.05116306     -0.05523418      0.00440292      0.00354513      0.26158052      1.24756015      0.99983734      0.52093682      0.49725430      0.49725430      0.50771035      0.00353260      5.00000000    -10.00000000
    -18.66220736      0.00000000      0.00000000      0.00000000      0.00000000      0.05142148     -0.03939845      0.00429375      0.00185894      0.25381264      1.25216840      0.99983734      0.52207062      0.49702924      0.49702924      0.50807734      0.00185550      5.00000000    -10.00000000
    -18.77926421      0.00000000      0.00000000      0.00000000      0.00000000      0.05167224     -0.02331135      0.00418660      0.00067070      0.24627824      1.25681432      0.99983734      0.52323032      0.49674650      0.49674650      0.50843937      0.00067025      5.00000000    -10.00000000
    -18.89632107      0.00000000      0.00000000      0.00000000      0.00000000      0.05191503     -0.00698107      0.00408149      0.00006199      0.23897184      1.26149760      0.99983734      0.52441148      0.49648328      0.49648328      0.50877431      0.00006199      5.00000000    -10.00000000
    -19.01337793      0.00000000      0.00000000      0.00000000      0.00000000      0.05214951      0.00958443      0.00397839      0.00012041      0.23188793      1.26621785      0.99983734      0.52568153      0.49621686      0.49621686      0.50919703      0.00012040      5.00000000    -10.00000000
    -19.13043478      0.00000000      0.00000000      0.00000000      0.00000000      0.05237536      0.02637738      0.00387729      0.00093986      0.22502098      1.27097467      0.99983734      0.52683198      0.49594390      0.49594390      0.50958522      0.00093897      5.00000000    -10.00000000
    -19.24749164      0.00000000      0.00000000      0.00000000      0.00000000      0.05259228      0.04339024      0.00377820      0.00262073      0.21836548      1.27576764      0.99983734      0.52807496      0.49566588      0.49566588      0.50997868      0.00261388      5.00000000    -10.00000000
    -19.36454849      0.00000000      0.00000000      0.00000000      0.00000000      0.05279996      0.06061566      0.00368108      0.00527021      0.21191596      1.28059627      0.99983734      0.52927834      0.49538326      0.49538326      0.51037914      0.00524258      5.00000000    -10.00000000
    -19.48160535      0.00000000      0.00000000      0.00000000      0.00000000      0.05299812      0.07804653      0.00358594      0.00900252      0.20566697      1.28546007      0.99983734      0.53061237      0.49509599      0.49509599      0.51078480      0.00892220      5.00000000    -10.00000000
    -19.59866221      0.00000000      0.00000000      0.00000000      0.00000000      0.05318645      0.09567590      0.00349276      0.01393919      0.19961309      1.29035850      0.99983734      0.53190846      0.49480496      0.49480496      0.51119521      0.01374756      5.00000000    -10.00000000
    -19.71571906      0.00000000      0.00000000      0.00000000      0.00000000      0.05336470      0.11349706      0.00340151      0.02020930      0.19374898      1.29529099      0.99983734      0.53310494      0.49450768      0.49450768      0.51161058      0.01980898      5.00000000    -10.00000000
    -19.83277592      0.00000000      0.00000000      0.00000000      0.00000000      0.05353260      0.13150349      0.00331219      0.02794975      0.18806936      1.30025693      0.99983734      0.53455353      0.49420685      0.49420685      0.51203239      0.02718981      5.00000000    -10.00000000
    -19.94983278      0.00000000      0.00000000      0.00000000      0.00000000      0.05368989      0.14968884      0.00322477      0.03730554      0.18256901      1.30525569      0.99983734      0.53590122      0.49390280      0.49390280      0.51241643      0.03596389      5.00000000    -10.00000000
    -20.06688963      0.00000000      0.00000000      0.00000000      0.00000000      0.05383634      0.16804700      0.00313923      0.04843000      0.17724280      1.31028660      0.99983734      0.53726595      0.49359627      0.49359627      0.51287324      0.04619288      5.00000000    -10.00000000
    -20.18394649      0.00000000      0.00000000      0.00000000      0.00000000      0.05397172      0.18657201      0.00305555      0.06148509      0.17208566      1.31534895      0.99983734      0.53867476      0.49328218      0.49328218      0.51333439      0.05792365      5.00000000    -10.00000000
    -20.30100334      0.00000000      0.00000000      0.00000000      0.00000000      0.05409580      0.20525810      0.00297371      0.07664164      0.16709264      1.32044201      0.99983734      0.54007014      0.49296683      0.49296683      0.51389563      0.07118584      5.00000000    -10.00000000
    -20.41806020      0.00000000      0.00000000      0.00000000      0.00000000      0.05420838      0.22409968      0.00289370      0.09407963      0.16225885      1.32556502      0.99983734      0.54143496      0.49263424      0.49263424      0.51427045      0.08598975      5.00000000    -10.00000000
    -20.53511706      0.00000000      0.00000000      0.00000000      0.00000000      0.05430928      0.24309136      0.00281548      0.11398842      0.15757953      1.33071718      0.99983734      0.54302278      0.49232721      0.49232721      0.51477288      0.10232460      5.00000000    -10.00000000
    -20.65217391      0.00000000      0.00000000      0.00000000      0.00000000      0.05439830      0.26222787      0.00273903      0.13656703      0.15305000      1.33589766      0.99983734      0.54430011      0.49200334      0.49200334      0.51520788      0.12015748      5.00000000    -10.00000000
    -20.76923077      0.00000000      0.00000000      0.00000000      0.00000000      0.05447530      0.28150414      0.00266433      0.16202438      0.14866568      1.34110561      0.99983734      0.54574913      0.49167820      0.49167820      0.51568278      0.13943286      5.00000000    -10.00000000
    -20.88628763      0.00000000      0.00000000      0.00000000      0.00000000      0.05454011      0.30091526      0.00259136      0.19057953      0.14442211      1.34634013      0.99983734      0.54720019      0.49134649      0.49134649      0.51616179      0.16007291      5.00000000    -10.00000000
    -21.00334448      0.00000000      0.00000000      0.00000000      0.00000000      0.05459260      0.32045645      0.00252009      0.22246193      0.14031491      1.35160032      0.99983734      0.54867697      0.49101686      0.49101686      0.51665340      0.18197862      5.00000000    -10.00000000
    -21.12040134      0.00000000      0.00000000      0.00000000      0.00000000      0.05463264      0.34012308      0.00245049      0.25791163      0.13633985      1.35688522      0.99983734      0.55015713      0.49068355      0.49068355      0.51713137      0.20503160      5.00000000    -10.00000000
    -21.23745819      0.00000000      0.00000000      0.00000000      0.00000000      0.05466014      0.35991069      0.00238255      0.29717951      0.13249276      1.36219387      0.99983734      0.55166278      0.49034880      0.49034880      0.51762283      0.22909667      5.00000000    -10.00000000
    -21.35451505      0.00000000      0.00000000      0.00000000      0.00000000      0.05467500      0.37981492      0.00231622      0.34052746      0.12876962      1.36752528      0.99983734      0.55323165      0.49001287      0.49001287      0.51804133      0.25402498      5.00000000    -10.00000000
    -21.47157191      0.00000000      0.00000000      0.00000000      0.00000000      0.05467715      0.39983155      0.00225150      0.38822859      0.12516650      1.37287841      0.99983734      0.55464974      0.48967646      0.48967646      0.51863759      0.27965754      5.00000000    -10.00000000
    -21.58862876      0.00000000      0.00000000      0.00000000      0.00000000      0.05466651      0.41995649      0.00218835      0.44056738      0.12167960      1.37825223      0.99983734      0.55616446      0.48934037      0.48934037      0.51910999      0.30582907      5.00000000    -10.00000000
    -21.70568562      0.00000000      0.00000000      0.00000000      0.00000000      0.05464305      0.44018576      0.00212675      0.49783981      0.11830521      1.38364566      0.99983734      0.55768562      0.48900100      0.48900100      0.51961207      0.33237187      5.00000000    -10.00000000
    -21.82274247      0.00000000      0.00000000      0.00000000      0.00000000      0.05460674      0.46051550      0.00206668      0.56035351      0.11503975      1.38905761      0.99983734      0.55921094      0.48866362      0.48866362      0.52011213      0.35911959      5.00000000    -10.00000000
    -21.93979933      0.00000000      0.00000000      0.00000000      0.00000000      0.05455757      0.48094195      0.00200810      0.62842778      0.11187974      1.39448696      0.99983734      0.56074235      0.48832570      0.48832570      0.52061462      0.38591075      5.00000000    -10.00000000
    -22.05685619      0.00000000      0.00000000      0.00000000      0.00000000      0.05449552      0.50146147      0.00195099      0.70239371      0.10882183      1.39993258      0.99983734      0.56227795      0.48798676      0.48798676      0.52111845      0.41259182      5.00000000    -10.00000000
    -22.17391304      0.00000000      0.00000000      0.00000000      0.00000000      0.05442063      0.52207053      0.00189533      0.78259417      0.10586277      1.40539331      0.99983734      0.56381993      0.48764860      0.48764860      0.52162203      0.43901982      5.00000000    -10.00000000
    -22.29096990      0.00000000      0.00000000      0.00000000      0.00000000      0.05433291      0.54276569      0.00184109      0.86938378      0.10299941      1.41086799      0.99983734      0.56536301      0.48731109      0.48731109      0.52212886      0.46506436      5.00000000    -10.00000000
    -22.40802676      0.00000000      0.00000000      0.00000000      0.00000000      0.05423241      0.56354365      0.00178826      0.96312891      0.10022873      1.41635542      0.99983734      0.56690866      0.48697414      0.48697414      0.52263291      0.49060910      5.00000000    -10.00000000
    -22.52508361      0.00000000      0.00000000      0.00000000      0.00000000      0.05411918      0.58440123      0.00173679      1.06420762      0.09754778      1.42185439      0.99983734      0.56845694      0.48663878      0.48663878      0.52313932      0.51555261      5.00000000    -10.00000000
    -22.64214047      0.00000000      0.00000000      0.00000000      0.00000000      0.05399330      0.60533539      0.00168667      1.17300960      0.09495374      1.42736368      0.99983734      0.57000537      0.48630453      0.48630453      0.52364504      0.53980875      5.00000000    -10.00000000
    -22.75919732      0.00000000      0.00000000      0.00000000      0.00000000      0.05385482      0.62634325      0.00163788      1.28993613      0.09244387      1.43288207      0.99983734      0.57155153      0.48597294      0.48597294      0.52414980      0.56330660      5.00000000    -10.00000000
    -22.87625418      0.00000000      0.00000000      0.00000000      0.00000000      0.05370385      0.64742208      0.00159038      1.41540010      0.09001550      1.43840830      0.99983734      0.57310375      0.48564067      0.48564067      0.52465309      0.58598992      5.00000000    -10.00000000
    -22.99331104      0.00000000      0.00000000      0.00000000      0.00000000      0.05354046      0.66856934      0.00154416      1.54982599      0.08766606      1.44394112      0.99983734      0.57465158      0.48531156      0.48531156      0.52515634      0.60781637      5.00000000    -10.00000000
    -23.11036789      0.00000000      0.00000000      0.00000000      0.00000000      0.05336477      0.68978267      0.00149919      1.69364997      0.08539303      1.44947926      0.99983734      0.57619942      0.48498477      0.48498477      0.52565726      0.62875652      5.00000000    -10.00000000
    -23.22742475      0.00000000      0.00000000      0.00000000      0.00000000      0.05317689      0.71105988      0.00145544      1.84732003      0.08319395      1.45502145      0.99983734      0.57774142      0.48466028      0.48466028      0.52615815      0.64879255      5.00000000    -10.00000000
    -23.34448161      0.00000000      0.00000000      0.00000000      0.00000000      0.05297693      0.73239898      0.00141288      2.01129602      0.08106642      1.46056640      0.99983734      0.57928152      0.48433851      0.48433851      0.52665416      0.66791707      5.00000000    -10.00000000
    -23.46153846      0.00000000      0.00000000      0.00000000      0.00000000      0.05276503      0.75379811      0.00137150      2.18604986      0.07900808      1.46611283      0.99983734      0.58081933      0.48401949      0.48401949      0.52715279      0.68613172      5.00000000    -10.00000000
    -23.57859532      0.00000000      0.00000000      0.00000000      0.00000000      0.05254133      0.77525554      0.00133126      2.37206547      0.07701664      1.47165945      0.99983734      0.58235522      0.48370298      0.48370298      0.52764666      0.70344585      5.00000000    -10.00000000
    -23.69565217      0.00000000      0.00000000      0.00000000      0.00000000      0.05230599      0.79676963      0.00129214      2.56983884      0.07508984      1.47720496      0.99983734      0.58387949      0.48339077      0.48339077      0.52812801      0.71987531      5.00000000    -10.00000000
    -23.81270903      0.00000000      0.00000000      0.00000000      0.00000000      0.05205918      0.81833884      0.00125412      2.77987788      0.07322546      1.48274808      0.99983734      0.58540238      0.48308091      0.48308091      0.52862722      0.73544119      5.00000000    -10.00000000
    -23.92976589      0.00000000      0.00000000      0.00000000      0.00000000      0.05180110      0.83996164      0.00121715      3.00270222      0.07142137      1.48828749      0.99983734      0.58691828      0.48277573      0.48277573      0.52911316      0.75016877      5.00000000    -10.00000000
    -24.04682274      0.00000000      0.00000000      0.00000000      0.00000000      0.05153194      0.86163654      0.00118123      3.23884299      0.06967546      1.49382192      0.99983734      0.58843595      0.48247380      0.48247380      0.52959553      0.76408657      5.00000000    -10.00000000
    -24.16387960      0.00000000      0.00000000      0.00000000      0.00000000      0.05125193      0.88336205      0.00114632      3.48884249      0.06798571      1.49935007      0.99983734      0.58992966      0.48217556      0.48217556      0.53007516      0.77722542      5.00000000    -10.00000000
    -24.28093645      0.00000000      0.00000000      0.00000000      0.00000000      0.05096129      0.90513673      0.00111240      3.75325391      0.06635016      1.50487065      0.99983734      0.59142684      0.48188221      0.48188221      0.53055087      0.78961780      5.00000000    -10.00000000
    -24.39799331      0.00000000      0.00000000      0.00000000      0.00000000      0.05066026      0.92695911      0.00107944      4.03264100      0.06476690      1.51038238      0.99983734      0.59290984      0.48159168      0.48159168      0.53102289      0.80129717      5.00000000    -10.00000000
    -24.51505017      0.00000000      0.00000000      0.00000000      0.00000000      0.05034910      0.94882776      0.00104742      4.32757776      0.06323411      1.51588399      0.99983734      0.59438399      0.48130601      0.48130601      0.53149066      0.81229744      5.00000000    -10.00000000
    -24.63210702      0.00000000      0.00000000      0.00000000      0.00000000      0.05002808      0.97074125      0.00101632      4.63864811      0.06175001      1.52137422      0.99983734      0.59590976      0.48102237      0.48102237      0.53195432      0.82265253      5.00000000    -10.00000000
    -24.74916388      0.00000000      0.00000000      0.00000000      0.00000000      0.04969746      0.99269820      0.00098610      4.96644556      0.06031291      1.52685180      0.99983734      0.59730782      0.48074299      0.48074299      0.53241306      0.83239602      5.00000000    -10.00000000
    -24.86622074      0.00000000      0.00000000      0.00000000      0.00000000      0.04935752      1.01469724      0.00095676      5.31157281      0.05892117      1.53231549      0.99983734      0.59875619      0.48047930      0.48047930      0.53298920      0.84156089      5.00000000    -10.00000000
    -24.98327759      0.00000000      0.00000000      0.00000000      0.00000000      0.04900855      1.03673705      0.00092826      5.67464138      0.05757319      1.53776405      0.99983734      0.60013723      0.48021500      0.48021500      0.53331802      0.85017922      5.00000000    -10.00000000
    -25.10033445      0.00000000      0.00000000      0.00000000      0.00000000      0.04865084      1.05881631      0.00090059      6.05627110      0.05626748      1.54319626      0.99983734      0.60162059      0.47995577      0.47995577      0.53376300      0.85828209      5.00000000    -10.00000000
    -25.21739130      0.00000000      0.00000000      0.00000000      0.00000000      0.04828469      1.08093378      0.00087372      6.45708965      0.05500256      1.54861093      0.99983734      0.60304451      0.47970174      0.47970174      0.53420498      0.86589943      5.00000000    -10.00000000
    -25.33444816      0.00000000      0.00000000      0.00000000      0.00000000      0.04791039      1.10308823      0.00084763      6.87773193      0.05377702      1.55400684      0.99983734      0.60453710      0.47945486      0.47945486      0.53462196      0.87305991      5.00000000    -10.00000000
    -25.45150502      0.00000000      0.00000000      0.00000000      0.00000000      0.04752826      1.12527848      0.00082230      7.31883951      0.05258953      1.55938284      0.99983734      0.60582821      0.47920982      0.47920982      0.53510300      0.87979093      5.00000000    -10.00000000
    -25.56856187      0.00000000      0.00000000      0.00000000      0.00000000      0.04713859      1.14750335      0.00079771      7.78105993      0.05143878      1.56473775      0.99983734      0.60720929      0.47897225      0.47897225      0.53549057      0.88611853      5.00000000    -10.00000000
    -25.68561873      0.00000000      0.00000000      0.00000000      0.00000000      0.04674171      1.16976175      0.00077385      8.26504599      0.05032353      1.57007045      0.99983734      0.60853466      0.47873991      0.47873991      0.53590823      0.89206745      5.00000000    -10.00000000
    -25.80267559      0.00000000      0.00000000      0.00000000      0.00000000      0.04633792      1.19205259      0.00075068      8.77145502      0.04924257      1.57537981      0.99983734      0.60993161      0.47851382      0.47851382      0.53632033      0.89766110      5.00000000    -10.00000000
    -25.91973244      0.00000000      0.00000000      0.00000000      0.00000000      0.04592754      1.21437482      0.00072820      9.30094805      0.04819476      1.58066474      0.99983734      0.61127782      0.47829347      0.47829347      0.53672659      0.90292156      5.00000000    -10.00000000
    -26.03678930      0.00000000      0.00000000      0.00000000      0.00000000      0.04551088      1.23672743      0.00070639      9.85418900      0.04717899      1.58592415      0.99983734      0.61261842      0.47807864      0.47807864      0.53712658      0.90786967      5.00000000    -10.00000000
    -26.15384615      0.00000000      0.00000000      0.00000000      0.00000000      0.04508826      1.25910943      0.00068522     10.43184376      0.04619419      1.59115700      0.99983734      0.61394195      0.47787008      0.47787008      0.53752042      0.91252505      5.00000000    -10.00000000
    -26.27090301      0.00000000      0.00000000      0.00000000      0.00000000      0.04466001      1.28151988      0.00066468     11.03457931      0.04523936      1.59636224      0.99983734      0.61516271      0.47766734      0.47766734      0.53790796      0.91690611      5.00000000    -10.00000000
    -26.38795987      0.00000000      0.00000000      0.00000000      0.00000000      0.04422643      1.30395785      0.00064476     11.66306272      0.04431350      1.60153888      0.99983734      0.61641013      0.47747634      0.47747634      0.53829323      0.92103016      5.00000000    -10.00000000
    -26.50501672      0.00000000      0.00000000      0.00000000      0.00000000      0.04378784      1.32642248      0.00062543     12.31796012      0.04341567      1.60668592      0.99983734      0.61764867      0.47728019      0.47728019      0.53866359      0.92491343      5.00000000    -10.00000000
    -26.62207358      0.00000000      0.00000000      0.00000000      0.00000000      0.04334455      1.34891289      0.00060668     12.99993567      0.04254496      1.61180242      0.99983734      0.61887335      0.47709575      0.47709575      0.53903160      0.92857110      5.00000000    -10.00000000
    -26.73913043      0.00000000      0.00000000      0.00000000      0.00000000      0.04289689      1.37142827      0.00058850     13.70965039      0.04170051      1.61688743      0.99983734      0.62009294      0.47691754      0.47691754      0.53939306      0.93201742      5.00000000    -10.00000000
    -26.85618729      0.00000000      0.00000000      0.00000000      0.00000000      0.04244517      1.39396781      0.00057086     14.44776106      0.04088146      1.62194006      0.99983734      0.62127526      0.47674593      0.47674593      0.53974772      0.93526570      5.00000000    -10.00000000
    -26.97324415      0.00000000      0.00000000      0.00000000      0.00000000      0.04198968      1.41653075      0.00055376     15.21491891      0.04008703      1.62695942      0.99983734      0.62245449      0.47657950      0.47657950      0.54009433      0.93832840      5.00000000    -10.00000000
    -27.09030100      0.00000000      0.00000000      0.00000000      0.00000000      0.04153075      1.43911633      0.00053718     16.01176840      0.03931642      1.63194467      0.99983734      0.62361682      0.47641999      0.47641999      0.54043831      0.94121716      5.00000000    -10.00000000
    -27.20735786      0.00000000      0.00000000      0.00000000      0.00000000      0.04106867      1.46172385      0.00052111     16.83894589      0.03856890      1.63689498      0.99983734      0.62476253      0.47626621      0.47626621      0.54076995      0.94394288      5.00000000    -10.00000000
    -27.32441472      0.00000000      0.00000000      0.00000000      0.00000000      0.04060374      1.48435261      0.00050552     17.69707813      0.03784374      1.64180956      0.99983734      0.62588860      0.47611886      0.47611886      0.54109742      0.94651571      5.00000000    -10.00000000
    -27.44147157      0.00000000      0.00000000      0.00000000      0.00000000      0.04013627      1.50700193      0.00049041     18.58678095      0.03714026      1.64668764      0.99983734      0.62699738      0.47597769      0.47597769      0.54160627      0.94894516      5.00000000    -10.00000000
    -27.55852843      0.00000000      0.00000000      0.00000000      0.00000000      0.03966654      1.52967118      0.00047577     19.50865762      0.03645779      1.65152848      0.99983734      0.62808787      0.47584268      0.47584268      0.54173086      0.95124010      5.00000000    -10.00000000
    -27.67558528      0.00000000      0.00000000      0.00000000      0.00000000      0.03919485      1.55235973      0.00046157     20.46329732      0.03579568      1.65633139      0.99983734      0.62916018      0.47571837      0.47571837      0.54203614      0.95340884      5.00000000    -10.00000000
    -27.79264214      0.00000000      0.00000000      0.00000000      0.00000000      0.03872147      1.57506697      0.00044781     21.45127361      0.03515333      1.66109568      0.99983734      0.63021285      0.47559139      0.47559139      0.54233472      0.95545910      5.00000000    -10.00000000
    -27.90969900      0.00000000      0.00000000      0.00000000      0.00000000      0.03824669      1.59779233      0.00043448     22.47314242      0.03453014      1.66582070      0.99983734      0.63125046      0.47547391      0.47547391      0.54262656      0.95739812      5.00000000    -10.00000000
    -28.02675585      0.00000000      0.00000000      0.00000000      0.00000000      0.03777078      1.62053524      0.00042156     23.52944074      0.03392555      1.67050584      0.99983734      0.63226791      0.47536356      0.47536356      0.54291768      0.95923266      5.00000000    -10.00000000
    -28.14381271      0.00000000      0.00000000      0.00000000      0.00000000      0.03729401      1.64329515      0.00040904     24.62068504      0.03333900      1.67515051      0.99983734      0.63326791      0.47525881      0.47525881      0.54318831      0.96096904      5.00000000    -10.00000000
    -28.26086957      0.00000000      0.00000000      0.00000000      0.00000000      0.03681664      1.66607156      0.00039692     25.74736662      0.03276997      1.67975414      0.99983734      0.63421652      0.47515991      0.47515991      0.54345840      0.96261314      5.00000000    -10.00000000
    -28.37792642      0.00000000      0.00000000      0.00000000      0.00000000      0.03633893      1.68886393      0.00038517     26.90995567      0.03221795      1.68431622      0.99983734      0.63520612      0.47506701      0.47506701      0.54372139      0.96417049      5.00000000    -10.00000000
    -28.49498328      0.00000000      0.00000000      0.00000000      0.00000000      0.03586113      1.71167180      0.00037378     28.10889346      0.03168245      1.68883624      0.99983734      0.63616067      0.47497954      0.47497954      0.54399736      0.96564624      5.00000000    -10.00000000
    -28.61204013      0.00000000      0.00000000      0.00000000      0.00000000      0.03538349      1.73449468      0.00036276     29.34459314      0.03116301      1.69331374      0.99983734      0.63740818      0.47489767      0.47489767      0.54422592      0.96704520      5.00000000    -10.00000000
    -28.72909699      0.00000000      0.00000000      0.00000000      0.00000000      0.03490624      1.75733213      0.00035208     30.61743734      0.03065917      1.69774827      0.99983734      0.63795534      0.47482287      0.47482287      0.54446997      0.96837188      5.00000000    -10.00000000
    -28.84615385      0.00000000      0.00000000      0.00000000      0.00000000      0.03442962      1.78018369      0.00034174     31.92777616      0.03017050      1.70213943      0.99983734      0.63886731      0.47475349      0.47475349      0.54459083      0.96963050      5.00000000    -10.00000000
    -28.96321070      0.00000000      0.00000000      0.00000000      0.00000000      0.03395385      1.80304894      0.00033172     33.27592518      0.02969658      1.70648682      0.99983734      0.63973129      0.47468970      0.47468970      0.54493007      0.97082500      5.00000000    -10.00000000
    -29.08026756      0.00000000      0.00000000      0.00000000      0.00000000      0.03347916      1.82592747      0.00032202     34.66216338      0.02923701      1.71079011      0.99983734      0.64062752      0.47463135      0.47463135      0.54514977      0.97195908      5.00000000    -10.00000000
    -29.19732441      0.00000000      0.00000000      0.00000000      0.00000000      0.03300575      1.84881889      0.00031263     36.08673131      0.02879139      1.71504897      0.99983734      0.64144364      0.47458129      0.47458129      0.54537763      0.97303618      5.00000000    -10.00000000
    -29.31438127      0.00000000      0.00000000      0.00000000      0.00000000      0.03253383      1.87172281      0.00030354     37.54982871      0.02835937      1.71926310      0.99983734      0.64221837      0.47453098      0.47453098      0.54556936      0.97405955      5.00000000    -10.00000000
    -29.43143813      0.00000000      0.00000000      0.00000000      0.00000000      0.03206361      1.89463886      0.00029473     39.05161370      0.02794058      1.72343224      0.99983734      0.64301937      0.47448870      0.47448870      0.54576938      0.97503222      5.00000000    -10.00000000
    -29.54849498      0.00000000      0.00000000      0.00000000      0.00000000      0.03159526      1.91756669      0.00028621     40.59219912      0.02753467      1.72755614      0.99983734      0.64378233      0.47445108      0.47445108      0.54596192      0.97595703      5.00000000    -10.00000000
    -29.66555184      0.00000000      0.00000000      0.00000000      0.00000000      0.03112899      1.94050594      0.00027795     42.17165324      0.02714131      1.73163460      0.99983734      0.64453458      0.47441953      0.47441953      0.54612518      0.97683665      5.00000000    -10.00000000
    -29.78260870      0.00000000      0.00000000      0.00000000      0.00000000      0.03066496      1.96345629      0.00026997     43.78999501      0.02676018      1.73566742      0.99983734      0.64526890      0.47439250      0.47439250      0.54632597      0.97767359      5.00000000    -10.00000000
    -29.89966555      0.00000000      0.00000000      0.00000000      0.00000000      0.03020335      1.98641742      0.00026223     45.44726662      0.02639093      1.73965445      0.99983734      0.64598432      0.47436966      0.47436966      0.54649820      0.97847021      5.00000000    -10.00000000
    -30.01672241      0.00000000      0.00000000      0.00000000      0.00000000      0.02974432      2.00938901      0.00025475     47.14317784      0.02603339      1.74359556      0.99983734      0.64667025      0.47435312      0.47435312      0.54666357      0.97922863      5.00000000    -10.00000000
    -30.13377926      0.00000000      0.00000000      0.00000000      0.00000000      0.02928804      2.03237077      0.00024751     48.87781109      0.02568713      1.74749063      0.99983734      0.64736113      0.47434065      0.47434065      0.54682233      0.97995100      5.00000000    -10.00000000
    -30.25083612      0.00000000      0.00000000      0.00000000      0.00000000      0.02883464      2.05536241      0.00024049     50.65090073      0.02535194      1.75133958      0.99983734      0.64801778      0.47433265      0.47433265      0.54697521      0.98063925      5.00000000    -10.00000000
    -30.36789298      0.00000000      0.00000000      0.00000000      0.00000000      0.02838416      2.07837259      0.00023366     52.47426906      0.02502199      1.75514236      0.99983734      0.64866135      0.47432928      0.47432928      0.54712128      0.98129942      5.00000000    -10.00000000
    -30.48494983      0.00000000      0.00000000      0.00000000      0.00000000      0.02793710      2.10137425      0.00022714     54.31146089      0.02471365      1.75889892      0.99983734      0.64929194      0.47433033      0.47433033      0.54714976      0.98192056      5.00000000    -10.00000000
    -30.60200669      0.00000000      0.00000000      0.00000000      0.00000000      0.02749323      2.12439392      0.00022079     56.19829517      0.02441004      1.76260926      0.99983734      0.64988777      0.47433573      0.47433573      0.54739304      0.98251696      5.00000000    -10.00000000
    -30.71906355      0.00000000      0.00000000      0.00000000      0.00000000      0.02705278      2.14742243      0.00021464     58.12229551      0.02411647      1.76627338      0.99983734      0.65047450      0.47434540      0.47434540      0.54751973      0.98308591      5.00000000    -10.00000000
    -30.83612040      0.00000000      0.00000000      0.00000000      0.00000000      0.02661588      2.17045955      0.00020869     60.08303431      0.02383269      1.76989131      0.99983734      0.65104302      0.47435898      0.47435898      0.54764025      0.98362884      5.00000000    -10.00000000
    -30.95317726      0.00000000      0.00000000      0.00000000      0.00000000      0.02618265      2.19350505      0.00020293     62.07998412      0.02355848      1.77346312      0.99983734      0.65159340      0.47437705      0.47437705      0.54774995      0.98414711      5.00000000    -10.00000000
    -31.07023411      0.00000000      0.00000000      0.00000000      0.00000000      0.02575317      2.21655870      0.00019735     64.11257801      0.02329361      1.77698887      0.99983734      0.65213430      0.47439886      0.47439886      0.54785408      0.98464198      5.00000000    -10.00000000
    -31.18729097      0.00000000      0.00000000      0.00000000      0.00000000      0.02532756      2.23962032      0.00019196     66.18019977      0.02303787      1.78046865      0.99983734      0.65290170      0.47442447      0.47442447      0.54796545      0.98511466      5.00000000    -10.00000000
    -31.30434783      0.00000000      0.00000000      0.00000000      0.00000000      0.02490591      2.26268969      0.00018674     68.28217978      0.02279104      1.78390259      0.99983734      0.65314092      0.47445391      0.47445391      0.54806215      0.98556627      5.00000000    -10.00000000
    -31.42140468      0.00000000      0.00000000      0.00000000      0.00000000      0.02448824      2.28577234      0.00018166     70.43038750      0.02254900      1.78729082      0.99983734      0.65362327      0.47448694      0.47448694      0.54820132      0.98600036      5.00000000    -10.00000000
    -31.53846154      0.00000000      0.00000000      0.00000000      0.00000000      0.02407482      2.30885095      0.00017681     72.58630512      0.02232331      1.79063347      0.99983734      0.65408241      0.47452357      0.47452357      0.54823993      0.98641051      5.00000000    -10.00000000
    -31.65551839      0.00000000      0.00000000      0.00000000      0.00000000      0.02366554      2.33194248      0.00017208     74.78683287      0.02210202      1.79393074      0.99983734      0.65453722      0.47456360      0.47456360      0.54831723      0.98680510      5.00000000    -10.00000000
    -31.77257525      0.00000000      0.00000000      0.00000000      0.00000000      0.02326053      2.35504239      0.00016749     77.02529393      0.02188697      1.79718279      0.99983734      0.65496579      0.47460735      0.47460735      0.54839116      0.98718364      5.00000000    -10.00000000
    -31.88963211      0.00000000      0.00000000      0.00000000      0.00000000      0.02285985      2.37814655      0.00016307     79.28064435      0.02168361      1.80038984      0.99983734      0.65538010      0.47465365      0.47465365      0.54845844      0.98754370      5.00000000    -10.00000000
    -32.00668896      0.00000000      0.00000000      0.00000000      0.00000000      0.02246357      2.40125878      0.00015879     81.57204612      0.02148612      1.80355210      0.99983734      0.65577620      0.47470346      0.47470346      0.54852243      0.98788936      5.00000000    -10.00000000
    -32.12374582      0.00000000      0.00000000      0.00000000      0.00000000      0.02207174      2.42437760      0.00015464     83.89186330      0.02129620      1.80666980      0.99983734      0.65615953      0.47475648      0.47475648      0.54858049      0.98822031      5.00000000    -10.00000000
    -32.24080268      0.00000000      0.00000000      0.00000000      0.00000000      0.02168440      2.44750289      0.00015062     86.23907899      0.02111367      1.80974319      0.99983734      0.65652596      0.47481215      0.47481215      0.54863221      0.98853725      5.00000000    -10.00000000
    -32.35785953      0.00000000      0.00000000      0.00000000      0.00000000      0.02130161      2.47063452      0.00014673     88.61267821      0.02093836      1.81277254      0.99983734      0.65687439      0.47487083      0.47487083      0.54868225      0.98884086      5.00000000    -10.00000000
    -32.47491639      0.00000000      0.00000000      0.00000000      0.00000000      0.02092339      2.49377237      0.00014297     91.01158388      0.02077009      1.81575812      0.99983734      0.65721060      0.47493229      0.47493229      0.54872235      0.98913180      5.00000000    -10.00000000
    -32.59197324      0.00000000      0.00000000      0.00000000      0.00000000      0.02054979      2.51691632      0.00013933     93.43473747      0.02060870      1.81870021      0.99983734      0.65752958      0.47499641      0.47499641      0.54876469      0.98941068      5.00000000    -10.00000000
    -32.70903010      0.00000000      0.00000000      0.00000000      0.00000000      0.02018084      2.54006625      0.00013580     95.88104735      0.02045403      1.82159913      0.99983734      0.65783639      0.47506314      0.47506314      0.54879255      0.98967806      5.00000000    -10.00000000
    -32.82608696      0.00000000      0.00000000      0.00000000      0.00000000      0.01981655      2.56322207      0.00013238     98.34941485      0.02030590      1.82445517      0.99983734      0.65812176      0.47513234      0.47513234      0.54882027      0.98993452      5.00000000    -10.00000000
    -32.94314381      0.00000000      0.00000000      0.00000000      0.00000000      0.01945696      2.58638368      0.00012907    100.83872645      0.02016416      1.82726866      0.99983734      0.65839722      0.47520394      0.47520394      0.54884348      0.99018055      5.00000000    -10.00000000
    -33.06020067      0.00000000      0.00000000      0.00000000      0.00000000      0.01910207      2.60955097      0.00012587    103.34786440      0.02002865      1.83003994      0.99983734      0.65865513      0.47527786      0.47527786      0.54886246      0.99041667      5.00000000    -10.00000000
    -33.17725753      0.00000000      0.00000000      0.00000000      0.00000000      0.01875191      2.63272386      0.00012276    105.87570519      0.01989921      1.83276935      0.99983734      0.65890206      0.47535369      0.47535369      0.54887735      0.99064334      5.00000000    -10.00000000
    -33.29431438      0.00000000      0.00000000      0.00000000      0.00000000      0.01840647      2.65590487      0.00011974    108.43276432      0.01977361      1.83545723      0.99983734      0.65923499      0.47543227      0.47543227      0.54888599      0.99086197      5.00000000    -10.00000000
    -33.41137124      0.00000000      0.00000000      0.00000000      0.00000000      0.01806580      2.67908609      0.00011684    110.98302825      0.01965795      1.83810396      0.99983734      0.65935078      0.47551260      0.47551260      0.54889155      0.99107008      5.00000000    -10.00000000
    -33.52842809      0.00000000      0.00000000      0.00000000      0.00000000      0.01772985      2.70227526      0.00011401    113.56028613      0.01954583      1.84070989      0.99983734      0.65955388      0.47559489      0.47559489      0.54889280      0.99127097      5.00000000    -10.00000000
    -33.64548495      0.00000000      0.00000000      0.00000000      0.00000000      0.01739865      2.72546970      0.00011127    116.15178569      0.01943920      1.84327541      0.99983734      0.65974940      0.47567905      0.47567905      0.54889001      0.99146407      5.00000000    -10.00000000
    -33.76254181      0.00000000      0.00000000      0.00000000      0.00000000      0.01707218      2.74866933      0.00010861    118.75645950      0.01933790      1.84580091      0.99983734      0.65992009      0.47576504      0.47576504      0.54888755      0.99164972      5.00000000    -10.00000000
    -33.87959866      0.00000000      0.00000000      0.00000000      0.00000000      0.01675044      2.77187407      0.00010604    121.37321005      0.01924180      1.84828676      0.99983734      0.66008354      0.47585249      0.47585249      0.54887242      0.99182828      5.00000000    -10.00000000
    -33.99665552      0.00000000      0.00000000      0.00000000      0.00000000      0.01643343      2.79508387      0.00010354    124.00098141      0.01915076      1.85073337      0.99983734      0.65996111      0.47594205      0.47594205      0.54885784      0.99200006      5.00000000    -10.00000000
    -34.11371237      0.00000000      0.00000000      0.00000000      0.00000000      0.01612112      2.81829863      0.00010111    126.63873771      0.01906466      1.85314114      0.99983734      0.66037240      0.47603295      0.47603295      0.54883920      0.99216539      5.00000000    -10.00000000
    -34.23076923      0.00000000      0.00000000      0.00000000      0.00000000      0.01581349      2.84152006      0.00009875    129.29585440      0.01898184      1.85551047      0.99983734      0.66049828      0.47612533      0.47612533      0.54881717      0.99232516      5.00000000    -10.00000000
    -34.34782609      0.00000000      0.00000000      0.00000000      0.00000000      0.01551055      2.86474450      0.00009647    131.95032412      0.01890527      1.85784179      0.99983734      0.66061088      0.47621912      0.47621912      0.54879145      0.99247839      5.00000000    -10.00000000
    -34.46488294      0.00000000      0.00000000      0.00000000      0.00000000      0.01521227      2.88797366      0.00009425    134.61110211      0.01883333      1.86013550      0.99983734      0.66071127      0.47631423      0.47631423      0.54879265      0.99262597      5.00000000    -10.00000000
    -34.58193980      0.00000000      0.00000000      0.00000000      0.00000000      0.01491862      2.91120611      0.00009211    137.26917885      0.01876698      1.86239203      0.99983734      0.66080116      0.47641037      0.47641037      0.54872947      0.99276773      5.00000000    -10.00000000
    -34.69899666      0.00000000      0.00000000      0.00000000      0.00000000      0.01462957      2.93444474      0.00009002    139.94174082      0.01870364      1.86461180      0.99983734      0.66087873      0.47650825      0.47650825      0.54869357      0.99290487      5.00000000    -10.00000000
    -34.81605351      0.00000000      0.00000000      0.00000000      0.00000000      0.01434510      2.95768796      0.00008799    142.61839469      0.01864450      1.86679523      0.99983734      0.66096653      0.47660691      0.47660691      0.54865446      0.99303710      5.00000000    -10.00000000
    -34.93311037      0.00000000      0.00000000      0.00000000      0.00000000      0.01406518      2.98093700      0.00008601    145.30757691      0.01858826      1.86894277      0.99983734      0.66097913      0.47670673      0.47670673      0.54861211      0.99316508      5.00000000    -10.00000000
    -35.05016722      0.00000000      0.00000000      0.00000000      0.00000000      0.01378979      3.00418787      0.00008410    147.98035563      0.01853837      1.87105483      0.99983734      0.66104345      0.47680750      0.47680750      0.54856667      0.99328771      5.00000000    -10.00000000
    -35.16722408      0.00000000      0.00000000      0.00000000      0.00000000      0.01351888      3.02744441      0.00008224    150.66352066      0.01849123      1.87313185      0.99983734      0.66107506      0.47690917      0.47690917      0.54851753      0.99340646      5.00000000    -10.00000000
    -35.28428094      0.00000000      0.00000000      0.00000000      0.00000000      0.01325242      3.05070642      0.00008043    153.35645497      0.01844677      1.87517427      0.99983734      0.66109798      0.47701166      0.47701166      0.54846764      0.99352149      5.00000000    -10.00000000
    -35.40133779      0.00000000      0.00000000      0.00000000      0.00000000      0.01299038      3.07397153      0.00007867    156.04047286      0.01840704      1.87718253      0.99983734      0.66111051      0.47711491      0.47711491      0.54841265      0.99363221      5.00000000    -10.00000000
    -35.51839465      0.00000000      0.00000000      0.00000000      0.00000000      0.01273272      3.09724081      0.00007695    158.72308072      0.01837094      1.87915706      0.99983734      0.66111504      0.47721879      0.47721879      0.54835565      0.99373916      5.00000000    -10.00000000
    -35.63545151      0.00000000      0.00000000      0.00000000      0.00000000      0.01247941      3.12051427      0.00007529    161.40464217      0.01833825      1.88109831      0.99983734      0.66122341      0.47732308      0.47732308      0.54833027      0.99384254      5.00000000    -10.00000000
    -35.75250836      0.00000000      0.00000000      0.00000000      0.00000000      0.01223040      3.14379076      0.00007367    164.07393877      0.01831003      1.88300670      0.99983734      0.66108106      0.47742659      0.47742659      0.54824433      0.99394211      5.00000000    -10.00000000
    -35.86956522      0.00000000      0.00000000      0.00000000      0.00000000      0.01198564      3.16707227      0.00007210    166.74886582      0.01828414      1.88488268      0.99983734      0.66105625      0.47753381      0.47753381      0.54816889      0.99403871      5.00000000    -10.00000000
    -35.98662207      0.00000000      0.00000000      0.00000000      0.00000000      0.01174511      3.19035772      0.00007056    169.41964276      0.01826150      1.88672668      0.99983734      0.66102038      0.47764113      0.47764113      0.54810139      0.99413213      5.00000000    -10.00000000
    -36.10367893      0.00000000      0.00000000      0.00000000      0.00000000      0.01150875      3.21364783      0.00006907    172.09302550      0.01824126      1.88853915      0.99983734      0.66097459      0.47774899      0.47774899      0.54803150      0.99422276      5.00000000    -10.00000000
    -36.22073579      0.00000000      0.00000000      0.00000000      0.00000000      0.01127652      3.23694093      0.00006761    174.75354909      0.01822490      1.89032052      0.99983734      0.66092179      0.47785732      0.47785732      0.54795936      0.99431021      5.00000000    -10.00000000
    -36.33779264      0.00000000      0.00000000      0.00000000      0.00000000      0.01104839      3.26023701      0.00006620    177.40049225      0.01821231      1.89207122      0.99983734      0.66085689      0.47796605      0.47796605      0.54788498      0.99439463      5.00000000    -10.00000000
    -36.45484950      0.00000000      0.00000000      0.00000000      0.00000000      0.01082429      3.28353821      0.00006482    180.05418903      0.01820130      1.89379170      0.99983734      0.66075016      0.47807500      0.47807500      0.54780843      0.99447679      5.00000000    -10.00000000
    -36.57190635      0.00000000      0.00000000      0.00000000      0.00000000      0.01060419      3.30684231      0.00006347    182.69393756      0.01819384      1.89548238      0.99983734      0.66070385      0.47818458      0.47818458      0.54772970      0.99455616      5.00000000    -10.00000000
    -36.68896321      0.00000000      0.00000000      0.00000000      0.00000000      0.01038804      3.33014992      0.00006216    185.32477756      0.01818928      1.89714369      0.99983734      0.66061520      0.47829413      0.47829413      0.54764892      0.99463303      5.00000000    -10.00000000
    -36.80602007      0.00000000      0.00000000      0.00000000      0.00000000      0.01017578      3.35346104      0.00006089    187.94738812      0.01818745      1.89877607      0.99983734      0.66051818      0.47840394      0.47840394      0.54756366      0.99470752      5.00000000    -10.00000000
    -36.92307692      0.00000000      0.00000000      0.00000000      0.00000000      0.00996739      3.37677374      0.00005965    190.52087534      0.01819210      1.90037994      0.99983734      0.66041285      0.47851393      0.47851393      0.54756886      0.99477864      5.00000000    -10.00000000
    -37.04013378      0.00000000      0.00000000      0.00000000      0.00000000      0.00976279      3.40009339      0.00005843    193.16242383      0.01819200      1.90195572      0.99983734      0.66030040      0.47862413      0.47862413      0.54739475      0.99484967      5.00000000    -10.00000000
    -37.15719064      0.00000000      0.00000000      0.00000000      0.00000000      0.00956195      3.42341290      0.00005724    195.77602770      0.01819619      1.90350384      0.99983734      0.66018201      0.47873437      0.47873437      0.54730608      0.99491808      5.00000000    -10.00000000
    -37.27424749      0.00000000      0.00000000      0.00000000      0.00000000      0.00936482      3.44673734      0.00005610    198.29965026      0.01821025      1.90502472      0.99983734      0.65965559      0.47884475      0.47884475      0.54721618      0.99498243      5.00000000    -10.00000000
    -37.39130435      0.00000000      0.00000000      0.00000000      0.00000000      0.00917134      3.47006491      0.00005498    200.86948610      0.01822144      1.90651877      0.99983734      0.66029754      0.47895509      0.47895509      0.54712064      0.99504630      5.00000000    -10.00000000
    -37.50836120      0.00000000      0.00000000      0.00000000      0.00000000      0.00898148      3.49339556      0.00005388    203.42657301      0.01823515      1.90798641      0.99983734      0.65977729      0.47906544      0.47906544      0.54703070      0.99510827      5.00000000    -10.00000000
    -37.62541806      0.00000000      0.00000000      0.00000000      0.00000000      0.00879516      3.51672924      0.00005280    206.02148378      0.01824681      1.90942805      0.99983734      0.65962635      0.47917570      0.47917570      0.54693561      0.99516958      5.00000000    -10.00000000
    -37.74247492      0.00000000      0.00000000      0.00000000      0.00000000      0.00861236      3.54006712      0.00005176    208.53264192      0.01826714      1.91084410      0.99983734      0.65947371      0.47928600      0.47928600      0.54683899      0.99522747      5.00000000    -10.00000000
    -37.85953177      0.00000000      0.00000000      0.00000000      0.00000000      0.00843302      3.56340621      0.00005074    211.04353334      0.01828859      1.91223495      0.99983734      0.65931199      0.47939613      0.47939613      0.54674089      0.99528399      5.00000000    -10.00000000
    -37.97658863      0.00000000      0.00000000      0.00000000      0.00000000      0.00825708      3.58674851      0.00004974    213.54449458      0.01831197      1.91360102      0.99983734      0.65914449      0.47950612      0.47950612      0.54664141      0.99533896      5.00000000    -10.00000000
    -38.09364548      0.00000000      0.00000000      0.00000000      0.00000000      0.00808450      3.61009393      0.00004877    216.03459699      0.01833729      1.91494269      0.99983734      0.65896969      0.47961595      0.47961595      0.54654656      0.99539244      5.00000000    -10.00000000
    -38.21070234      0.00000000      0.00000000      0.00000000      0.00000000      0.00791523      3.63344068      0.00004783    218.47756469      0.01836753      1.91626036      0.99983734      0.65878736      0.47972558      0.47972558      0.54643833      0.99544373      5.00000000    -10.00000000
    -38.32775920      0.00000000      0.00000000      0.00000000      0.00000000      0.00774922      3.65679212      0.00004690    220.95832855      0.01839550      1.91755443      0.99983734      0.65860280      0.47983499      0.47983499      0.54633556      0.99549465      5.00000000    -10.00000000
    -38.44481605      0.00000000      0.00000000      0.00000000      0.00000000      0.00758641      3.68014421      0.00004600    223.37042869      0.01843001      1.91882527      0.99983734      0.65841105      0.47994414      0.47994414      0.54622992      0.99554308      5.00000000    -10.00000000
    -38.56187291      0.00000000      0.00000000      0.00000000      0.00000000      0.00742676      3.70349979      0.00004511    225.82840850      0.01846153      1.92007327      0.99983734      0.65821306      0.48005300      0.48005300      0.54612549      0.99559138      5.00000000    -10.00000000
    -38.67892977      0.00000000      0.00000000      0.00000000      0.00000000      0.00727023      3.72685784      0.00004425    228.19445469      0.01850129      1.92129881      0.99983734      0.65800951      0.48016154      0.48016154      0.54601300      0.99563689      5.00000000    -10.00000000
    -38.79598662      0.00000000      0.00000000      0.00000000      0.00000000      0.00711675      3.75021830      0.00004341    230.57941557      0.01854019      1.92250226      0.99983734      0.65780397      0.48026974      0.48026974      0.54590943      0.99568183      5.00000000    -10.00000000
    -38.91304348      0.00000000      0.00000000      0.00000000      0.00000000      0.00696629      3.77358111      0.00004258    232.94591827      0.01858120      1.92368398      0.99983734      0.65758850      0.48037754      0.48037754      0.54580043      0.99572551      5.00000000    -10.00000000
    -39.03010033      0.00000000      0.00000000      0.00000000      0.00000000      0.00681879      3.79694622      0.00004178    235.29339399      0.01862433      1.92484435      0.99983734      0.65736972      0.48048493      0.48048493      0.54569041      0.99576797      5.00000000    -10.00000000
    -39.14715719      0.00000000      0.00000000      0.00000000      0.00000000      0.00667420      3.82031424      0.00004099    237.64139314      0.01866799      1.92598373      0.99983734      0.65714729      0.48059179      0.48059179      0.54557948      0.99580961      5.00000000    -10.00000000
    -39.26421405      0.00000000      0.00000000      0.00000000      0.00000000      0.00653248      3.84368374      0.00004022    239.94872541      0.01871537      1.92710248      0.99983734      0.65691721      0.48069795      0.48069795      0.54546762      0.99584974      5.00000000    -10.00000000
    -39.38127090      0.00000000      0.00000000      0.00000000      0.00000000      0.00639358      3.86705476      0.00003947    242.24524468      0.01876406      1.92820094      0.99983734      0.65668312      0.48080265      0.48080265      0.54535551      0.99588892      5.00000000    -10.00000000
    -39.49832776      0.00000000      0.00000000      0.00000000      0.00000000      0.00625745      3.89042849      0.00003874    244.48432288      0.01881765      1.92927946      0.99983734      0.65644626      0.48090922      0.48090922      0.54524118      0.99592642      5.00000000    -10.00000000
    -39.61538462      0.00000000      0.00000000      0.00000000      0.00000000      0.00612404      3.91380425      0.00003802    246.75601307      0.01886913      1.93033840      0.99983734      0.65620525      0.48101531      0.48101531      0.54474494      0.99596377      5.00000000    -10.00000000
    -39.73244147      0.00000000      0.00000000      0.00000000      0.00000000      0.00599332      3.93718198      0.00003732    248.95464923      0.01892658      1.93137808      0.99983734      0.65597063      0.48112088      0.48112088      0.54488582      0.99599927      5.00000000    -10.00000000
    -39.84949833      0.00000000      0.00000000      0.00000000      0.00000000      0.00586523      3.96056162      0.00003663    251.15713033      0.01898408      1.93239885      0.99983734      0.65571125      0.48122593      0.48122593      0.54502419      0.99603422      5.00000000    -10.00000000
    -39.96655518      0.00000000      0.00000000      0.00000000      0.00000000      0.00573972      3.98394313      0.00003596    253.33730851      0.01904358      1.93340103      0.99983734      0.65545773      0.48133037      0.48133037      0.54478062      0.99606821      5.00000000    -10.00000000
    -40.08361204      0.00000000      0.00000000      0.00000000      0.00000000      0.00561675      4.00732646      0.00003530    255.51659297      0.01910345      1.93438496      0.99983734      0.65521395      0.48143409      0.48143409      0.54466325      0.99610162      5.00000000    -10.00000000
    -40.20066890      0.00000000      0.00000000      0.00000000      0.00000000      0.00549629      4.03071197      0.00003466    257.64327609      0.01916753      1.93535094      0.99983734      0.65488334      0.48153648      0.48153648      0.54455695      0.99613367      5.00000000    -10.00000000
    -40.31772575      0.00000000      0.00000000      0.00000000      0.00000000      0.00537827      4.05409836      0.00003403    259.74044517      0.01923404      1.93629931      0.99983734      0.65467417      0.48163950      0.48163950      0.54442785      0.99616477      5.00000000    -10.00000000
    -40.43478261      0.00000000      0.00000000      0.00000000      0.00000000      0.00526267      4.07748683      0.00003342    261.82784304      0.01930149      1.93723038      0.99983734      0.65440529      0.48174277      0.48174277      0.54430870      0.99619523      5.00000000    -10.00000000
    -40.55183946      0.00000000      0.00000000      0.00000000      0.00000000      0.00514943      4.10087717      0.00003281    263.90138192      0.01937017      1.93814445      0.99983734      0.65413535      0.48184549      0.48184549      0.54418967      0.99622501      5.00000000    -10.00000000
    -40.66889632      0.00000000      0.00000000      0.00000000      0.00000000      0.00503851      4.12426860      0.00003223    265.93010204      0.01944231      1.93904183      0.99983734      0.65386157      0.48194765      0.48194765      0.54406987      0.99625370      5.00000000    -10.00000000
    -40.78595318      0.00000000      0.00000000      0.00000000      0.00000000      0.00492987      4.14766179      0.00003165    267.96098592      0.01951446      1.93992281      0.99983734      0.65358466      0.48204925      0.48204925      0.54394909      0.99628199      5.00000000    -10.00000000
    -40.90301003      0.00000000      0.00000000      0.00000000      0.00000000      0.00482348      4.17105647      0.00003109    269.94946299      0.01958985      1.94078770      0.99983734      0.65330173      0.48215026      0.48215026      0.54382886      0.99630927      5.00000000    -10.00000000
    -41.02006689      0.00000000      0.00000000      0.00000000      0.00000000      0.00471928      4.19445258      0.00003053    271.91254095      0.01966721      1.94163679      0.99983734      0.65302005      0.48225069      0.48225069      0.54370852      0.99633582      5.00000000    -10.00000000
    -41.13712375      0.00000000      0.00000000      0.00000000      0.00000000      0.00461724      4.21785008      0.00003000    273.85002669      0.01974654      1.94247035      0.99983734      0.65273491      0.48235053      0.48235053      0.54358736      0.99636165      5.00000000    -10.00000000
    -41.25418060      0.00000000      0.00000000      0.00000000      0.00000000      0.00451731      4.24124892      0.00002947    275.76159076      0.01982783      1.94328868      0.99983734      0.65235792      0.48244976      0.48244976      0.54346463      0.99638678      5.00000000    -10.00000000
    -41.37123746      0.00000000      0.00000000      0.00000000      0.00000000      0.00441947      4.26464907      0.00002895    277.64696353      0.01991110      1.94409206      0.99983734      0.65215564      0.48254841      0.48254841      0.54334413      0.99641123      5.00000000    -10.00000000
    -41.48829431      0.00000000      0.00000000      0.00000000      0.00000000      0.00432366      4.28805048      0.00002844    279.50584863      0.01999633      1.94488075      0.99983734      0.65186183      0.48264643      0.48264643      0.54324384      0.99643501      5.00000000    -10.00000000
    -41.60535117      0.00000000      0.00000000      0.00000000      0.00000000      0.00422985      4.31145310      0.00002795    281.33795888      0.02008355      1.94565503      0.99983734      0.65156534      0.48274384      0.48274384      0.54309982      0.99645815      5.00000000    -10.00000000
    -41.72240803      0.00000000      0.00000000      0.00000000      0.00000000      0.00413800      4.33485690      0.00002746    283.14301141      0.02017275      1.94641516      0.99983734      0.65126693      0.48284063      0.48284063      0.54297676      0.99648065      5.00000000    -10.00000000
    -41.83946488      0.00000000      0.00000000      0.00000000      0.00000000      0.00404808      4.35826183      0.00002699    284.90975909      0.02026473      1.94716140      0.99983734      0.65096412      0.48293679      0.48293679      0.54285402      0.99650239      5.00000000    -10.00000000
    -41.95652174      0.00000000      0.00000000      0.00000000      0.00000000      0.00396004      4.38166785      0.00002652    286.66050782      0.02035788      1.94789402      0.99983734      0.65066266      0.48303233      0.48303233      0.54273185      0.99652368      5.00000000    -10.00000000
    -42.07357860      0.00000000      0.00000000      0.00000000      0.00000000      0.00387386      4.40507493      0.00002607    288.38351126      0.02045303      1.94861326      0.99983734      0.65035593      0.48312724      0.48312724      0.54260988      0.99654438      5.00000000    -10.00000000
    -42.19063545      0.00000000      0.00000000      0.00000000      0.00000000      0.00378949      4.42848302      0.00002562    290.08806713      0.02054952      1.94931937      0.99983734      0.65005036      0.48322150      0.48322150      0.54248577      0.99656461      5.00000000    -10.00000000
    -42.30769231      0.00000000      0.00000000      0.00000000      0.00000000      0.00370691      4.45189209      0.00002518    291.75428802      0.02064874      1.95001259      0.99983734      0.64974085      0.48331513      0.48331513      0.54236259      0.99658417      5.00000000    -10.00000000
    -42.42474916      0.00000000      0.00000000      0.00000000      0.00000000      0.00362606      4.47530209      0.00002475    293.39204233      0.02074999      1.95069318      0.99983734      0.64942964      0.48340811      0.48340811      0.54223932      0.99660317      5.00000000    -10.00000000
    -42.54180602      0.00000000      0.00000000      0.00000000      0.00000000      0.00354693      4.49871298      0.00002433    295.00109116      0.02085328      1.95136136      0.99983734      0.64911726      0.48350045      0.48350045      0.54211602      0.99662163      5.00000000    -10.00000000
    -42.65886288      0.00000000      0.00000000      0.00000000      0.00000000      0.00346948      4.52212474      0.00002392    296.58125634      0.02095863      1.95201737      0.99983734      0.64880324      0.48359214      0.48359214      0.54199310      0.99663957      5.00000000    -10.00000000
    -42.77591973      0.00000000      0.00000000      0.00000000      0.00000000      0.00339367      4.54553731      0.00002352    298.13228965      0.02106604      1.95266144      0.99983734      0.64848733      0.48368319      0.48368319      0.54186921      0.99665700      5.00000000    -10.00000000
    -42.89297659      0.00000000      0.00000000      0.00000000      0.00000000      0.00331948      4.56895067      0.00002313    299.65418434      0.02117552      1.95329378      0.99983734      0.64816902      0.48377360      0.48377360      0.54174590      0.99667392      5.00000000    -10.00000000
    -43.01003344      0.00000000      0.00000000      0.00000000      0.00000000      0.00324686      4.59236477      0.00002274    301.14624624      0.02128712      1.95391464      0.99983734      0.64785020      0.48386335      0.48386335      0.54162255      0.99669034      5.00000000    -10.00000000
    -43.12709030      0.00000000      0.00000000      0.00000000      0.00000000      0.00317579      4.61577959      0.00002236    302.60882360      0.02140080      1.95452421      0.99983734      0.64753390      0.48395245      0.48395245      0.54149941      0.99670629      5.00000000    -10.00000000
    -43.24414716      0.00000000      0.00000000      0.00000000      0.00000000      0.00310624      4.63919508      0.00002199    304.04149343      0.02151661      1.95512271      0.99983734      0.64720747      0.48404090      0.48404090      0.54137737      0.99672176      5.00000000    -10.00000000
    -43.36120401      0.00000000      0.00000000      0.00000000      0.00000000      0.00303818      4.66261122      0.00002162    305.44412884      0.02163456      1.95571036      0.99983734      0.64688412      0.48412871      0.48412871      0.54124016      0.99673676      5.00000000    -10.00000000
    -43.47826087      0.00000000      0.00000000      0.00000000      0.00000000      0.00297157      4.68602795      0.00002127    306.81657717      0.02175467      1.95628736      0.99983734      0.64655957      0.48421586      0.48421586      0.54112896      0.99675131      5.00000000    -10.00000000
    -43.59531773      0.00000000      0.00000000      0.00000000      0.00000000      0.00290640      4.70944526      0.00002092    308.15865806      0.02187694      1.95685392      0.99983734      0.64630778      0.48430228      0.48430228      0.54100605      0.99676541      5.00000000    -10.00000000
    -43.71237458      0.00000000      0.00000000      0.00000000      0.00000000      0.00284262      4.73286310      0.00002058    309.47024054      0.02200141      1.95741022      0.99983734      0.64590851      0.48438821      0.48438821      0.54088358      0.99677908      5.00000000    -10.00000000
    -43.82943144      0.00000000      0.00000000      0.00000000      0.00000000      0.00278021      4.75628144      0.00002024    310.75109196      0.02212809      1.95795648      0.99983734      0.64558062      0.48447341      0.48447341      0.54076058      0.99679231      5.00000000    -10.00000000
    -43.94648829      0.00000000      0.00000000      0.00000000      0.00000000      0.00271914      4.77970025      0.00001991    312.00128479      0.02225699      1.95849287      0.99983734      0.64525130      0.48455796      0.48455796      0.54063869      0.99680512      5.00000000    -10.00000000
    -44.06354515      0.00000000      0.00000000      0.00000000      0.00000000      0.00265939      4.80311950      0.00001959    313.22048056      0.02238815      1.95901960      0.99983734      0.64492200      0.48464187      0.48464187      0.54051564      0.99681752      5.00000000    -10.00000000
    -44.18060201      0.00000000      0.00000000      0.00000000      0.00000000      0.00260093      4.82653914      0.00001927    314.40861991      0.02252157      1.95953684      0.99983734      0.64459245      0.48472514      0.48472514      0.54039210      0.99682951      5.00000000    -10.00000000
    -44.29765886      0.00000000      0.00000000      0.00000000      0.00000000      0.00254373      4.84995916      0.00001896    315.56557514      0.02265729      1.96004477      0.99983734      0.64426155      0.48480776      0.48480776      0.54027096      0.99684110      5.00000000    -10.00000000
    -44.41471572      0.00000000      0.00000000      0.00000000      0.00000000      0.00248777      4.87337951      0.00001866    316.69125138      0.02279533      1.96054358      0.99983734      0.64393006      0.48488974      0.48488974      0.54016313      0.99685229      5.00000000    -10.00000000
    -44.53177258      0.00000000      0.00000000      0.00000000      0.00000000      0.00243301      4.89680016      0.00001836    317.78548502      0.02293571      1.96103345      0.99983734      0.64359640      0.48497107      0.48497107      0.54002782      0.99686309      5.00000000    -10.00000000
    -44.64882943      0.00000000      0.00000000      0.00000000      0.00000000      0.00237944      4.92022108      0.00001807    318.84825341      0.02307845      1.96151453      0.99983734      0.64326466      0.48505178      0.48505178      0.53990564      0.99687352      5.00000000    -10.00000000
    -44.76588629      0.00000000      0.00000000      0.00000000      0.00000000      0.00232704      4.94364225      0.00001778    319.87944881      0.02322358      1.96198701      0.99983734      0.64293086      0.48513184      0.48513184      0.53978429      0.99688356      5.00000000    -10.00000000
    -44.88294314      0.00000000      0.00000000      0.00000000      0.00000000      0.00227576      4.96706362      0.00001750    320.87896484      0.02337113      1.96245105      0.99983734      0.64259690      0.48521127      0.48521127      0.53966306      0.99689324      5.00000000    -10.00000000
    -45.00000000      0.00000000      0.00000000      0.00000000      0.00000000      0.00222561      4.99048516      0.00001722    321.84673070      0.02352112      1.96290680      0.99983734      0.64226238      0.48529007      0.48529007      0.53954270      0.99690255      5.00000000    -10.00000000
