    -10.00000000      0.00000000      0.00000000      0.00000000      0.00000000      0.02814447      0.00000177      0.01345092      0.00000000      1.86245523      0.99982774      0.99982774      0.50002717      0.50003600      0.50003600      0.49999566      0.00000000      3.90000000    -10.00000000
    -10.16722408      0.00000000      0.00000000      0.00000000      0.00000000      0.02806034     -0.05302878      0.01342340      0.00045851      1.86421679      1.00305502      0.99982774      0.49856905      0.50032924      0.50032924      0.49950207      0.00045830      3.90000000    -10.00000000
    -10.33444816      0.00000000      0.00000000      0.00000000      0.00000000      0.02811226     -0.10585425      0.01338987      0.00183498      1.85612570      1.00611421      0.99982774      0.49676616      0.50064763      0.50064763      0.49866022      0.00183162      3.90000000    -10.00000000
    -10.50167224      0.00000000      0.00000000      0.00000000      0.00000000      0.02820775     -0.15802763      0.01333437      0.00412056      1.84217540      1.00918133      0.99982774      0.49416294      0.50096915      0.50096915      0.49787112      0.00410365      3.90000000    -10.00000000
    -10.66889632      0.00000000      0.00000000      0.00000000      0.00000000      0.02833477     -0.20933934      0.01325728      0.00730569      1.82331539      1.01226037      0.99982774      0.49197506      0.50128614      0.50128614      0.49775747      0.00725271      3.90000000    -10.00000000
    -10.83612040      0.00000000      0.00000000      0.00000000      0.00000000      0.02849350     -0.25954154      0.01315918      0.01137693      1.79974096      1.01535527      0.99982774      0.49145282      0.50160333      0.50160333      0.49742509      0.01124896      3.90000000    -10.00000000
    -11.00334448      0.00000000      0.00000000      0.00000000      0.00000000      0.02868473     -0.30838674      0.01304079      0.01631672      1.77165885      1.01847002      0.99982774      0.49043413      0.50191329      0.50191329      0.49707811      0.01605476      3.90000000    -10.00000000
    -11.17056856      0.00000000      0.00000000      0.00000000      0.00000000      0.02890890     -0.35563881      0.01290296      0.02210319      1.73934132      1.02160857      0.99982774      0.48932257      0.50221797      0.50221797      0.49671385      0.02162521      3.90000000    -10.00000000
    -11.33779264      0.00000000      0.00000000      0.00000000      0.00000000      0.02916620     -0.40107841      0.01274668      0.02871017      1.70311618      1.02477488      0.99982774      0.48819843      0.50252643      0.50252643      0.49634867      0.02790890      3.90000000    -10.00000000
    -11.50501672      0.00000000      0.00000000      0.00000000      0.00000000      0.02945664     -0.44450593      0.01257304      0.03610709      1.66335184      1.02797293      0.99982774      0.48695327      0.50282695      0.50282695      0.49598637      0.03484880      3.90000000    -10.00000000
    -11.67224080      0.00000000      0.00000000      0.00000000      0.00000000      0.02978011     -0.48574330      0.01238322      0.04425894      1.62044459      1.03120665      0.99982774      0.48598439      0.50311899      0.50311899      0.49563182      0.04238310      3.90000000    -10.00000000
    -11.83946488      0.00000000      0.00000000      0.00000000      0.00000000      0.03013646     -0.52463507      0.01217847      0.05312618      1.57480787      1.03448001      0.99982774      0.48492111      0.50340283      0.50340283      0.49528766      0.05044617      3.90000000    -10.00000000
    -12.00668896      0.00000000      0.00000000      0.00000000      0.00000000      0.03052543     -0.56104887      0.01196011      0.06266468      1.52686298      1.03779694      0.99982774      0.48388128      0.50367947      0.50367947      0.49495429      0.05896938      3.90000000    -10.00000000
    -12.17391304      0.00000000      0.00000000      0.00000000      0.00000000      0.03094677     -0.59487542      0.01172946      0.07282558      1.47703093      1.04116138      0.99982774      0.48289324      0.50394573      0.50394573      0.49462158      0.06788203      3.90000000    -10.00000000
    -12.34113712      0.00000000      0.00000000      0.00000000      0.00000000      0.03140014     -0.62602807      0.01148790      0.08355517      1.42572516      1.04457725      0.99982774      0.48196726      0.50420195      0.50420195      0.49433402      0.07711205      3.90000000    -10.00000000
    -12.50836120      0.00000000      0.00000000      0.00000000      0.00000000      0.03188517     -0.65444208      0.01123677      0.09479473      1.37334535      1.04804848      0.99982774      0.48111416      0.50444762      0.50444762      0.49406070      0.08658676      3.90000000    -10.00000000
    -12.67558528      0.00000000      0.00000000      0.00000000      0.00000000      0.03240145     -0.68007359      0.01097744      0.10648044      1.32027218      1.05157895      0.99982774      0.48037702      0.50468287      0.50468287      0.49378585      0.09623346      3.90000000    -10.00000000
    -12.84280936      0.00000000      0.00000000      0.00000000      0.00000000      0.03294849     -0.70289839      0.01071120      0.11854327      1.26686309      1.05517256      0.99982774      0.47975746      0.50490460      0.50490460      0.49354496      0.10598005      3.90000000    -10.00000000
    -13.01003344      0.00000000      0.00000000      0.00000000      0.00000000      0.03352578     -0.72291052      0.01043935      0.13090887      1.21344903      1.05883316      0.99982774      0.47922115      0.50511367      0.50511367      0.49332135      0.11575545      3.90000000    -10.00000000
    -13.17725753      0.00000000      0.00000000      0.00000000      0.00000000      0.03413273     -0.74012076      0.01016310      0.14349751      1.16033214      1.06256460      0.99982774      0.47914971      0.50530860      0.50530860      0.49312207      0.12549001      3.90000000    -10.00000000
    -13.34448161      0.00000000      0.00000000      0.00000000      0.00000000      0.03476869     -0.75455499      0.00988363      0.15622412      1.10778436      1.06637068      0.99982774      0.47883818      0.50548891      0.50548891      0.49294955      0.13511577      3.90000000    -10.00000000
    -13.51170569      0.00000000      0.00000000      0.00000000      0.00000000      0.03543295     -0.76625293      0.00960204      0.16899845      1.05604662      1.07025518      0.99982774      0.47794786      0.50565372      0.50565372      0.49280305      0.14456687      3.90000000    -10.00000000
    -13.67892977      0.00000000      0.00000000      0.00000000      0.00000000      0.03612474     -0.77526547      0.00931936      0.18172474      1.00532929      1.07422184      0.99982774      0.47719013      0.50580190      0.50580190      0.49268616      0.15377925      3.90000000    -10.00000000
    -13.84615385      0.00000000      0.00000000      0.00000000      0.00000000      0.03684322     -0.78165391      0.00903657      0.19430224      0.95581250      1.07827437      0.99982774      0.47661138      0.50593300      0.50593300      0.49260013      0.16269101      3.90000000    -10.00000000
    -14.01337793      0.00000000      0.00000000      0.00000000      0.00000000      0.03758747     -0.78548849      0.00875454      0.20662558      0.90764721      1.08241642      0.99982774      0.47625022      0.50604591      0.50604591      0.49248718      0.17124250      3.90000000    -10.00000000
    -14.18060201      0.00000000      0.00000000      0.00000000      0.00000000      0.03835648     -0.78684628      0.00847409      0.21858474      0.86095701      1.08665160      0.99982774      0.47562207      0.50614011      0.50614011      0.49252882      0.17937590      3.90000000    -10.00000000
    -14.34782609      0.00000000      0.00000000      0.00000000      0.00000000      0.03914920     -0.78581002      0.00819598      0.23006565      0.81583975      1.09098343      0.99982774      0.47534617      0.50621471      0.50621471      0.49254363      0.18703526      3.90000000    -10.00000000
    -14.51505017      0.00000000      0.00000000      0.00000000      0.00000000      0.03996446     -0.78246682      0.00792086      0.24095070      0.77236960      1.09541540      0.99982774      0.47518636      0.50626905      0.50626905      0.49259649      0.19416622      3.90000000    -10.00000000
    -14.68227425      0.00000000      0.00000000      0.00000000      0.00000000      0.04080103     -0.77690689      0.00764933      0.25111941      0.73059916      1.09995091      0.99982774      0.47514783      0.50630107      0.50630107      0.49270101      0.20071578      3.90000000    -10.00000000
    -14.84949833      0.00000000      0.00000000      0.00000000      0.00000000      0.04165759     -0.76922251      0.00738192      0.26044921      0.69056161      1.10459328      0.99982774      0.47523065      0.50631306      0.50631306      0.49294255      0.20663206      3.90000000    -10.00000000
    -15.01672241      0.00000000      0.00000000      0.00000000      0.00000000      0.04253273     -0.75950701      0.00711911      0.26881639      0.65227291      1.10934573      0.99982774      0.47543843      0.50630109      0.50630109      0.49303357      0.21186390      3.90000000    -10.00000000
    -15.18394649      0.00000000      0.00000000      0.00000000      0.00000000      0.04342496     -0.74785397      0.00686129      0.27609723      0.61573390      1.11421141      0.99982774      0.47577288      0.50626698      0.50626698      0.49330798      0.21636065      3.90000000    -10.00000000
    -15.35117057      0.00000000      0.00000000      0.00000000      0.00000000      0.04433270     -0.73435644      0.00660880      0.28216930      0.58093235      1.11919332      0.99982774      0.47629552      0.50620810      0.50620810      0.49368880      0.22007180      3.90000000    -10.00000000
    -15.51839465      0.00000000      0.00000000      0.00000000      0.00000000      0.04525427     -0.71910636      0.00636195      0.28691298      0.54784483      1.12429438      0.99982774      0.47681961      0.50612263      0.50612263      0.49385855      0.22294668      3.90000000    -10.00000000
    -15.68561873      0.00000000      0.00000000      0.00000000      0.00000000      0.04618792     -0.70219401      0.00612097      0.29021315      0.51643856      1.12951737      0.99982774      0.47751887      0.50601130      0.50601130      0.49407277      0.22493427      3.90000000    -10.00000000
    -15.85284281      0.00000000      0.00000000      0.00000000      0.00000000      0.04713180     -0.68370760      0.00588606      0.29196116      0.48667298      1.13486492      0.99982774      0.47836241      0.50587859      0.50587859      0.49433494      0.22598293      3.90000000    -10.00000000
    -16.02006689      0.00000000      0.00000000      0.00000000      0.00000000      0.04808396     -0.66373293      0.00565736      0.29205702      0.45850132      1.14033952      0.99982774      0.47932311      0.50571531      0.50571531      0.49464540      0.22604035      3.90000000    -10.00000000
    -16.18729097      0.00000000      0.00000000      0.00000000      0.00000000      0.04904238     -0.64235311      0.00543500      0.29041181      0.43187185      1.14594352      0.99982774      0.48041692      0.50552614      0.50552614      0.49500296      0.22505359      3.90000000    -10.00000000
    -16.35451505      0.00000000      0.00000000      0.00000000      0.00000000      0.05000495     -0.61964836      0.00521905      0.28695039      0.40672916      1.15167907      0.99982774      0.48162476      0.50530935      0.50530935      0.49539869      0.22296927      3.90000000    -10.00000000
    -16.52173913      0.00000000      0.00000000      0.00000000      0.00000000      0.05096946     -0.59569588      0.00500955      0.28161433      0.38301514      1.15754815      0.99982774      0.48298314      0.50506533      0.50506533      0.49586356      0.21973407      3.90000000    -10.00000000
    -16.68896321      0.00000000      0.00000000      0.00000000      0.00000000      0.05193365     -0.57056967      0.00480653      0.27436514      0.36066994      1.16355255      0.99982774      0.48445742      0.50479288      0.50479288      0.49636555      0.21529555      3.90000000    -10.00000000
    -16.85618729      0.00000000      0.00000000      0.00000000      0.00000000      0.05289515     -0.54434056      0.00460997      0.26518769      0.33963273      1.16969386      0.99982774      0.48599241      0.50449223      0.50449223      0.49691482      0.20960344      3.90000000    -10.00000000
    -17.02341137      0.00000000      0.00000000      0.00000000      0.00000000      0.05385155     -0.51707608      0.00441985      0.25409399      0.31984238      1.17597342      0.99982774      0.48777478      0.50416303      0.50416303      0.49750908      0.20261160      3.90000000    -10.00000000
    -17.19063545      0.00000000      0.00000000      0.00000000      0.00000000      0.05480035     -0.48884050      0.00423610      0.24112712      0.30123804      1.18239240      0.99982774      0.48962115      0.50380541      0.50380541      0.49815528      0.19428076      3.90000000    -10.00000000
    -17.35785953      0.00000000      0.00000000      0.00000000      0.00000000      0.05573901     -0.45969485      0.00405866      0.22636549      0.28375960      1.18895167      0.99982774      0.49155369      0.50341944      0.50341944      0.49884515      0.18458240      3.90000000    -10.00000000
    -17.52508361      0.00000000      0.00000000      0.00000000      0.00000000      0.05666495     -0.42969694      0.00388745      0.20992730      0.26734810      1.19565189      0.99982774      0.49367664      0.50300406      0.50300406      0.49958219      0.17350406      3.90000000    -10.00000000
    -17.69230769      0.00000000      0.00000000      0.00000000      0.00000000      0.05757554     -0.39890143      0.00372236      0.19197522      0.25194602      1.20249344      0.99982774      0.49582650      0.50256199      0.50256199      0.50036151      0.16105639      3.90000000    -10.00000000
    -17.85953177      0.00000000      0.00000000      0.00000000      0.00000000      0.05846814     -0.36735990      0.00356329      0.17272130      0.23749754      1.20947643      0.99982774      0.49803239      0.50208998      0.50208998      0.50118655      0.14728248      3.90000000    -10.00000000
    -18.02675585      0.00000000      0.00000000      0.00000000      0.00000000      0.05934007     -0.33512098      0.00341012      0.15243198      0.22394874      1.21660069      0.99982774      0.50056392      0.50159324      0.50159324      0.50205504      0.13226983      3.90000000    -10.00000000
    -18.19397993      0.00000000      0.00000000      0.00000000      0.00000000      0.06018868     -0.30223039      0.00326272      0.13143339      0.21124773      1.22386580      0.99982774      0.50313333      0.50107079      0.50107079      0.50296572      0.11616538      3.90000000    -10.00000000
    -18.36120401      0.00000000      0.00000000      0.00000000      0.00000000      0.06101132     -0.26873111      0.00312096      0.11011655      0.19934475      1.23127094      0.99982774      0.50587845      0.50051595      0.50051595      0.50390256      0.09919369      3.90000000    -10.00000000
    -18.52842809      0.00000000      0.00000000      0.00000000      0.00000000      0.06180535     -0.23466347      0.00298470      0.08894281      0.18819222      1.23881507      0.99982774      0.50872681      0.49993127      0.49993127      0.50490836      0.08167812      3.90000000    -10.00000000
    -18.69565217      0.00000000      0.00000000      0.00000000      0.00000000      0.06256818     -0.20006528      0.00285380      0.06844915      0.17774481      1.24649680      0.99982774      0.51166915      0.49933535      0.49933535      0.50594015      0.06406402      3.90000000    -10.00000000
    -18.86287625      0.00000000      0.00000000      0.00000000      0.00000000      0.06329726     -0.16497196      0.00272811      0.04925354      0.16795939      1.25431444      0.99982774      0.51470615      0.49870956      0.49870956      0.50700775      0.04694151      3.90000000    -10.00000000
    -19.03010033      0.00000000      0.00000000      0.00000000      0.00000000      0.06399013     -0.12941662      0.00260749      0.03206008      0.15879505      1.26226594      0.99982774      0.51784087      0.49805944      0.49805944      0.50811067      0.03106416      3.90000000    -10.00000000
    -19.19732441      0.00000000      0.00000000      0.00000000      0.00000000      0.06464437     -0.09343026      0.00249179      0.01766400      0.15021305      1.27034895      0.99982774      0.52105358      0.49738782      0.49738782      0.50924767      0.01735740      3.90000000    -10.00000000
    -19.36454849      0.00000000      0.00000000      0.00000000      0.00000000      0.06525767     -0.05704181      0.00238086      0.00695632      0.14217675      1.27856078      0.99982774      0.52435596      0.49669536      0.49669536      0.51041602      0.00690826      3.90000000    -10.00000000
    -19.53177258      0.00000000      0.00000000      0.00000000      0.00000000      0.06582784     -0.02027831      0.00227454      0.00092827      0.13465161      1.28689839      0.99982774      0.52773671      0.49598240      0.49598240      0.51161341      0.00092741      3.90000000    -10.00000000
    -19.69899666      0.00000000      0.00000000      0.00000000      0.00000000      0.06635277      0.01683501      0.00217270      0.00067512      0.12760504      1.29535845      0.99982774      0.53119397      0.49525153      0.49525153      0.51292540      0.00067466      3.90000000    -10.00000000
    -19.86622074      0.00000000      0.00000000      0.00000000      0.00000000      0.06683051      0.05427464      0.00207518      0.00739958      0.12100641      1.30393724      0.99982774      0.53472648      0.49450370      0.49450370      0.51406832      0.00734523      3.90000000    -10.00000000
    -20.03344482      0.00000000      0.00000000      0.00000000      0.00000000      0.06725924      0.09201863      0.00198184      0.02241452      0.11482689      1.31263077      0.99982774      0.53831916      0.49374041      0.49374041      0.51534553      0.02192312      3.90000000    -10.00000000
    -20.20066890      0.00000000      0.00000000      0.00000000      0.00000000      0.06763730      0.13004652      0.00189253      0.04714498      0.10903942      1.32143468      0.99982774      0.54197437      0.49296327      0.49296327      0.51668868      0.04502240      3.90000000    -10.00000000
    -20.36789298      0.00000000      0.00000000      0.00000000      0.00000000      0.06796319      0.16833924      0.00180711      0.08312935      0.10361863      1.33034432      0.99982774      0.54568732      0.49217385      0.49217385      0.51802998      0.07674923      3.90000000    -10.00000000
    -20.53511706      0.00000000      0.00000000      0.00000000      0.00000000      0.06823558      0.20687902      0.00172544      0.13201967      0.09854073      1.33935473      0.99982774      0.54944535      0.49137396      0.49137396      0.51940045      0.11662313      3.90000000    -10.00000000
    -20.70234114      0.00000000      0.00000000      0.00000000      0.00000000      0.06845333      0.24564930      0.00164738      0.19558089      0.09378344      1.34846064      0.99982774      0.55325609      0.49056519      0.49056519      0.52079197      0.16358650      3.90000000    -10.00000000
    -20.86956522      0.00000000      0.00000000      0.00000000      0.00000000      0.06861548      0.28463461      0.00157280      0.27568902      0.08932591      1.35765650      0.99982774      0.55710658      0.48969044      0.48969044      0.52219987      0.21610989      3.90000000    -10.00000000
    -21.03678930      0.00000000      0.00000000      0.00000000      0.00000000      0.06872128      0.32382053      0.00150156      0.37432804      0.08514868      1.36693650      0.99982774      0.56099129      0.48892820      0.48892820      0.52362102      0.27237168      3.90000000    -10.00000000
    -21.20401338      0.00000000      0.00000000      0.00000000      0.00000000      0.06877018      0.36319358      0.00143354      0.49358558      0.08123354      1.37629453      0.99982774      0.56490363      0.48810361      0.48810361      0.52506810      0.33047024      3.90000000    -10.00000000
    -21.37123746      0.00000000      0.00000000      0.00000000      0.00000000      0.06876182      0.40274113      0.00136860      0.63564698      0.07756352      1.38572428      0.99982774      0.56884850      0.48727755      0.48727755      0.52649430      0.38862113      3.90000000    -10.00000000
    -21.53846154      0.00000000      0.00000000      0.00000000      0.00000000      0.06869606      0.44245137      0.00130664      0.80278781      0.07412280      1.39521919      0.99982774      0.57279605      0.48645159      0.48645159      0.52794001      0.44530355      3.90000000    -10.00000000
    -21.70568562      0.00000000      0.00000000      0.00000000      0.00000000      0.06857298      0.48231317      0.00124753      0.99736452      0.07089667      1.40477251      0.99982774      0.57676642      0.48562756      0.48562756      0.52938965      0.49934026      3.90000000    -10.00000000
    -21.87290970      0.00000000      0.00000000      0.00000000      0.00000000      0.06839285      0.52231607      0.00119116      1.22180308      0.06787144      1.41437727      0.99982774      0.58077948      0.48480740      0.48480740      0.53084004      0.54991511      3.90000000    -10.00000000
    -22.04013378      0.00000000      0.00000000      0.00000000      0.00000000      0.06815614      0.56245021      0.00113742      1.47858532      0.06503442      1.42402637      0.99982774      0.58472182      0.48399307      0.48399307      0.53228894      0.59654405      3.90000000    -10.00000000
    -22.20735786      0.00000000      0.00000000      0.00000000      0.00000000      0.06786354      0.60270628      0.00108621      1.77023292      0.06237385      1.43371255      0.99982774      0.58869979      0.48318598      0.48318598      0.53373508      0.63901952      3.90000000    -10.00000000
    -22.37458194      0.00000000      0.00000000      0.00000000      0.00000000      0.06751591      0.64307555      0.00103741      2.09928896      0.05987883      1.44342843      0.99982774      0.59291898      0.48238806      0.48238806      0.53517419      0.67734535      3.90000000    -10.00000000
    -22.54180602      0.00000000      0.00000000      0.00000000      0.00000000      0.06711429      0.68354985      0.00099095      2.46829758      0.05753927      1.45316653      0.99982774      0.59662817      0.48160074      0.48160074      0.53658834      0.71167411      3.90000000    -10.00000000
    -22.70903010      0.00000000      0.00000000      0.00000000      0.00000000      0.06665989      0.72412172      0.00094672      2.87978256      0.05534584      1.46291931      0.99982774      0.60056944      0.48082595      0.48082595      0.53802802      0.74225360      3.90000000    -10.00000000
    -22.87625418      0.00000000      0.00000000      0.00000000      0.00000000      0.06615405      0.76478440      0.00090464      3.33622614      0.05328980      1.47267917      0.99982774      0.60448923      0.48006547      0.48006547      0.53943867      0.76938472      3.90000000    -10.00000000
    -23.04347826      0.00000000      0.00000000      0.00000000      0.00000000      0.06559827      0.80553200      0.00086460      3.84005006      0.05136298      1.48243848      0.99982774      0.60838751      0.47931994      0.47931994      0.54083581      0.79339057      3.90000000    -10.00000000
    -23.21070234      0.00000000      0.00000000      0.00000000      0.00000000      0.06499415      0.84635952      0.00082653      4.39360015      0.04955765      1.49218964      0.99982774      0.61226080      0.47858918      0.47858918      0.54221479      0.81459508      3.90000000    -10.00000000
    -23.37792642      0.00000000      0.00000000      0.00000000      0.00000000      0.06434343      0.88726282      0.00079033      4.99913492      0.04786645      1.50192505      0.99982774      0.61607835      0.47788094      0.47788094      0.54357961      0.83330930      3.90000000    -10.00000000
    -23.54515050      0.00000000      0.00000000      0.00000000      0.00000000      0.06364795      0.92823852      0.00075591      5.65881719      0.04628231      1.51163718      0.99982774      0.61987051      0.47718981      0.47718981      0.54488028      0.84982318      3.90000000    -10.00000000
    -23.71237458      0.00000000      0.00000000      0.00000000      0.00000000      0.06290969      0.96928378      0.00072319      6.37470680      0.04479847      1.52131856      0.99982774      0.62362203      0.47651908      0.47651908      0.54624706      0.86440139      3.90000000    -10.00000000
    -23.87959866      0.00000000      0.00000000      0.00000000      0.00000000      0.06213072      1.01039609      0.00069208      7.14875240      0.04340848      1.53096183      0.99982774      0.62732058      0.47586988      0.47586988      0.54754783      0.87728183      3.90000000    -10.00000000
    -24.04682274      0.00000000      0.00000000      0.00000000      0.00000000      0.06131326      1.05157307      0.00066248      7.98278163      0.04210621      1.54055976      0.99982774      0.63098316      0.47524371      0.47524371      0.54882538      0.88867591      3.90000000    -10.00000000
    -24.21404682      0.00000000      0.00000000      0.00000000      0.00000000      0.06045958      1.09281238      0.00063432      8.87849069      0.04088590      1.55010524      0.99982774      0.63458798      0.47463918      0.47463918      0.55007717      0.89876996      3.90000000    -10.00000000
    -24.38127090      0.00000000      0.00000000      0.00000000      0.00000000      0.05957208      1.13411161      0.00060753      9.83743466      0.03974214      1.55959136      0.99982774      0.63813687      0.47405911      0.47405911      0.55130227      0.90772724      3.90000000    -10.00000000
    -24.54849498      0.00000000      0.00000000      0.00000000      0.00000000      0.05865318      1.17546837      0.00058202     10.86101984      0.03866988      1.56901137      0.99982774      0.64162779      0.47350135      0.47350135      0.55249993      0.91569022      3.90000000    -10.00000000
    -24.71571906      0.00000000      0.00000000      0.00000000      0.00000000      0.05770536      1.21688024      0.00055773     11.95049836      0.03766441      1.57835874      0.99982774      0.64506099      0.47297260      0.47297260      0.55366701      0.92278289      3.90000000    -10.00000000
    -24.88294314      0.00000000      0.00000000      0.00000000      0.00000000      0.05673112      1.25834489      0.00053458     13.10696440      0.03672136      1.58762714      0.99982774      0.64843160      0.47247076      0.47247076      0.55480820      0.92911303      3.90000000    -10.00000000
    -25.05016722      0.00000000      0.00000000      0.00000000      0.00000000      0.05573297      1.29986000      0.00051252     14.33135138      0.03583666      1.59681051      0.99982774      0.65174526      0.47199686      0.47199686      0.55591627      0.93477418      3.90000000    -10.00000000
    -25.21739130      0.00000000      0.00000000      0.00000000      0.00000000      0.05471340      1.34142339      0.00049149     15.62442903      0.03500653      1.60590302      0.99982774      0.65498910      0.47154827      0.47154827      0.55699344      0.93984756      3.90000000    -10.00000000
    -25.38461538      0.00000000      0.00000000      0.00000000      0.00000000      0.05367491      1.38303294      0.00047143     16.98680034      0.03422748      1.61489910      0.99982774      0.65816581      0.47112575      0.47112575      0.55803856      0.94440367      3.90000000    -10.00000000
    -25.55183946      0.00000000      0.00000000      0.00000000      0.00000000      0.05261993      1.42468661      0.00045229     18.41889808      0.03349628      1.62379348      0.99982774      0.66127367      0.47073005      0.47073005      0.55905006      0.94850377      3.90000000    -10.00000000
    -25.71906355      0.00000000      0.00000000      0.00000000      0.00000000      0.05155090      1.46638246      0.00043402     19.92098113      0.03280993      1.63258116      0.99982774      0.66427612      0.47036087      0.47036087      0.56003612      0.95220109      3.90000000    -10.00000000
    -25.88628763      0.00000000      0.00000000      0.00000000      0.00000000      0.05047017      1.50811863      0.00041658     21.49313044      0.03216569      1.64125744      0.99982774      0.66728755      0.47001808      0.47001808      0.56097530      0.95554198      3.90000000    -10.00000000
    -26.05351171      0.00000000      0.00000000      0.00000000      0.00000000      0.04938004      1.54989334      0.00039992     23.13524517      0.03156102      1.64981790      0.99982774      0.67017362      0.46970168      0.46970168      0.56188632      0.95856682      3.90000000    -10.00000000
    -26.22073579      0.00000000      0.00000000      0.00000000      0.00000000      0.04828276      1.59170486      0.00038401     24.84703877      0.03099360      1.65825846      0.99982774      0.67304424      0.46941140      0.46941140      0.56276460      0.96131085      3.90000000    -10.00000000
    -26.38795987      0.00000000      0.00000000      0.00000000      0.00000000      0.04718050      1.63355158      0.00036879     26.62803481      0.03046128      1.66657533      0.99982774      0.67570588      0.46914700      0.46914700      0.56360758      0.96380488      3.90000000    -10.00000000
    -26.55518395      0.00000000      0.00000000      0.00000000      0.00000000      0.04607534      1.67543191      0.00035425     28.47756310      0.02996210      1.67476502      0.99982774      0.67833630      0.46890811      0.46890811      0.56441719      0.96607589      3.90000000    -10.00000000
    -26.72240803      0.00000000      0.00000000      0.00000000      0.00000000      0.04496930      1.71734436      0.00034035     30.39475532      0.02949427      1.68282436      0.99982774      0.68089917      0.46869620      0.46869620      0.56519130      0.96814755      3.90000000    -10.00000000
    -26.88963211      0.00000000      0.00000000      0.00000000      0.00000000      0.04386428      1.75928747      0.00032706     32.37854071      0.02905614      1.69075051      0.99982774      0.68338883      0.46850406      0.46850406      0.56593074      0.97004063      3.90000000    -10.00000000
    -27.05685619      0.00000000      0.00000000      0.00000000      0.00000000      0.04276213      1.80125987      0.00031434     34.42764066      0.02864620      1.69854090      0.99982774      0.68580324      0.46833968      0.46833968      0.56663684      0.97177345      3.90000000    -10.00000000
    -27.22408027      0.00000000      0.00000000      0.00000000      0.00000000      0.04166456      1.84326022      0.00030218     36.54056469      0.02826308      1.70619329      0.99982774      0.68813884      0.46819794      0.46819794      0.56730873      0.97336215      3.90000000    -10.00000000
    -27.39130435      0.00000000      0.00000000      0.00000000      0.00000000      0.04057322      1.88528725      0.00029054     38.71560450      0.02790555      1.71370573      0.99982774      0.69058843      0.46807905      0.46807905      0.56794677      0.97482098      3.90000000    -10.00000000
    -27.55852843      0.00000000      0.00000000      0.00000000      0.00000000      0.03948963      1.92733971      0.00027940     40.95082974      0.02757245      1.72107656      0.99982774      0.69258762      0.46798246      0.46798246      0.56855285      0.97616257      3.90000000    -10.00000000
    -27.72575251      0.00000000      0.00000000      0.00000000      0.00000000      0.03841525      1.96941644      0.00026875     43.24408222      0.02726277      1.72830440      0.99982774      0.69469605      0.46790737      0.46790737      0.56904367      0.97739811      3.90000000    -10.00000000
    -27.89297659      0.00000000      0.00000000      0.00000000      0.00000000      0.03735142      2.01151628      0.00025855     45.59297208      0.02697558      1.73538817      0.99982774      0.69672761      0.46785313      0.46785313      0.56966313      0.97853754      3.90000000    -10.00000000
    -28.06020067      0.00000000      0.00000000      0.00000000      0.00000000      0.03629936      2.05363815      0.00024880     47.99487545      0.02671004      1.74232704      0.99982774      0.69870487      0.46781888      0.46781888      0.57016983      0.97958970      3.90000000    -10.00000000
    -28.22742475      0.00000000      0.00000000      0.00000000      0.00000000      0.03526024      2.09578099      0.00023946     50.44693109      0.02646541      1.74912045      0.99982774      0.70056262      0.46780451      0.46780451      0.57063901      0.98056249      3.90000000    -10.00000000
    -28.39464883      0.00000000      0.00000000      0.00000000      0.00000000      0.03423509      2.13794378      0.00023053     52.94604128      0.02624101      1.75576807      0.99982774      0.70236663      0.46780744      0.46780744      0.57108507      0.98146296      3.90000000    -10.00000000
    -28.56187291      0.00000000      0.00000000      0.00000000      0.00000000      0.03322488      2.18012554      0.00022198     55.48892902      0.02603623      1.76226983      0.99982774      0.70409776      0.46782899      0.46782899      0.57150466      0.98229742      3.90000000    -10.00000000
    -28.72909699      0.00000000      0.00000000      0.00000000      0.00000000      0.03223046      2.22232535      0.00021380     58.07206111      0.02585054      1.76862590      0.99982774      0.70575582      0.46786756      0.46786756      0.57188308      0.98307152      3.90000000    -10.00000000
    -28.89632107      0.00000000      0.00000000      0.00000000      0.00000000      0.03125255      2.26454630      0.00020595     60.69787028      0.02568091      1.77483664      0.99982774      0.70733962      0.46792327      0.46792327      0.57234241      0.98379199      3.90000000    -10.00000000
    -29.06354515      0.00000000      0.00000000      0.00000000      0.00000000      0.03029201      2.30677553      0.00019849     63.34300907      0.02553486      1.78090263      0.99982774      0.70885227      0.46799444      0.46799444      0.57256875      0.98445830      3.90000000    -10.00000000
    -29.23076923      0.00000000      0.00000000      0.00000000      0.00000000      0.02934928      2.34902424      0.00019133     66.02298922      0.02540395      1.78682465      0.99982774      0.71031908      0.46808038      0.46808038      0.57286667      0.98507975      3.90000000    -10.00000000
    -29.39799331      0.00000000      0.00000000      0.00000000      0.00000000      0.02842493      2.39128766      0.00018447     68.72683876      0.02529058      1.79260364      0.99982774      0.71166578      0.46818026      0.46818026      0.57314308      0.98565832      3.90000000    -10.00000000
    -29.56521739      0.00000000      0.00000000      0.00000000      0.00000000      0.02751941      2.43356505      0.00017792     71.45020168      0.02519440      1.79824075      0.99982774      0.71296848      0.46829340      0.46829340      0.57338135      0.98619742      3.90000000    -10.00000000
    -29.73244147      0.00000000      0.00000000      0.00000000      0.00000000      0.02663311      2.47585574      0.00017165     74.18810146      0.02511527      1.80373726      0.99982774      0.71419723      0.46841900      0.46841900      0.57360010      0.98670002      3.90000000    -10.00000000
    -29.89966555      0.00000000      0.00000000      0.00000000      0.00000000      0.02576632      2.51815911      0.00016565     76.93635953      0.02505280      1.80909461      0.99982774      0.71537248      0.46855635      0.46855635      0.57379352      0.98716902      3.90000000    -10.00000000
    -30.06688963      0.00000000      0.00000000      0.00000000      0.00000000      0.02491928      2.56047456      0.00015991     79.68989626      0.02500686      1.81431438      0.99982774      0.71645661      0.46870474      0.46870474      0.57384934      0.98760687      3.90000000    -10.00000000
    -30.23411371      0.00000000      0.00000000      0.00000000      0.00000000      0.02409218      2.60280157      0.00015442     82.44427219      0.02497716      1.81939826      0.99982774      0.71751526      0.46886349      0.46886349      0.57410692      0.98801595      3.90000000    -10.00000000
    -30.40133779      0.00000000      0.00000000      0.00000000      0.00000000      0.02328514      2.64513967      0.00014916     85.19486109      0.02496349      1.82434808      0.99982774      0.71849167      0.46903188      0.46903188      0.57422958      0.98839838      3.90000000    -10.00000000
    -30.56856187      0.00000000      0.00000000      0.00000000      0.00000000      0.02249821      2.68748679      0.00014415     87.92756242      0.02496831      1.82916575      0.99982774      0.71942957      0.46920925      0.46920925      0.57432251      0.98875489      3.90000000    -10.00000000
    -30.73578595      0.00000000      0.00000000      0.00000000      0.00000000      0.02173143      2.72984749      0.00013932     90.66680256      0.02498331      1.83385329      0.99982774      0.72026073      0.46939494      0.46939494      0.57442039      0.98909093      3.90000000    -10.00000000
    -30.90301003      0.00000000      0.00000000      0.00000000      0.00000000      0.02098476      2.77221651      0.00013471     93.37966443      0.02501632      1.83841281      0.99982774      0.72105646      0.46958842      0.46958842      0.57446657      0.98940450      3.90000000    -10.00000000
    -31.07023411      0.00000000      0.00000000      0.00000000      0.00000000      0.02025813      2.81459523      0.00013030     96.07191828      0.02506438      1.84284647      0.99982774      0.72179464      0.46978893      0.46978893      0.57453197      0.98969836      3.90000000    -10.00000000
    -31.23745819      0.00000000      0.00000000      0.00000000      0.00000000      0.01955142      2.85698342      0.00012607     98.73997563      0.02512719      1.84715652      0.99982774      0.72247639      0.46999599      0.46999599      0.57451180      0.98997393      3.90000000    -10.00000000
    -31.40468227      0.00000000      0.00000000      0.00000000      0.00000000      0.01886448      2.89938088      0.00012201    101.38053808      0.02520446      1.85134525      0.99982774      0.72310429      0.47020906      0.47020906      0.57453498      0.99023252      3.90000000    -10.00000000
    -31.57190635      0.00000000      0.00000000      0.00000000      0.00000000      0.01819714      2.94178748      0.00011812    103.99062122      0.02529589      1.85541501      0.99982774      0.72367772      0.47042741      0.47042741      0.57449745      0.99047534      3.90000000    -10.00000000
    -31.73913043      0.00000000      0.00000000      0.00000000      0.00000000      0.01754917      2.98420308      0.00011439    106.56760426      0.02540113      1.85936818      0.99982774      0.72419962      0.47065075      0.47065075      0.57447058      0.99070352      3.90000000    -10.00000000
    -31.90635452      0.00000000      0.00000000      0.00000000      0.00000000      0.01692035      3.02662759      0.00011081    109.10919411      0.02551985      1.86320719      0.99982774      0.72467087      0.47087877      0.47087877      0.57441946      0.99091811      3.90000000    -10.00000000
    -32.07357860      0.00000000      0.00000000      0.00000000      0.00000000      0.01631040      3.06906093      0.00010736    111.61342648      0.02565170      1.86693447      0.99982774      0.72509139      0.47111006      0.47111006      0.57435261      0.99112006      3.90000000    -10.00000000
    -32.24080268      0.00000000      0.00000000      0.00000000      0.00000000      0.01571904      3.11150303      0.00010405    114.07864564      0.02579631      1.87055249      0.99982774      0.72546605      0.47134512      0.47134512      0.57427101      0.99131029      3.90000000    -10.00000000
    -32.40802676      0.00000000      0.00000000      0.00000000      0.00000000      0.01514596      3.15395384      0.00010087    116.50348310      0.02595334      1.87406372      0.99982774      0.72579198      0.47158305      0.47158305      0.57417379      0.99148961      3.90000000    -10.00000000
    -32.57525084      0.00000000      0.00000000      0.00000000      0.00000000      0.01459085      3.19641330      0.00009781    118.88684209      0.02612243      1.87747064      0.99982774      0.72607490      0.47182380      0.47182380      0.57405422      0.99165880      3.90000000    -10.00000000
    -32.74247492      0.00000000      0.00000000      0.00000000      0.00000000      0.01405336      3.23888200      0.00009485    121.23081917      0.02630260      1.88077573      0.99982774      0.72628158      0.47206659      0.47206659      0.57393945      0.99181876      3.90000000    -10.00000000
    -32.90969900      0.00000000      0.00000000      0.00000000      0.00000000      0.01353316      3.28135852      0.00009201    123.52866795      0.02649483      1.88398148      0.99982774      0.72650897      0.47231113      0.47231113      0.57380272      0.99196972      3.90000000    -10.00000000
    -33.07692308      0.00000000      0.00000000      0.00000000      0.00000000      0.01302987      3.32384347      0.00008927    125.78301905      0.02669812      1.88709034      0.99982774      0.72666260      0.47255699      0.47255699      0.57365456      0.99211251      3.90000000    -10.00000000
    -33.24414716      0.00000000      0.00000000      0.00000000      0.00000000      0.01254314      3.36633496      0.00008663    127.97566795      0.02691589      1.89010478      0.99982774      0.72677644      0.47280363      0.47280363      0.57349451      0.99224660      3.90000000    -10.00000000
    -33.41137124      0.00000000      0.00000000      0.00000000      0.00000000      0.01207258      3.40883664      0.00008408    130.14317216      0.02714017      1.89302722      0.99982774      0.72684904      0.47304853      0.47304853      0.57332445      0.99237475      3.90000000    -10.00000000
    -33.57859532      0.00000000      0.00000000      0.00000000      0.00000000      0.01161782      3.45134641      0.00008161    132.26628778      0.02737470      1.89586009      0.99982774      0.72688807      0.47329881      0.47329881      0.57314371      0.99249623      3.90000000    -10.00000000
    -33.74581940      0.00000000      0.00000000      0.00000000      0.00000000      0.01117848      3.49386422      0.00007921    134.37152110      0.02761381      1.89860578      0.99982774      0.72689625      0.47354924      0.47354924      0.57295272      0.99261292      3.90000000    -10.00000000
    -33.91304348      0.00000000      0.00000000      0.00000000      0.00000000      0.01075416      3.53638960      0.00007692    136.37913825      0.02787365      1.90126665      0.99982774      0.72686464      0.47379965      0.47379965      0.57275225      0.99272087      3.90000000    -10.00000000
    -34.08026756      0.00000000      0.00000000      0.00000000      0.00000000      0.01034448      3.57892387      0.00007468    138.38156736      0.02813508      1.90384504      0.99982774      0.72679604      0.47404980      0.47404980      0.57254420      0.99282545      3.90000000    -10.00000000
    -34.24749164      0.00000000      0.00000000      0.00000000      0.00000000      0.00994905      3.62146311      0.00007253    140.31349146      0.02841124      1.90634324      0.99982774      0.72669852      0.47429948      0.47429948      0.57232660      0.99292353      3.90000000    -10.00000000
    -34.41471572      0.00000000      0.00000000      0.00000000      0.00000000      0.00956748      3.66401071      0.00007045    142.21351830      0.02869420      1.90876352      0.99982774      0.72654431      0.47454847      0.47454847      0.57211239      0.99301742      3.90000000    -10.00000000
    -34.58193980      0.00000000      0.00000000      0.00000000      0.00000000      0.00919939      3.70656527      0.00006843    144.06911163      0.02898638      1.91110812      0.99982774      0.72641018      0.47479654      0.47479654      0.57186791      0.99310673      3.90000000    -10.00000000
    -34.74916388      0.00000000      0.00000000      0.00000000      0.00000000      0.00884440      3.74912639      0.00006647    145.87865882      0.02928801      1.91337922      0.99982774      0.72622181      0.47504391      0.47504391      0.57162917      0.99319166      3.90000000    -10.00000000
    -34.91638796      0.00000000      0.00000000      0.00000000      0.00000000      0.00850211      3.79169476      0.00006457    147.65278143      0.02959693      1.91557897      0.99982774      0.72600558      0.47528927      0.47528927      0.57138340      0.99327291      3.90000000    -10.00000000
    -35.08361204      0.00000000      0.00000000      0.00000000      0.00000000      0.00817217      3.83426835      0.00006274    149.37118535      0.02991711      1.91770948      0.99982774      0.72576167      0.47553367      0.47553367      0.57113100      0.99334979      3.90000000    -10.00000000
    -35.25083612      0.00000000      0.00000000      0.00000000      0.00000000      0.00785420      3.87684759      0.00006096    151.04307673      0.03024671      1.91977283      0.99982774      0.72549238      0.47577634      0.47577634      0.57087313      0.99342292      3.90000000    -10.00000000
    -35.41806020      0.00000000      0.00000000      0.00000000      0.00000000      0.00754782      3.91943213      0.00005924    152.66385420      0.03058663      1.92177103      0.99982774      0.72519418      0.47601737      0.47601737      0.57060966      0.99349229      3.90000000    -10.00000000
    -35.58528428      0.00000000      0.00000000      0.00000000      0.00000000      0.00725269      3.96202276      0.00005757    154.25099666      0.03093339      1.92370606      0.99982774      0.72468247      0.47625652      0.47625652      0.57034149      0.99355882      3.90000000    -10.00000000
    -35.75250836      0.00000000      0.00000000      0.00000000      0.00000000      0.00696845      4.00461750      0.00005596    155.77979335      0.03129194      1.92557987      0.99982774      0.72453788      0.47649368      0.47649368      0.57006847      0.99362163      3.90000000    -10.00000000
    -35.91973244      0.00000000      0.00000000      0.00000000      0.00000000      0.00669474      4.04721723      0.00005439    157.26745960      0.03165889      1.92739434      0.99982774      0.72418056      0.47672867      0.47672867      0.56979114      0.99368158      3.90000000    -10.00000000
    -36.08695652      0.00000000      0.00000000      0.00000000      0.00000000      0.00643123      4.08982121      0.00005287    158.71644659      0.03203378      1.92915133      0.99982774      0.72378876      0.47696129      0.47696129      0.56950978      0.99373890      3.90000000    -10.00000000
    -36.25418060      0.00000000      0.00000000      0.00000000      0.00000000      0.00617758      4.13242915      0.00005139    160.10821324      0.03242043      1.93085262      0.99982774      0.72338292      0.47719116      0.47719116      0.56946547      0.99379299      3.90000000    -10.00000000
    -36.42140468      0.00000000      0.00000000      0.00000000      0.00000000      0.00593347      4.17504070      0.00004997    161.45163935      0.03281712      1.93249999      0.99982774      0.72295594      0.47741720      0.47741720      0.56893701      0.99384432      3.90000000    -10.00000000
    -36.58862876      0.00000000      0.00000000      0.00000000      0.00000000      0.00569858      4.21765556      0.00004858    162.74659080      0.03322399      1.93409514      0.99982774      0.72251424      0.47764457      0.47764457      0.56864412      0.99389300      3.90000000    -10.00000000
    -36.75585284      0.00000000      0.00000000      0.00000000      0.00000000      0.00547259      4.26027338      0.00004724    163.98611517      0.03364259      1.93563974      0.99982774      0.72205468      0.47786932      0.47786932      0.56835012      0.99393888      3.90000000    -10.00000000
    -36.92307692      0.00000000      0.00000000      0.00000000      0.00000000      0.00525520      4.30289385      0.00004594    165.18914922      0.03406915      1.93713542      0.99982774      0.72157462      0.47809115      0.47809115      0.56805308      0.99398276      3.90000000    -10.00000000
    -37.09030100      0.00000000      0.00000000      0.00000000      0.00000000      0.00504611      4.34551663      0.00004468    166.33589108      0.03450789      1.93858375      0.99982774      0.72108246      0.47830847      0.47830847      0.56775359      0.99402400      3.90000000    -10.00000000
    -37.25752508      0.00000000      0.00000000      0.00000000      0.00000000      0.00484504      4.38814140      0.00004346    167.43240212      0.03495773      1.93998627      0.99982774      0.72057616      0.47852738      0.47852738      0.56745158      0.99406290      3.90000000    -10.00000000
    -37.42474916      0.00000000      0.00000000      0.00000000      0.00000000      0.00465170      4.43076784      0.00004228    168.47830040      0.03541894      1.94134447      0.99982774      0.72005293      0.47874368      0.47874368      0.56714859      0.99409954      3.90000000    -10.00000000
    -37.59197324      0.00000000      0.00000000      0.00000000      0.00000000      0.00446582      4.47339563      0.00004113    169.47321220      0.03589179      1.94265981      0.99982774      0.71952017      0.47895735      0.47895735      0.56684332      0.99413398      3.90000000    -10.00000000
    -37.75919732      0.00000000      0.00000000      0.00000000      0.00000000      0.00428713      4.51602443      0.00004002    170.41674804      0.03637657      1.94393369      0.99982774      0.71897189      0.47916836      0.47916836      0.56653697      0.99416626      3.90000000    -10.00000000
    -37.92642140      0.00000000      0.00000000      0.00000000      0.00000000      0.00411537      4.55865392      0.00003894    171.30860100      0.03687360      1.94516748      0.99982774      0.71840890      0.47937670      0.47937670      0.56622835      0.99419646      3.90000000    -10.00000000
    -38.09364548      0.00000000      0.00000000      0.00000000      0.00000000      0.00395030      4.60128380      0.00003789    172.14853071      0.03738318      1.94636251      0.99982774      0.71783695      0.47958237      0.47958237      0.56592075      0.99422461      3.90000000    -10.00000000
    -38.26086957      0.00000000      0.00000000      0.00000000      0.00000000      0.00379167      4.64391373      0.00003688    172.93610717      0.03790566      1.94752005      0.99982774      0.71744902      0.47978535      0.47978535      0.56561096      0.99425076      3.90000000    -10.00000000
    -38.42809365      0.00000000      0.00000000      0.00000000      0.00000000      0.00363925      4.68654341      0.00003590    173.67120373      0.03844138      1.94864138      0.99982774      0.71665660      0.47998564      0.47998564      0.56529987      0.99427496      3.90000000    -10.00000000
    -38.59531773      0.00000000      0.00000000      0.00000000      0.00000000      0.00349280      4.72917250      0.00003495    174.35344187      0.03899072      1.94972769      0.99982774      0.71609113      0.48018325      0.48018325      0.56498877      0.99429723      3.90000000    -10.00000000
    -38.76254181      0.00000000      0.00000000      0.00000000      0.00000000      0.00335211      4.77180069      0.00003402    174.98276472      0.03955404      1.95078016      0.99982774      0.71543889      0.48037818      0.48037818      0.56468794      0.99431763      3.90000000    -10.00000000
    -38.92976589      0.00000000      0.00000000      0.00000000      0.00000000      0.00321696      4.81442766      0.00003313    175.55884182      0.04013175      1.95179992      0.99982774      0.71481508      0.48057043      0.48057043      0.56436585      0.99433617      3.90000000    -10.00000000
    -39.09698997      0.00000000      0.00000000      0.00000000      0.00000000      0.00308715      4.85705311      0.00003226    176.08167173      0.04072425      1.95278807      0.99982774      0.71418269      0.48076002      0.48076002      0.56405359      0.99435289      3.90000000    -10.00000000
    -39.26421405      0.00000000      0.00000000      0.00000000      0.00000000      0.00296247      4.89967670      0.00003142    176.55110218      0.04133195      1.95374569      0.99982774      0.71354389      0.48094695      0.48094695      0.56374186      0.99436782      3.90000000    -10.00000000
    -39.43143813      0.00000000      0.00000000      0.00000000      0.00000000      0.00284273      4.94229812      0.00003061    176.96702283      0.04195532      1.95467379      0.99982774      0.71289431      0.48113125      0.48113125      0.56343063      0.99438098      3.90000000    -10.00000000
    -39.59866221      0.00000000      0.00000000      0.00000000      0.00000000      0.00272774      4.98491705      0.00002981    177.32934698      0.04259482      1.95557339      0.99982774      0.71224055      0.48131292      0.48131292      0.56311911      0.99439240      3.90000000    -10.00000000
    -39.76588629      0.00000000      0.00000000      0.00000000      0.00000000      0.00261733      5.02753318      0.00002905    177.63821523      0.04325089      1.95644544      0.99982774      0.71157753      0.48149199      0.48149199      0.56280744      0.99440209      3.90000000    -10.00000000
    -39.93311037      0.00000000      0.00000000      0.00000000      0.00000000      0.00251131      5.07014619      0.00002831    177.89358586      0.04392403      1.95729089      0.99982774      0.71090943      0.48166848      0.48166848      0.56249420      0.99441008      3.90000000    -10.00000000
    -40.10033445      0.00000000      0.00000000      0.00000000      0.00000000      0.00240952      5.11275575      0.00002759    178.09555150      0.04461476      1.95811063      0.99982774      0.71023609      0.48184239      0.48184239      0.56218648      0.99441639      3.90000000    -10.00000000
    -40.26755853      0.00000000      0.00000000      0.00000000      0.00000000      0.00231180      5.15536154      0.00002689    178.24422548      0.04532359      1.95890554      0.99982774      0.70955734      0.48201379      0.48201379      0.56187670      0.99442102      3.90000000    -10.00000000
    -40.43478261      0.00000000      0.00000000      0.00000000      0.00000000      0.00221799      5.19796323      0.00002621    178.33973625      0.04605108      1.95967646      0.99982774      0.70887334      0.48218266      0.48218266      0.56156787      0.99442399      3.90000000    -10.00000000
    -40.60200669      0.00000000      0.00000000      0.00000000      0.00000000      0.00212794      5.24056052      0.00002555    178.38231624      0.04679777      1.96042422      0.99982774      0.70818488      0.48234904      0.48234904      0.56137312      0.99442531      3.90000000    -10.00000000
    -40.76923077      0.00000000      0.00000000      0.00000000      0.00000000      0.00204150      5.28315305      0.00002492    178.37214611      0.04756427      1.96114959      0.99982774      0.70749210      0.48251296      0.48251296      0.56095364      0.99442500      3.90000000    -10.00000000
    -40.93645485      0.00000000      0.00000000      0.00000000      0.00000000      0.00195853      5.32574050      0.00002430    178.30953724      0.04835116      1.96185335      0.99982774      0.70679508      0.48267447      0.48267447      0.56064779      0.99442305      3.90000000    -10.00000000
    -41.10367893      0.00000000      0.00000000      0.00000000      0.00000000      0.00187889      5.36832255      0.00002370    178.19484139      0.04915906      1.96253623      0.99982774      0.70609495      0.48283353      0.48283353      0.56034282      0.99441948      3.90000000    -10.00000000
    -41.27090301      0.00000000      0.00000000      0.00000000      0.00000000      0.00180247      5.41089885      0.00002312    178.02836207      0.04998862      1.96319894      0.99982774      0.70525510      0.48299023      0.48299023      0.56003911      0.99441429      3.90000000    -10.00000000
    -41.43812709      0.00000000      0.00000000      0.00000000      0.00000000      0.00172912      5.45346906      0.00002256    177.81049702      0.05084050      1.96384218      0.99982774      0.70468700      0.48314459      0.48314459      0.55973617      0.99440749      3.90000000    -10.00000000
    -41.60535117      0.00000000      0.00000000      0.00000000      0.00000000      0.00165873      5.49603285      0.00002201    177.54169969      0.05171539      1.96446659      0.99982774      0.70397449      0.48329663      0.48329663      0.55943515      0.99439907      3.90000000    -10.00000000
    -41.77257525      0.00000000      0.00000000      0.00000000      0.00000000      0.00159119      5.53858985      0.00002148    177.22241620      0.05261399      1.96507284      0.99982774      0.70326598      0.48344638      0.48344638      0.55913529      0.99438903      3.90000000    -10.00000000
    -41.93979933      0.00000000      0.00000000      0.00000000      0.00000000      0.00152637      5.58113973      0.00002097    176.85319769      0.05353704      1.96566152      0.99982774      0.70255263      0.48359388      0.48359388      0.55883811      0.99437739      3.90000000    -10.00000000
    -42.10702341      0.00000000      0.00000000      0.00000000      0.00000000      0.00146418      5.62368212      0.00002047    176.43456381      0.05448530      1.96623325      0.99982774      0.70183766      0.48373915      0.48373915      0.55853900      0.99436412      3.90000000    -10.00000000
    -42.27424749      0.00000000      0.00000000      0.00000000      0.00000000      0.00140450      5.66621666      0.00001999    175.96714418      0.05545954      1.96678860      0.99982774      0.70112242      0.48388224      0.48388224      0.55824351      0.99434923      3.90000000    -10.00000000
    -42.44147157      0.00000000      0.00000000      0.00000000      0.00000000      0.00134724      5.70874299      0.00001952    175.45154215      0.05646058      1.96732813      0.99982774      0.70040330      0.48402316      0.48402316      0.55794936      0.99433272      3.90000000    -10.00000000
    -42.60869565      0.00000000      0.00000000      0.00000000      0.00000000      0.00129230      5.75126073      0.00001906    174.88843107      0.05748924      1.96785237      0.99982774      0.69968452      0.48416196      0.48416196      0.55765051      0.99431458      3.90000000    -10.00000000
    -42.77591973      0.00000000      0.00000000      0.00000000      0.00000000      0.00123959      5.79376951      0.00001862    174.27851150      0.05854639      1.96836184      0.99982774      0.69896477      0.48429866      0.48429866      0.55736535      0.99429479      3.90000000    -10.00000000
    -42.94314381      0.00000000      0.00000000      0.00000000      0.00000000      0.00118902      5.83626766      0.00001820    173.61582048      0.05963519      1.96885704      0.99982774      0.69824449      0.48443326      0.48443326      0.55707569      0.99427314      3.90000000    -10.00000000
    -43.11036789      0.00000000      0.00000000      0.00000000      0.00000000      0.00114051      5.87875864      0.00001778    172.92123905      0.06074974      1.96933846      0.99982774      0.69752367      0.48456591      0.48456591      0.55678774      0.99425027      3.90000000    -10.00000000
    -43.27759197      0.00000000      0.00000000      0.00000000      0.00000000      0.00109397      5.92123821      0.00001738    172.17545405      0.06189782      1.96980656      0.99982774      0.69680224      0.48469651      0.48469651      0.55650148      0.99422551      3.90000000    -10.00000000
    -43.44481605      0.00000000      0.00000000      0.00000000      0.00000000      0.00104932      5.96370723      0.00001698    171.38603710      0.06307811      1.97026179      0.99982774      0.69608118      0.48482515      0.48482515      0.55621658      0.99419907      3.90000000    -10.00000000
    -43.61204013      0.00000000      0.00000000      0.00000000      0.00000000      0.00100648      6.00616530      0.00001660    170.55383673      0.06429165      1.97070459      0.99982774      0.69536150      0.48495186      0.48495186      0.55593375      0.99417093      3.90000000    -10.00000000
    -43.77926421      0.00000000      0.00000000      0.00000000      0.00000000      0.00096539      6.04861200      0.00001624    169.67975911      0.06553947      1.97113537      0.99982774      0.69464031      0.48507665      0.48507665      0.55565243      0.99414107      3.90000000    -10.00000000
    -43.94648829      0.00000000      0.00000000      0.00000000      0.00000000      0.00092598      6.09104691      0.00001588    168.76473469      0.06682265      1.97155454      0.99982774      0.69391879      0.48519959      0.48519959      0.55537290      0.99410950      3.90000000    -10.00000000
    -44.11371237      0.00000000      0.00000000      0.00000000      0.00000000      0.00088817      6.13346957      0.00001553    167.80970847      0.06814231      1.97196248      0.99982774      0.69320089      0.48532068      0.48532068      0.55509516      0.99407617      3.90000000    -10.00000000
    -44.28093645      0.00000000      0.00000000      0.00000000      0.00000000      0.00085190      6.17587956      0.00001519    166.81567214      0.06949960      1.97235958      0.99982774      0.69248172      0.48543996      0.48543996      0.55481915      0.99404108      3.90000000    -10.00000000
    -44.44816054      0.00000000      0.00000000      0.00000000      0.00000000      0.00081711      6.21827641      0.00001487    165.78362708      0.07089570      1.97274619      0.99982774      0.69176830      0.48555936      0.48555936      0.55454456      0.99400421      3.90000000    -10.00000000
    -44.61538462      0.00000000      0.00000000      0.00000000      0.00000000      0.00078374      6.26065967      0.00001455    164.71462521      0.07233184      1.97312266      0.99982774      0.69104687      0.48567321      0.48567321      0.55427249      0.99396553      3.90000000    -10.00000000
    -44.78260870      0.00000000      0.00000000      0.00000000      0.00000000      0.00075173      6.30302884      0.00001424    163.60965497      0.07380931      1.97348933      0.99982774      0.69033192      0.48578725      0.48578725      0.55400192      0.99392502      3.90000000    -10.00000000
    -44.94983278      0.00000000      0.00000000      0.00000000      0.00000000      0.00072103      6.34538345      0.00001394    162.46984752      0.07532940      1.97384653      0.99982774      0.68955208      0.48589959      0.48589959      0.55373291      0.99388266      3.90000000    -10.00000000
    -45.11705686      0.00000000      0.00000000      0.00000000      0.00000000      0.00069158      6.38772301      0.00001365    161.29627286      0.07689345      1.97419456      0.99982774      0.68981224      0.48601027      0.48601027      0.55346600      0.99383843      3.90000000    -10.00000000
    -45.28428094      0.00000000      0.00000000      0.00000000      0.00000000      0.00066333      6.43004700      0.00001336    160.09003362      0.07850287      1.97453374      0.99982774      0.68819443      0.48611934      0.48611934      0.55320081      0.99379229      3.90000000    -10.00000000
    -45.45150502      0.00000000      0.00000000      0.00000000      0.00000000      0.00063624      6.47235491      0.00001309    158.85225321      0.08015909      1.97486435      0.99982774      0.68748492      0.48622678      0.48622678      0.55293748      0.99374422      3.90000000    -10.00000000
    -45.61872910      0.00000000      0.00000000      0.00000000      0.00000000      0.00061026      6.51464620      0.00001282    157.58405801      0.08186361      1.97518667      0.99982774      0.68677739      0.48633266      0.48633266      0.55267592      0.99369420      3.90000000    -10.00000000
    -45.78595318      0.00000000      0.00000000      0.00000000      0.00000000      0.00058533      6.55692033      0.00001256    156.28660227      0.08361796      1.97550097      0.99982774      0.68607131      0.48643700      0.48643700      0.55241694      0.99364218      3.90000000    -10.00000000
    -45.95317726      0.00000000      0.00000000      0.00000000      0.00000000      0.00056143      6.59917673      0.00001231    154.96103692      0.08542373      1.97580752      0.99982774      0.68536763      0.48653980      0.48653980      0.55215801      0.99358814      3.90000000    -10.00000000
    -46.12040134      0.00000000      0.00000000      0.00000000      0.00000000      0.00053850      6.64141485      0.00001206    153.60852457      0.08728255      1.97610657      0.99982774      0.68466533      0.48664114      0.48664114      0.55190224      0.99353205      3.90000000    -10.00000000
    -46.28762542      0.00000000      0.00000000      0.00000000      0.00000000      0.00051651      6.68363409      0.00001182    152.23023887      0.08919611      1.97639836      0.99982774      0.68396552      0.48674100      0.48674100      0.55164814      0.99347387      3.90000000    -10.00000000
    -46.45484950      0.00000000      0.00000000      0.00000000      0.00000000      0.00049542      6.72583385      0.00001159    150.82734887      0.09116616      1.97668312      0.99982774      0.68326790      0.48683942      0.48683942      0.55139580      0.99341357      3.90000000    -10.00000000
    -46.62207358      0.00000000      0.00000000      0.00000000      0.00000000      0.00047520      6.76801352      0.00001136    149.40103850      0.09319451      1.97696108      0.99982774      0.68257242      0.48693643      0.48693643      0.55083541      0.99335111      3.90000000    -10.00000000
    -46.78929766      0.00000000      0.00000000      0.00000000      0.00000000      0.00045580      6.81017246      0.00001114    147.95248711      0.09528301      1.97723247      0.99982774      0.68188006      0.48703206      0.48703206      0.55089163      0.99328645      3.90000000    -10.00000000
    -46.95652174      0.00000000      0.00000000      0.00000000      0.00000000      0.00043719      6.85231003      0.00001093    146.48287350      0.09743358      1.97749748      0.99982774      0.68118889      0.48712632      0.48712632      0.55064966      0.99321955      3.90000000    -10.00000000
    -47.12374582      0.00000000      0.00000000      0.00000000      0.00000000      0.00041935      6.89442556      0.00001072    144.99337919      0.09964821      1.97775633      0.99982774      0.68058278      0.48721925      0.48721925      0.55040452      0.99315037      3.90000000    -10.00000000
    -47.29096990      0.00000000      0.00000000      0.00000000      0.00000000      0.00040223      6.93651837      0.00001052    143.48517783      0.10192895      1.97800920      0.99982774      0.67981497      0.48731088      0.48731088      0.55016137      0.99307887      3.90000000    -10.00000000
    -47.45819398      0.00000000      0.00000000      0.00000000      0.00000000      0.00038582      6.97858777      0.00001032    141.95944357      0.10427791      1.97825629      0.99982774      0.67913187      0.48740120      0.48740120      0.54991927      0.99300501      3.90000000    -10.00000000
    -47.62541806      0.00000000      0.00000000      0.00000000      0.00000000      0.00037008      7.02063303      0.00001013    140.41734145      0.10669727      1.97849779      0.99982774      0.67845140      0.48749026      0.48749026      0.54968008      0.99292873      3.90000000    -10.00000000
    -47.79264214      0.00000000      0.00000000      0.00000000      0.00000000      0.00035498      7.06265341      0.00000995    138.86002954      0.10918929      1.97873385      0.99982774      0.67777348      0.48757809      0.48757809      0.54947037      0.99284999      3.90000000    -10.00000000
    -47.95986622      0.00000000      0.00000000      0.00000000      0.00000000      0.00034050      7.10464817      0.00000976    137.28865810      0.11175630      1.97896466      0.99982774      0.67709886      0.48766469      0.48766469      0.54920694      0.99276875      3.90000000    -10.00000000
    -48.12709030      0.00000000      0.00000000      0.00000000      0.00000000      0.00032662      7.14661651      0.00000959    135.70436632      0.11440069      1.97919038      0.99982774      0.67641501      0.48775010      0.48775010      0.54897206      0.99268494      3.90000000    -10.00000000
    -48.29431438      0.00000000      0.00000000      0.00000000      0.00000000      0.00031330      7.18855765      0.00000942    134.10828304      0.11712495      1.97941116      0.99982774      0.67583160      0.48783433      0.48783433      0.54874498      0.99259853      3.90000000    -10.00000000
    -48.46153846      0.00000000      0.00000000      0.00000000      0.00000000      0.00030052      7.23047076      0.00000925    132.50152543      0.11993164      1.97962717      0.99982774      0.67509016      0.48791741      0.48791741      0.54850911      0.99250945      3.90000000    -10.00000000
    -48.62876254      0.00000000      0.00000000      0.00000000      0.00000000      0.00028827      7.27235501      0.00000909    130.88520119      0.12282340      1.97983853      0.99982774      0.67442652      0.48799936      0.48799936      0.54827910      0.99241765      3.90000000    -10.00000000
    -48.79598662      0.00000000      0.00000000      0.00000000      0.00000000      0.00027652      7.31420951      0.00000893    129.26036555      0.12580298      1.98004540      0.99982774      0.67376716      0.48808019      0.48808019      0.54801066      0.99232307      3.90000000    -10.00000000
    -48.96321070      0.00000000      0.00000000      0.00000000      0.00000000      0.00026526      7.35603339      0.00000877    127.62812991      0.12887316      1.98024792      0.99982774      0.67310667      0.48815994      0.48815994      0.54782697      0.99222565      3.90000000    -10.00000000
    -49.13043478      0.00000000      0.00000000      0.00000000      0.00000000      0.00025445      7.39782574      0.00000862    125.98953091      0.13203688      1.98044621      0.99982774      0.67245273      0.48823861      0.48823861      0.54760321      0.99212534      3.90000000    -10.00000000
    -49.29765886      0.00000000      0.00000000      0.00000000      0.00000000      0.00024408      7.43958560      0.00000847    124.34560613      0.13529712      1.98064040      0.99982774      0.67180089      0.48831623      0.48831623      0.54738114      0.99202206      3.90000000    -10.00000000
    -49.46488294      0.00000000      0.00000000      0.00000000      0.00000000      0.00023414      7.48131202      0.00000833    122.69737153      0.13865700      1.98083061      0.99982774      0.67085835      0.48839282      0.48839282      0.54715995      0.99191575      3.90000000    -10.00000000
    -49.63210702      0.00000000      0.00000000      0.00000000      0.00000000      0.00022461      7.52300401      0.00000819    121.04582488      0.14211970      1.98101697      0.99982774      0.67050603      0.48846837      0.48846837      0.54694179      0.99180636      3.90000000    -10.00000000
    -49.79933110      0.00000000      0.00000000      0.00000000      0.00000000      0.00021547      7.56466054      0.00000806    119.39194259      0.14568854      1.98119959      0.99982774      0.66986318      0.48854298      0.48854298      0.54672496      0.99169380      3.90000000    -10.00000000
    -49.96655518      0.00000000      0.00000000      0.00000000      0.00000000      0.00020670      7.60628056      0.00000792    117.73667958      0.14936691      1.98137858      0.99982774      0.66922350      0.48861658      0.48861658      0.54650995      0.99157800      3.90000000    -10.00000000
    -50.13377926      0.00000000      0.00000000      0.00000000      0.00000000      0.00019829      7.64786300      0.00000779    116.08097073      0.15315835      1.98155404      0.99982774      0.66858734      0.48868922      0.48868922      0.54629631      0.99145890      3.90000000    -10.00000000
    -50.30100334      0.00000000      0.00000000      0.00000000      0.00000000      0.00019022      7.68940675      0.00000767    114.42572544      0.15706648      1.98172607      0.99982774      0.66795338      0.48876092      0.48876092      0.54608387      0.99133642      3.90000000    -10.00000000
    -50.46822742      0.00000000      0.00000000      0.00000000      0.00000000      0.00018248      7.73091067      0.00000754    112.77183178      0.16109505      1.98189479      0.99982774      0.66732299      0.48883170      0.48883170      0.54587370      0.99121048      3.90000000    -10.00000000
    -50.63545151      0.00000000      0.00000000      0.00000000      0.00000000      0.00017506      7.77237358      0.00000742    111.12015377      0.16524792      1.98206028      0.99982774      0.66669477      0.48890156      0.48890156      0.54566477      0.99108100      3.90000000    -10.00000000
    -50.80267559      0.00000000      0.00000000      0.00000000      0.00000000      0.00016795      7.81379428      0.00000731    109.47153311      0.16952910      1.98222263      0.99982774      0.66607164      0.48897054      0.48897054      0.54545747      0.99094789      3.90000000    -10.00000000
    -50.96989967      0.00000000      0.00000000      0.00000000      0.00000000      0.00016112      7.85517153      0.00000719    107.82678100      0.17394270      1.98238194      0.99982774      0.66544943      0.48903863      0.48903863      0.54525173      0.99081109      3.90000000    -10.00000000
    -51.13712375      0.00000000      0.00000000      0.00000000      0.00000000      0.00015457      7.89650406      0.00000708    106.18669241      0.17849298      1.98253830      0.99982774      0.66483289      0.48910587      0.48910587      0.54506823      0.99067048      3.90000000    -10.00000000
    -51.30434783      0.00000000      0.00000000      0.00000000      0.00000000      0.00014829      7.93779054      0.00000697    104.55203166      0.18318432      1.98269177      0.99982774      0.66421832      0.48917226      0.48917226      0.54484542      0.99052600      3.90000000    -10.00000000
    -51.47157191      0.00000000      0.00000000      0.00000000      0.00000000      0.00014227      7.97902965      0.00000686    102.92353925      0.18802126      1.98284246      0.99982774      0.66360697      0.48923782      0.48923782      0.54464449      0.99037754      3.90000000    -10.00000000
    -51.63879599      0.00000000      0.00000000      0.00000000      0.00000000      0.00013650      8.02021998      0.00000676    101.30193049      0.19300846      1.98299043      0.99982774      0.66299868      0.48930257      0.48930257      0.54444544      0.99022501      3.90000000    -10.00000000
    -51.80602007      0.00000000      0.00000000      0.00000000      0.00000000      0.00013096      8.06136011      0.00000666     99.68789467      0.19815075      1.98313575      0.99982774      0.66239418      0.48936651      0.48936651      0.54424751      0.99006832      3.90000000    -10.00000000
    -51.97324415      0.00000000      0.00000000      0.00000000      0.00000000      0.00012564      8.10244858      0.00000656     98.08209616      0.20345311      1.98327851      0.99982774      0.66179172      0.48942967      0.48942967      0.54405115      0.98990736      3.90000000    -10.00000000
    -52.14046823      0.00000000      0.00000000      0.00000000      0.00000000      0.00012055      8.14348387      0.00000646     96.48517340      0.20892067      1.98341877      0.99982774      0.66119314      0.48949205      0.48949205      0.54385638      0.98974203      3.90000000    -10.00000000
    -52.30769231      0.00000000      0.00000000      0.00000000      0.00000000      0.00011566      8.18446443      0.00000637     94.89773522      0.21455873      1.98355661      0.99982774      0.66073313      0.48955367      0.48955367      0.54366313      0.98957223      3.90000000    -10.00000000
    -52.47491639      0.00000000      0.00000000      0.00000000      0.00000000      0.00011097      8.22538867      0.00000628     93.32038055      0.22037274      1.98369208      0.99982774      0.66000550      0.48961455      0.48961455      0.54347131      0.98939784      3.90000000    -10.00000000
    -52.64214047      0.00000000      0.00000000      0.00000000      0.00000000      0.00010647      8.26625493      0.00000618     91.75365958      0.22636835      1.98382524      0.99982774      0.65939324      0.48967470      0.48967470      0.54328044      0.98921875      3.90000000    -10.00000000
    -52.80936455      0.00000000      0.00000000      0.00000000      0.00000000      0.00010216      8.30706154      0.00000610     90.19811471      0.23255137      1.98395617      0.99982774      0.65883138      0.48973413      0.48973413      0.54309130      0.98903486      3.90000000    -10.00000000
    -52.97658863      0.00000000      0.00000000      0.00000000      0.00000000      0.00009802      8.34780674      0.00000601     88.65425307      0.23892781      1.98408492      0.99982774      0.65824745      0.48979284      0.48979284      0.54290509      0.98884604      3.90000000    -10.00000000
    -53.14381271      0.00000000      0.00000000      0.00000000      0.00000000      0.00009405      8.38848876      0.00000593     87.12256536      0.24550385      1.98421155      0.99982774      0.65766775      0.48985087      0.48985087      0.54271842      0.98865217      3.90000000    -10.00000000
    -53.31103679      0.00000000      0.00000000      0.00000000      0.00000000      0.00009024      8.42910575      0.00000584     85.60351285      0.25228587      1.98433611      0.99982774      0.65709143      0.48990821      0.48990821      0.54253467      0.98845312      3.90000000    -10.00000000
    -53.47826087      0.00000000      0.00000000      0.00000000      0.00000000      0.00008659      8.46965583      0.00000576     84.09753302      0.25928045      1.98445866      0.99982774      0.65651814      0.48996487      0.48996487      0.54235048      0.98824878      3.90000000    -10.00000000
    -53.64548495      0.00000000      0.00000000      0.00000000      0.00000000      0.00008309      8.51013703      0.00000568     82.60503980      0.26649439      1.98457925      0.99982774      0.65594925      0.49002088      0.49002088      0.54216927      0.98803900      3.90000000    -10.00000000
    -53.81270903      0.00000000      0.00000000      0.00000000      0.00000000      0.00007973      8.55054736      0.00000560     81.12642359      0.27393468      1.98469792      0.99982774      0.65542377      0.49007624      0.49007624      0.54205662      0.98782365      3.90000000    -10.00000000
    -53.97993311      0.00000000      0.00000000      0.00000000      0.00000000      0.00007651      8.59088588      0.00000553     79.66288418      0.28160566      1.98481474      0.99982774      0.65481725      0.49013096      0.49013096      0.54180901      0.98760272      3.90000000    -10.00000000
    -54.14715719      0.00000000      0.00000000      0.00000000      0.00000000      0.00007342      8.63114712      0.00000545     78.21226664      0.28952340      1.98492973      0.99982774      0.65425644      0.49018505      0.49018505      0.54163231      0.98737569      3.90000000    -10.00000000
    -54.31438127      0.00000000      0.00000000      0.00000000      0.00000000      0.00007045      8.67133225      0.00000538     76.77739176      0.29768696      1.98504296      0.99982774      0.65369895      0.49023853      0.49023853      0.54145603      0.98714279      3.90000000    -10.00000000
    -54.48160535      0.00000000      0.00000000      0.00000000      0.00000000      0.00006761      8.71143870      0.00000531     75.35825896      0.30610500      1.98515447      0.99982774      0.65314448      0.49029140      0.49029140      0.54128433      0.98690384      3.90000000    -10.00000000
    -54.64882943      0.00000000      0.00000000      0.00000000      0.00000000      0.00006488      8.75146177      0.00000524     73.95354702      0.31479201      1.98526429      0.99982774      0.65259314      0.49034367      0.49034367      0.54110748      0.98665840      3.90000000    -10.00000000
    -54.81605351      0.00000000      0.00000000      0.00000000      0.00000000      0.00006226      8.79140148      0.00000517     72.56511200      0.32375007      1.98537246      0.99982774      0.65205102      0.49039536      0.49039536      0.54093512      0.98640660      3.90000000    -10.00000000
    -54.98327759      0.00000000      0.00000000      0.00000000      0.00000000      0.00005975      8.83125461      0.00000511     71.19265687      0.33298995      1.98547904      0.99982774      0.65149867      0.49044647      0.49044647      0.54076410      0.98614818      3.90000000    -10.00000000
    -55.15050167      0.00000000      0.00000000      0.00000000      0.00000000      0.00005734      8.87101863      0.00000504     69.83639785      0.34252057      1.98558406      0.99982774      0.65095708      0.49049702      0.49049702      0.54059435      0.98588296      3.90000000    -10.00000000
    -55.31772575      0.00000000      0.00000000      0.00000000      0.00000000      0.00005503      8.91069092      0.00000498     68.49651215      0.35235125      1.98568754      0.99982774      0.64993222      0.49054700      0.49054700      0.54042591      0.98561079      3.90000000    -10.00000000
    -55.48494983      0.00000000      0.00000000      0.00000000      0.00000000      0.00005281      8.95026895      0.00000491     67.17323462      0.36249116      1.98578954      0.99982774      0.65003310      0.49059644      0.49059644      0.54025894      0.98533149      3.90000000    -10.00000000
    -55.65217391      0.00000000      0.00000000      0.00000000      0.00000000      0.00005069      8.98974987      0.00000485     65.86666633      0.37295037      1.98589009      0.99982774      0.65013281      0.49064534      0.49064534      0.54009280      0.98504487      3.90000000    -10.00000000
    -55.81939799      0.00000000      0.00000000      0.00000000      0.00000000      0.00004865      9.02913090      0.00000479     64.57696878      0.38373884      1.98598921      0.99982774      0.64881950      0.49069371      0.49069371      0.53992804      0.98475074      3.90000000    -10.00000000
    -55.98662207      0.00000000      0.00000000      0.00000000      0.00000000      0.00004669      9.06840916      0.00000473     63.30425975      0.39486695      1.98608695      0.99982774      0.64829797      0.49074156      0.49074156      0.53976457      0.98444893      3.90000000    -10.00000000
    -56.15384615      0.00000000      0.00000000      0.00000000      0.00000000      0.00004481      9.10758168      0.00000467     62.04865032      0.40634537      1.98618334      0.99982774      0.64776858      0.49078889      0.49078889      0.53960271      0.98413923      3.90000000    -10.00000000
    -56.32107023      0.00000000      0.00000000      0.00000000      0.00000000      0.00004301      9.14664540      0.00000462     60.81022844      0.41818510      1.98627840      0.99982774      0.64726803      0.49083572      0.49083572      0.53944127      0.98382145      3.90000000    -10.00000000
    -56.48829431      0.00000000      0.00000000      0.00000000      0.00000000      0.00004128      9.18559718      0.00000456     59.58906766      0.43039747      1.98637216      0.99982774      0.64672960      0.49088205      0.49088205      0.53928125      0.98349537      3.90000000    -10.00000000
    -56.65551839      0.00000000      0.00000000      0.00000000      0.00000000      0.00003962      9.22443378      0.00000450     58.38522623      0.44299414      1.98646466      0.99982774      0.64621454      0.49092790      0.49092790      0.53895273      0.98316079      3.90000000    -10.00000000
    -56.82274247      0.00000000      0.00000000      0.00000000      0.00000000      0.00003803      9.26315180      0.00000445     57.19876465      0.45598696      1.98655593      0.99982774      0.64570242      0.49097324      0.49097324      0.53897586      0.98281750      3.90000000    -10.00000000
    -56.98996656      0.00000000      0.00000000      0.00000000      0.00000000      0.00003651      9.30174809      0.00000440     56.02965781      0.46938876      1.98664599      0.99982774      0.64518884      0.49101815      0.49101815      0.53899874      0.98246526      3.90000000    -10.00000000
    -57.15719064      0.00000000      0.00000000      0.00000000      0.00000000      0.00003504      9.34021881      0.00000435     54.87788666      0.48321258      1.98673486      0.99982774      0.64468695      0.49106257      0.49106257      0.53865365      0.98210383      3.90000000    -10.00000000
    -57.32441472      0.00000000      0.00000000      0.00000000      0.00000000      0.00003364      9.37856064      0.00000429     53.74370814      0.49746928      1.98682258      0.99982774      0.64418357      0.49110653      0.49110653      0.53849953      0.98173306      3.90000000    -10.00000000
    -57.49163880      0.00000000      0.00000000      0.00000000      0.00000000      0.00003229      9.41676966      0.00000424     52.62683515      0.51217473      1.98690917      0.99982774      0.64368364      0.49115004      0.49115004      0.53834659      0.98135262      3.90000000    -10.00000000
    -57.65886288      0.00000000      0.00000000      0.00000000      0.00000000      0.00003100      9.45484212      0.00000419     51.52733741      0.52734201      1.98699465      0.99982774      0.64318544      0.49119311      0.49119311      0.53819936      0.98096229      3.90000000    -10.00000000
    -57.82608696      0.00000000      0.00000000      0.00000000      0.00000000      0.00002976      9.49277410      0.00000415     50.44517882      0.54298538      1.98707904      0.99982774      0.64269003      0.49123574      0.49123574      0.53804391      0.98056183      3.90000000    -10.00000000
    -57.99331104      0.00000000      0.00000000      0.00000000      0.00000000      0.00002857      9.53056158      0.00000410     49.38031608      0.55911949      1.98716238      0.99982774      0.64219868      0.49127794      0.49127794      0.53789512      0.98015098      3.90000000    -10.00000000
    -58.16053512      0.00000000      0.00000000      0.00000000      0.00000000      0.00002743      9.56820041      0.00000405     48.33269121      0.57575943      1.98724468      0.99982774      0.64169725      0.49131971      0.49131971      0.53774606      0.97972947      3.90000000    -10.00000000
    -58.32775920      0.00000000      0.00000000      0.00000000      0.00000000      0.00002633      9.60568634      0.00000401     47.30223778      0.59292072      1.98732596      0.99982774      0.64122322      0.49136107      0.49136107      0.53759848      0.97929703      3.90000000    -10.00000000
    -58.49498328      0.00000000      0.00000000      0.00000000      0.00000000      0.00002528      9.64301496      0.00000396     46.28888275      0.61061925      1.98740624      0.99982774      0.64073969      0.49140201      0.49140201      0.53745203      0.97885338      3.90000000    -10.00000000
    -58.66220736      0.00000000      0.00000000      0.00000000      0.00000000      0.00002427      9.68018184      0.00000392     45.29253277      0.62887153      1.98748555      0.99982774      0.64025915      0.49144255      0.49144255      0.53730667      0.97839824      3.90000000    -10.00000000
    -58.82943144      0.00000000      0.00000000      0.00000000      0.00000000      0.00002330      9.71718234      0.00000387     44.31309785      0.64769434      1.98756391      0.99982774      0.63978097      0.49148269      0.49148269      0.53716239      0.97793133      3.90000000    -10.00000000
    -58.99665552      0.00000000      0.00000000      0.00000000      0.00000000      0.00002237      9.75401170      0.00000383     43.35047499      0.66710500      1.98764133      0.99982774      0.63930557      0.49152244      0.49152244      0.53701908      0.97745233      3.90000000    -10.00000000
    -59.16387960      0.00000000      0.00000000      0.00000000      0.00000000      0.00002148      9.79066506      0.00000379     42.40455359      0.68712128      1.98771783      0.99982774      0.63888705      0.49156180      0.49156180      0.53687764      0.97696094      3.90000000    -10.00000000
    -59.33110368      0.00000000      0.00000000      0.00000000      0.00000000      0.00002063      9.82713740      0.00000375     41.47521553      0.70776147      1.98779343      0.99982774      0.63836318      0.49160078      0.49160078      0.53673726      0.97645686      3.90000000    -10.00000000
    -59.49832776      0.00000000      0.00000000      0.00000000      0.00000000      0.00001980      9.86342359      0.00000371     40.56233578      0.72904431      1.98786815      0.99982774      0.63789624      0.49163938      0.49163938      0.53659544      0.97593975      3.90000000    -10.00000000
    -59.66555184      0.00000000      0.00000000      0.00000000      0.00000000      0.00001902      9.89951836      0.00000366     39.66578416      0.75098904      1.98794201      0.99982774      0.63743160      0.49167762      0.49167762      0.53645582      0.97540930      3.90000000    -10.00000000
    -59.83277592      0.00000000      0.00000000      0.00000000      0.00000000      0.00001826      9.93541627      0.00000363     38.78541959      0.77361548      1.98801501      0.99982774      0.63696979      0.49171549      0.49171549      0.53631824      0.97486516      3.90000000    -10.00000000
    -60.00000000      0.00000000      0.00000000      0.00000000      0.00000000      0.00001754      9.97111174      0.00000359     37.92109779      0.79694394      1.98808719      0.99982774      0.63651062      0.49175300      0.49175300      0.53618044      0.97430699      3.90000000    -10.00000000
