    -10.00000000      0.00000000      0.00000000      0.00000000      0.00000000      0.03182027      0.00000156      0.01354448      0.00000000      1.43759800      0.99983295      0.99983295      0.50002423      0.50003069      0.50003069      0.49999633      0.00000000      4.50000000    -10.00000000
    -10.26755853      0.00000000      0.00000000      0.00000000      0.00000000      0.03174315     -0.05453381      0.01350581      0.00062908      1.43697613      1.00567064      0.99983295      0.49875294      0.50033399      0.50033399      0.49944919      0.00062868      4.50000000    -10.00000000
    -10.53511706      0.00000000      0.00000000      0.00000000      0.00000000      0.03185471     -0.10840619      0.01343975      0.00250688      1.42494007      1.01135445      0.99983295      0.49569344      0.50066158      0.50066158      0.49879624      0.00250061      4.50000000    -10.00000000
    -10.80267559      0.00000000      0.00000000      0.00000000      0.00000000      0.03202789     -0.16099368      0.01333076      0.00560446      1.40574166      1.01706417      0.99983295      0.49540779      0.50098305      0.50098305      0.49872076      0.00557322      4.50000000    -10.00000000
    -11.07023411      0.00000000      0.00000000      0.00000000      0.00000000      0.03226206     -0.21172889      0.01318034      0.00987571      1.37979159      1.02281271      0.99983295      0.49488426      0.50129685      0.50129685      0.49852908      0.00977913      4.50000000    -10.00000000
    -11.33779264      0.00000000      0.00000000      0.00000000      0.00000000      0.03255840     -0.26005906      0.01299057      0.01525532      1.34754797      1.02861294      0.99983295      0.49420721      0.50160092      0.50160092      0.49831432      0.01502609      4.50000000    -10.00000000
    -11.60535117      0.00000000      0.00000000      0.00000000      0.00000000      0.03291689     -0.30547808      0.01276403      0.02165876      1.30962842      1.03447765      0.99983295      0.49352341      0.50189703      0.50189703      0.49808705      0.02119960      4.50000000    -10.00000000
    -11.87290970      0.00000000      0.00000000      0.00000000      0.00000000      0.03333682     -0.34754115      0.01250373      0.02898275      1.26675989      1.04041956      0.99983295      0.49286945      0.50217912      0.50217912      0.49789894      0.02816641      4.50000000    -10.00000000
    -12.14046823      0.00000000      0.00000000      0.00000000      0.00000000      0.03381703     -0.38587192      0.01221299      0.03710586      1.21973462      1.04645124      0.99983295      0.49228096      0.50244160      0.50244160      0.49771600      0.03577828      4.50000000    -10.00000000
    -12.40802676      0.00000000      0.00000000      0.00000000      0.00000000      0.03435609     -0.42016521      0.01189538      0.04588894      1.16937455      1.05258518      0.99983295      0.49178428      0.50268405      0.50268405      0.49755941      0.04387554      4.50000000    -10.00000000
    -12.67558528      0.00000000      0.00000000      0.00000000      0.00000000      0.03495226     -0.45018656      0.01155461      0.05517565      1.11650105      1.05883366      0.99983295      0.49149694      0.50290134      0.50290134      0.49743552      0.05229049      4.50000000    -10.00000000
    -12.94314381      0.00000000      0.00000000      0.00000000      0.00000000      0.03560356     -0.47576993      0.01119443      0.06479300      1.06190928      1.06520881      0.99983295      0.49146289      0.50309846      0.50309846      0.49734377      0.06085032      4.50000000    -10.00000000
    -13.21070234      0.00000000      0.00000000      0.00000000      0.00000000      0.03630771     -0.49681383      0.01081852      0.07455228      1.00634737      1.07172253      0.99983295      0.49183975      0.50326584      0.50326584      0.49728811      0.06937986      4.50000000    -10.00000000
    -13.47826087      0.00000000      0.00000000      0.00000000      0.00000000      0.03706246     -0.51325960      0.01043059      0.08424459      0.95050330      1.07838646      0.99983295      0.49128262      0.50340321      0.50340321      0.49728643      0.07769888      4.50000000    -10.00000000
    -13.74581940      0.00000000      0.00000000      0.00000000      0.00000000      0.03786403     -0.52516988      0.01003370      0.09367156      0.89498008      1.08521197      0.99983295      0.49073180      0.50350964      0.50350964      0.49730846      0.08564871      4.50000000    -10.00000000
    -14.01337793      0.00000000      0.00000000      0.00000000      0.00000000      0.03871020     -0.53255243      0.00963141      0.10258951      0.84031725      1.09221010      0.99983295      0.49047714      0.50357895      0.50357895      0.49739751      0.09304416      4.50000000    -10.00000000
    -14.28093645      0.00000000      0.00000000      0.00000000      0.00000000      0.03959720     -0.53552354      0.00922653      0.11077090      0.78696057      1.09939150      0.99983295      0.49029887      0.50361724      0.50361724      0.49754268      0.09972434      4.50000000    -10.00000000
    -14.54849498      0.00000000      0.00000000      0.00000000      0.00000000      0.04052130     -0.53421543      0.00882176      0.11797862      0.73527713      1.10676643      0.99983295      0.49060324      0.50361612      0.50361612      0.49776214      0.10552851      4.50000000    -10.00000000
    -14.81605351      0.00000000      0.00000000      0.00000000      0.00000000      0.04147845     -0.52878681      0.00841951      0.12397657      0.68555630      1.11434469      0.99983295      0.49099677      0.50357377      0.50357377      0.49805565      0.11030174      4.50000000    -10.00000000
    -15.08361204      0.00000000      0.00000000      0.00000000      0.00000000      0.04246430     -0.51941653      0.00802188      0.12853514      0.63801539      1.12213553      0.99983295      0.49155179      0.50349030      0.50349030      0.49860342      0.11389556      4.50000000    -10.00000000
    -15.35117057      0.00000000      0.00000000      0.00000000      0.00000000      0.04347424     -0.50629780      0.00763073      0.13143787      0.59280666      1.13014767      0.99983295      0.49241487      0.50336449      0.50336449      0.49881349      0.11616888      4.50000000    -10.00000000
    -15.61872910      0.00000000      0.00000000      0.00000000      0.00000000      0.04450337     -0.48963321      0.00724764      0.13248929      0.55002506      1.13838917      0.99983295      0.49332910      0.50319364      0.50319364      0.49910249      0.11698944      4.50000000    -10.00000000
    -15.88628763      0.00000000      0.00000000      0.00000000      0.00000000      0.04554651     -0.46963033      0.00687392      0.13152410      0.50971621      1.14686744      0.99983295      0.49452661      0.50297346      0.50297346      0.49947479      0.11623623      4.50000000    -10.00000000
    -16.15384615      0.00000000      0.00000000      0.00000000      0.00000000      0.04659824     -0.44649808      0.00651067      0.12841779      0.47188426      1.15558911      0.99983295      0.49593151      0.50270846      0.50270846      0.49991203      0.11380341      4.50000000    -10.00000000
    -16.42140468      0.00000000      0.00000000      0.00000000      0.00000000      0.04765288     -0.42044373      0.00615877      0.12309876      0.43649933      1.16456002      0.99983295      0.49754189      0.50239557      0.50239557      0.50043113      0.10960636      4.50000000    -10.00000000
    -16.68896321      0.00000000      0.00000000      0.00000000      0.00000000      0.04870453     -0.39167050      0.00581887      0.11556200      0.40350433      1.17378514      0.99983295      0.49936261      0.50203093      0.50203093      0.50102450      0.10359083      4.50000000    -10.00000000
    -16.95652174      0.00000000      0.00000000      0.00000000      0.00000000      0.04974709     -0.36037552      0.00549148      0.10588432      0.37282106      1.18326849      0.99983295      0.50138195      0.50162456      0.50162456      0.50169298      0.09574629      4.50000000    -10.00000000
    -17.22408027      0.00000000      0.00000000      0.00000000      0.00000000      0.05077430     -0.32674835      0.00517693      0.09424128      0.34435559      1.19301312      0.99983295      0.50358398      0.50116591      0.50116591      0.50242406      0.08612477      4.50000000    -10.00000000
    -17.49163880      0.00000000      0.00000000      0.00000000      0.00000000      0.05177975     -0.29096982      0.00487542      0.08092568      0.31800286      1.20302103      0.99983295      0.50596899      0.50065952      0.50065952      0.50324556      0.07486702      4.50000000    -10.00000000
    -17.75919732      0.00000000      0.00000000      0.00000000      0.00000000      0.05275699     -0.25321118      0.00458703      0.06636765      0.29365056      1.21329308      0.99983295      0.50854142      0.50010487      0.50010487      0.50412633      0.06223712      4.50000000    -10.00000000
    -18.02675585      0.00000000      0.00000000      0.00000000      0.00000000      0.05369953     -0.21363366      0.00431174      0.05115633      0.27118239      1.22382901      0.99983295      0.51126068      0.49950512      0.49950512      0.50507471      0.04866672      4.50000000    -10.00000000
    -18.29431438      0.00000000      0.00000000      0.00000000      0.00000000      0.05460093     -0.17238816      0.00404944      0.03606302      0.25048070      1.23462732      0.99983295      0.51435265      0.49885919      0.49885919      0.50608248      0.03480775      4.50000000    -10.00000000
    -18.56187291      0.00000000      0.00000000      0.00000000      0.00000000      0.05545485     -0.12961531      0.00379995      0.02206567      0.23142858      1.24568531      0.99983295      0.51761806      0.49816959      0.49816959      0.50715959      0.02158929      4.50000000    -10.00000000
    -18.82943144      0.00000000      0.00000000      0.00000000      0.00000000      0.05625511     -0.08544562      0.00356301      0.01037449      0.21391155      1.25699895      0.99983295      0.52103871      0.49744007      0.49744007      0.50820200      0.01026797      4.50000000    -10.00000000
    -19.09698997      0.00000000      0.00000000      0.00000000      0.00000000      0.05699576     -0.03999978      0.00333834      0.00245849      0.19781877      1.26856292      0.99983295      0.52461393      0.49666913      0.49666913      0.50948812      0.00245246      4.50000000    -10.00000000
    -19.36454849      0.00000000      0.00000000      0.00000000      0.00000000      0.05767117      0.00661093      0.00312561      0.00007258      0.18304397      1.28037059      0.99983295      0.52828152      0.49586157      0.49586157      0.51071478      0.00007257      4.50000000    -10.00000000
    -19.63210702      0.00000000      0.00000000      0.00000000      0.00000000      0.05827601      0.05428417      0.00292445      0.00528487      0.16948605      1.29241398      0.99983295      0.53219175      0.49502505      0.49502505      0.51199542      0.00525708      4.50000000    -10.00000000
    -19.89966555      0.00000000      0.00000000      0.00000000      0.00000000      0.05880540      0.10292601      0.00273448      0.02050384      0.15704951      1.30468381      0.99983295      0.53617393      0.49416718      0.49416718      0.51329959      0.02009188      4.50000000    -10.00000000
    -20.16722408      0.00000000      0.00000000      0.00000000      0.00000000      0.05925491      0.15245041      0.00255529      0.04850475      0.14564461      1.31716946      0.99983295      0.54027520      0.49325535      0.49325535      0.51468748      0.04626088      4.50000000    -10.00000000
    -20.43478261      0.00000000      0.00000000      0.00000000      0.00000000      0.05962062      0.20277866      0.00238646      0.09245484      0.13518744      1.32985905      0.99983295      0.54451075      0.49233498      0.49233498      0.51632901      0.08463036      4.50000000    -10.00000000
    -20.70234114      0.00000000      0.00000000      0.00000000      0.00000000      0.05989921      0.25383877      0.00222757      0.15593660      0.12559992      1.34273945      0.99983295      0.54878130      0.49139616      0.49139616      0.51762230      0.13490065      4.50000000    -10.00000000
    -20.96989967      0.00000000      0.00000000      0.00000000      0.00000000      0.06008793      0.30556495      0.00207820      0.24296841      0.11680966      1.35579635      0.99983295      0.55316151      0.49044352      0.49044352      0.51911063      0.19547433      4.50000000    -10.00000000
    -21.23745819      0.00000000      0.00000000      0.00000000      0.00000000      0.06018469      0.35789696      0.00193792      0.35802159      0.10874976      1.36901429      0.99983295      0.55760955      0.48947741      0.48947741      0.52052126      0.26363468      4.50000000    -10.00000000
    -21.50501672      0.00000000      0.00000000      0.00000000      0.00000000      0.06018806      0.41077961      0.00180631      0.50603242      0.10135867      1.38237678      0.99983295      0.56156437      0.48850175      0.48850175      0.52218472      0.33600367      4.50000000    -10.00000000
    -21.77257525      0.00000000      0.00000000      0.00000000      0.00000000      0.06009733      0.46416211      0.00168297      0.69240758      0.09457995      1.39586639      0.99983295      0.56668213      0.48751067      0.48751067      0.52374261      0.40912578      4.50000000    -10.00000000
    -22.04013378      0.00000000      0.00000000      0.00000000      0.00000000      0.05991244      0.51799763      0.00156749      0.92302053      0.08836203      1.40946478      0.99983295      0.57123274      0.48656059      0.48656059      0.52533413      0.47998475      4.50000000    -10.00000000
    -22.30769231      0.00000000      0.00000000      0.00000000      0.00000000      0.05963405      0.57224293      0.00145949      1.20419631      0.08265804      1.42315291      0.99983295      0.57582236      0.48559335      0.48559335      0.52687295      0.54631990      4.50000000    -10.00000000
    -22.57525084      0.00000000      0.00000000      0.00000000      0.00000000      0.05926341      0.62685836      0.00135860      1.54268313      0.07742543      1.43691108      0.99983295      0.58042104      0.48464119      0.48464119      0.52851919      0.60671466      4.50000000    -10.00000000
    -22.84280936      0.00000000      0.00000000      0.00000000      0.00000000      0.05880236      0.68180827      0.00126446      1.94561228      0.07262560      1.45071910      0.99983295      0.58500282      0.48370172      0.48370172      0.52999350      0.66051201      4.50000000    -10.00000000
    -23.11036789      0.00000000      0.00000000      0.00000000      0.00000000      0.05825321      0.73706179      0.00117672      2.42045368      0.06822327      1.46455637      0.99983295      0.58957668      0.48278020      0.48278020      0.53154414      0.70764112      4.50000000    -10.00000000
    -23.37792642      0.00000000      0.00000000      0.00000000      0.00000000      0.05761872      0.79259338      0.00109502      2.97497684      0.06418578      1.47840210      0.99983295      0.59410536      0.48188226      0.48188226      0.53305765      0.74842621      4.50000000    -10.00000000
    -23.64548495      0.00000000      0.00000000      0.00000000      0.00000000      0.05690208      0.84838250      0.00101901      3.61722057      0.06048253      1.49223535      0.99983295      0.59859566      0.48100907      0.48100907      0.53456087      0.78341949      4.50000000    -10.00000000
    -23.91304348      0.00000000      0.00000000      0.00000000      0.00000000      0.05610700      0.90441203      0.00094833      4.35546072      0.05708475      1.50603525      0.99983295      0.60303157      0.48016441      0.48016441      0.53602839      0.81327470      4.50000000    -10.00000000
    -24.18060201      0.00000000      0.00000000      0.00000000      0.00000000      0.05523775      0.96066655      0.00088262      5.19816175      0.05396561      1.51978107      0.99983295      0.60740376      0.47935300      0.47935300      0.53748421      0.83866184      4.50000000    -10.00000000
    -24.44816054      0.00000000      0.00000000      0.00000000      0.00000000      0.05429905      1.01713113      0.00082156      6.15391132      0.05110038      1.53345242      0.99983295      0.61170421      0.47857484      0.47857484      0.53889531      0.86021633      4.50000000    -10.00000000
    -24.71571906      0.00000000      0.00000000      0.00000000      0.00000000      0.05329605      1.07379113      0.00076482      7.23134836      0.04846652      1.54702930      0.99983295      0.61591884      0.47783167      0.47783167      0.54027285      0.87851322      4.50000000    -10.00000000
    -24.98327759      0.00000000      0.00000000      0.00000000      0.00000000      0.05223420      1.13063244      0.00071211      8.43909104      0.04604354      1.56049231      0.99983295      0.62005201      0.47713407      0.47713407      0.54160755      0.89405760      4.50000000    -10.00000000
    -25.25083612      0.00000000      0.00000000      0.00000000      0.00000000      0.05111912      1.18764170      0.00066314      9.78566192      0.04381292      1.57382270      0.99983295      0.62408916      0.47647659      0.47647659      0.54289990      0.90728432      4.50000000    -10.00000000
    -25.51839465      0.00000000      0.00000000      0.00000000      0.00000000      0.04995655      1.24480641      0.00061766     11.27940578      0.04175793      1.58700248      0.99983295      0.62801131      0.47586080      0.47586080      0.54414656      0.91856283      4.50000000    -10.00000000
    -25.78595318      0.00000000      0.00000000      0.00000000      0.00000000      0.04875230      1.30211496      0.00057543     12.92839738      0.03986350      1.60001456      0.99983295      0.63186226      0.47528821      0.47528821      0.54534561      0.92820423      4.50000000    -10.00000000
    -26.05351171      0.00000000      0.00000000      0.00000000      0.00000000      0.04751215      1.35955660      0.00053621     14.74034396      0.03811610      1.61284280      0.99983295      0.63559996      0.47475929      0.47475929      0.54649489      0.93646899      4.50000000    -10.00000000
    -26.32107023      0.00000000      0.00000000      0.00000000      0.00000000      0.04624187      1.41712137      0.00049979     16.72247931      0.03650354      1.62547207      0.99983295      0.63914585      0.47427495      0.47427495      0.54759244      0.94357449      4.50000000    -10.00000000
    -26.58862876      0.00000000      0.00000000      0.00000000      0.00000000      0.04494707      1.47480010      0.00046599     18.88145648      0.03501486      1.63788834      0.99983295      0.64256470      0.47383450      0.47383450      0.54863952      0.94970187      4.50000000    -10.00000000
    -26.85618729      0.00000000      0.00000000      0.00000000      0.00000000      0.04363326      1.53258432      0.00043461     21.22323602      0.03364021      1.65007872      0.99983295      0.64586319      0.47343881      0.47343881      0.54962855      0.95500205      4.50000000    -10.00000000
    -27.12374582      0.00000000      0.00000000      0.00000000      0.00000000      0.04230573      1.59046623      0.00040548     23.75297074      0.03237073      1.66203147      0.99983295      0.64905940      0.47308663      0.47308663      0.55057135      0.95960081      4.50000000    -10.00000000
    -27.39130435      0.00000000      0.00000000      0.00000000      0.00000000      0.04096958      1.64843865      0.00037846     26.47488695      0.03119845      1.67373606      0.99983295      0.65210626      0.47277810      0.47277810      0.55145471      0.96360313      4.50000000    -10.00000000
    -27.65886288      0.00000000      0.00000000      0.00000000      0.00000000      0.03962963      1.70649497      0.00035338     29.39216227      0.03011619      1.68518317      0.99983295      0.65502649      0.47251191      0.47251191      0.55228681      0.96709678      4.50000000    -10.00000000
    -27.92642140      0.00000000      0.00000000      0.00000000      0.00000000      0.03829044      1.76462907      0.00033012     32.50680094      0.02911750      1.69636467      0.99983295      0.65781446      0.47228725      0.47228725      0.55306194      0.97015531      4.50000000    -10.00000000
    -28.19397993      0.00000000      0.00000000      0.00000000      0.00000000      0.03695630      1.82283532      0.00030854     35.81950916      0.02819660      1.70727362      0.99983295      0.66046321      0.47210270      0.47210270      0.55378276      0.97284049      4.50000000    -10.00000000
    -28.46153846      0.00000000      0.00000000      0.00000000      0.00000000      0.03563117      1.88110852      0.00028852     39.32957306      0.02734828      1.71790427      0.99983295      0.66297826      0.47195675      0.47195675      0.55445247      0.97520430      4.50000000    -10.00000000
    -28.72909699      0.00000000      0.00000000      0.00000000      0.00000000      0.03431871      1.93944385      0.00026997     43.03474504      0.02656787      1.72825201      0.99983295      0.66536307      0.47184825      0.47184825      0.55506826      0.97729066      4.50000000    -10.00000000
    -28.99665552      0.00000000      0.00000000      0.00000000      0.00000000      0.03302225      1.99783689      0.00025276     46.93114265      0.02585118      1.73831333      0.99983295      0.66760817      0.47177693      0.47177693      0.55563185      0.97913674      4.50000000    -10.00000000
    -29.26421405      0.00000000      0.00000000      0.00000000      0.00000000      0.03174482      2.05628354      0.00023681     51.01318478      0.02519446      1.74808579      0.99983295      0.66968602      0.47174001      0.47174001      0.55614497      0.98077411      4.50000000    -10.00000000
    -29.53177258      0.00000000      0.00000000      0.00000000      0.00000000      0.03048912      2.11478003      0.00022202     55.27345170      0.02459435      1.75756796      0.99983295      0.67170442      0.47173511      0.47173511      0.55660886      0.98222963      4.50000000    -10.00000000
    -29.79933110      0.00000000      0.00000000      0.00000000      0.00000000      0.02925755      2.17332289      0.00020832     59.70284928      0.02404778      1.76675939      0.99983295      0.67355169      0.47176101      0.47176101      0.55702418      0.98352631      4.50000000    -10.00000000
    -30.06688963      0.00000000      0.00000000      0.00000000      0.00000000      0.02805221      2.23190897      0.00019562     64.29047816      0.02355200      1.77566051      0.99983295      0.67528167      0.47181572      0.47181572      0.55739240      0.98468383      4.50000000    -10.00000000
    -30.33444816      0.00000000      0.00000000      0.00000000      0.00000000      0.02687489      2.29053540      0.00018385     69.02374780      0.02310452      1.78427260      0.99983295      0.67688137      0.47189751      0.47189751      0.55771522      0.98571913      4.50000000    -10.00000000
    -30.60200669      0.00000000      0.00000000      0.00000000      0.00000000      0.02572714      2.34919957      0.00017294     73.88865276      0.02270302      1.79259774      0.99983295      0.67838142      0.47200451      0.47200451      0.55799416      0.98664684      4.50000000    -10.00000000
    -30.86956522      0.00000000      0.00000000      0.00000000      0.00000000      0.02461021      2.40789918      0.00016283     78.86985803      0.02234534      1.80063870      0.99983295      0.67971665      0.47213501      0.47213501      0.55822891      0.98747963      4.50000000    -10.00000000
    -31.13712375      0.00000000      0.00000000      0.00000000      0.00000000      0.02352513      2.46663217      0.00015345     83.95094845      0.02202950      1.80839891      0.99983295      0.68095516      0.47228762      0.47228762      0.55842685      0.98822850      4.50000000    -10.00000000
    -31.40468227      0.00000000      0.00000000      0.00000000      0.00000000      0.02247268      2.52539676      0.00014475     89.11493384      0.02175356      1.81588242      0.99983295      0.68208211      0.47245933      0.47245933      0.55858367      0.98890306      4.50000000    -10.00000000
    -31.67224080      0.00000000      0.00000000      0.00000000      0.00000000      0.02145343      2.58419140      0.00013667     94.34453678      0.02151563      1.82309377      0.99983295      0.68309855      0.47264976      0.47264976      0.55870347      0.98951172      4.50000000    -10.00000000
    -31.93979933      0.00000000      0.00000000      0.00000000      0.00000000      0.02046777      2.64301475      0.00012917     99.62248555      0.02131392      1.83003800      0.99983295      0.68400505      0.47285680      0.47285680      0.55878777      0.99006186      4.50000000    -10.00000000
    -32.20735786      0.00000000      0.00000000      0.00000000      0.00000000      0.01951589      2.70186571      0.00012219    104.93192309      0.02114664      1.83672052      0.99983295      0.68481211      0.47307898      0.47307898      0.55883784      0.99055998      4.50000000    -10.00000000
    -32.47491639      0.00000000      0.00000000      0.00000000      0.00000000      0.01859782      2.76074331      0.00011570    110.25679263      0.02101204      1.84314715      0.99983295      0.68551706      0.47331467      0.47331467      0.55885632      0.99101178      4.50000000    -10.00000000
    -32.74247492      0.00000000      0.00000000      0.00000000      0.00000000      0.01771344      2.81964674      0.00010966    115.58205313      0.02090839      1.84932396      0.99983295      0.68612617      0.47356250      0.47356250      0.55884285      0.99142235      4.50000000    -10.00000000
    -33.01003344      0.00000000      0.00000000      0.00000000      0.00000000      0.01686251      2.87857531      0.00010402    120.89387298      0.02083399      1.85525729      0.99983295      0.68664280      0.47382103      0.47382103      0.55880642      0.99179614      4.50000000    -10.00000000
    -33.27759197      0.00000000      0.00000000      0.00000000      0.00000000      0.01604466      2.93752489      0.00009871    126.22740150      0.02077930      1.86095368      0.99983295      0.68706993      0.47408897      0.47408897      0.55873344      0.99214006      4.50000000    -10.00000000
    -33.54515050      0.00000000      0.00000000      0.00000000      0.00000000      0.01525943      2.99650662      0.00009382    131.43566791      0.02076533      1.86641984      0.99983295      0.68741279      0.47436509      0.47436509      0.55863915      0.99244916      4.50000000    -10.00000000
    -33.81270903      0.00000000      0.00000000      0.00000000      0.00000000      0.01450627      3.05550576      0.00008921    136.63042258      0.02077018      1.87166257      0.99983295      0.68767138      0.47464815      0.47464815      0.55848129      0.99273416      4.50000000    -10.00000000
    -34.08026756      0.00000000      0.00000000      0.00000000      0.00000000      0.01378452      3.11452893      0.00008488    141.77683253      0.02079701      1.87668877      0.99983295      0.68785390      0.47493702      0.47493702      0.55837945      0.99299606      4.50000000    -10.00000000
    -34.34782609      0.00000000      0.00000000      0.00000000      0.00000000      0.01309350      3.17357519      0.00008081    146.86619029      0.02084478      1.88150537      0.99983295      0.68795183      0.47523053      0.47523053      0.55821720      0.99323713      4.50000000    -10.00000000
    -34.61538462      0.00000000      0.00000000      0.00000000      0.00000000      0.01243245      3.23264133      0.00007699    151.87425431      0.02091474      1.88611932      0.99983295      0.68799259      0.47552721      0.47552721      0.55803476      0.99345868      4.50000000    -10.00000000
    -34.88294314      0.00000000      0.00000000      0.00000000      0.00000000      0.01180057      3.29172927      0.00007339    156.81263462      0.02100336      1.89053755      0.99983295      0.68795787      0.47582695      0.47582695      0.55783470      0.99366337      4.50000000    -10.00000000
    -35.15050167      0.00000000      0.00000000      0.00000000      0.00000000      0.01119704      3.35083755      0.00006999    161.67206965      0.02111024      1.89476695      0.99983295      0.68786332      0.47613178      0.47613178      0.55761623      0.99385266      4.50000000    -10.00000000
    -35.41806020      0.00000000      0.00000000      0.00000000      0.00000000      0.01062097      3.40996529      0.00006678    166.44551893      0.02123486      1.89881434      0.99983295      0.68770609      0.47643807      0.47643807      0.55738784      0.99402791      4.50000000    -10.00000000
    -35.68561873      0.00000000      0.00000000      0.00000000      0.00000000      0.01007151      3.46911067      0.00006375    171.10683936      0.02137915      1.90268645      0.99983295      0.68749081      0.47674508      0.47674508      0.55713533      0.99418966      4.50000000    -10.00000000
    -35.95317726      0.00000000      0.00000000      0.00000000      0.00000000      0.00954774      3.52827524      0.00006088    175.69974068      0.02153651      1.90638992      0.99983295      0.68722120      0.47705219      0.47705219      0.55687360      0.99434068      4.50000000    -10.00000000
    -36.22073579      0.00000000      0.00000000      0.00000000      0.00000000      0.00904877      3.58745780      0.00005816    180.21502399      0.02170722      1.90993125      0.99983295      0.68689857      0.47735881      0.47735881      0.55659952      0.99448169      4.50000000    -10.00000000
    -36.48829431      0.00000000      0.00000000      0.00000000      0.00000000      0.00857369      3.64665492      0.00005559    184.59185647      0.02189769      1.91331684      0.99983295      0.68652566      0.47766439      0.47766439      0.55631328      0.99461183      4.50000000    -10.00000000
    -36.75585284      0.00000000      0.00000000      0.00000000      0.00000000      0.00812160      3.70586832      0.00005315    188.88401848      0.02210071      1.91655292      0.99983295      0.68610815      0.47796844      0.47796844      0.55601816      0.99473363      4.50000000    -10.00000000
    -37.02341137      0.00000000      0.00000000      0.00000000      0.00000000      0.00769160      3.76509684      0.00005082    193.08270807      0.02231672      1.91964556      0.99983295      0.68521570      0.47827049      0.47827049      0.55581663      0.99484756      4.50000000    -10.00000000
    -37.29096990      0.00000000      0.00000000      0.00000000      0.00000000      0.00728281      3.82433790      0.00004863    197.14257017      0.02255037      1.92260071      0.99983295      0.68514328      0.47857010      0.47857010      0.55539945      0.99495313      4.50000000    -10.00000000
    -37.55852843      0.00000000      0.00000000      0.00000000      0.00000000      0.00689436      3.88359303      0.00004653    201.11669823      0.02279506      1.92542411      0.99983295      0.68460212      0.47886681      0.47886681      0.55507737      0.99505236      4.50000000    -10.00000000
    -37.82608696      0.00000000      0.00000000      0.00000000      0.00000000      0.00652539      3.94285882      0.00004454    204.96568500      0.02305488      1.92812136      0.99983295      0.68402497      0.47916005      0.47916005      0.55474884      0.99514482      4.50000000    -10.00000000
    -38.09364548      0.00000000      0.00000000      0.00000000      0.00000000      0.00617507      4.00213642      0.00004266    208.66961938      0.02333168      1.93069788      0.99983295      0.68341011      0.47944799      0.47944799      0.55441427      0.99523059      4.50000000    -10.00000000
    -38.36120401      0.00000000      0.00000000      0.00000000      0.00000000      0.00584258      4.06142435      0.00004086    212.27015790      0.02362051      1.93315889      0.99983295      0.68276856      0.47973651      0.47973651      0.55407390      0.99531111      4.50000000    -10.00000000
    -38.62876254      0.00000000      0.00000000      0.00000000      0.00000000      0.00552711      4.12072179      0.00003915    215.75899514      0.02392209      1.93550948      0.99983295      0.68209757      0.48002131      0.48002131      0.55372936      0.99538658      4.50000000    -10.00000000
    -38.89632107      0.00000000      0.00000000      0.00000000      0.00000000      0.00522791      4.18002794      0.00003752    219.09121492      0.02424124      1.93775452      0.99983295      0.68139862      0.48029946      0.48029946      0.55338044      0.99545643      4.50000000    -10.00000000
    -39.16387960      0.00000000      0.00000000      0.00000000      0.00000000      0.00494422      4.23934202      0.00003597    222.30629574      0.02457348      1.93989873      0.99983295      0.68067932      0.48057808      0.48057808      0.55302788      0.99552185      4.50000000    -10.00000000
    -39.43143813      0.00000000      0.00000000      0.00000000      0.00000000      0.00467532      4.29866329      0.00003450    225.38763723      0.02492059      1.94194664      0.99983295      0.67993234      0.48085245      0.48085245      0.55267228      0.99558280      4.50000000    -10.00000000
    -39.69899666      0.00000000      0.00000000      0.00000000      0.00000000      0.00442050      4.35799097      0.00003309    228.34165864      0.02528186      1.94390263      0.99983295      0.67916819      0.48112247      0.48112247      0.55231424      0.99563969      4.50000000    -10.00000000
    -39.96655518      0.00000000      0.00000000      0.00000000      0.00000000      0.00417909      4.41732436      0.00003175    231.14740839      0.02565967      1.94577088      0.99983295      0.67838444      0.48138807      0.48138807      0.55195462      0.99569239      4.50000000    -10.00000000
    -40.23411371      0.00000000      0.00000000      0.00000000      0.00000000      0.00395045      4.47666272      0.00003047    233.81258697      0.02605328      1.94755542      0.99983295      0.67757793      0.48164918      0.48164918      0.55159271      0.99574128      4.50000000    -10.00000000
    -40.50167224      0.00000000      0.00000000      0.00000000      0.00000000      0.00373395      4.53600537      0.00002926    236.33528653      0.02646306      1.94926012      0.99983295      0.67687971      0.48190575      0.48190575      0.55123070      0.99578655      4.50000000    -10.00000000
    -40.76923077      0.00000000      0.00000000      0.00000000      0.00000000      0.00352898      4.59535161      0.00002810    238.71354013      0.02688945      1.95088870      0.99983295      0.67773858      0.48215777      0.48215777      0.55086657      0.99582835      4.50000000    -10.00000000
    -41.03678930      0.00000000      0.00000000      0.00000000      0.00000000      0.00333498      4.65470076      0.00002699    240.94561549      0.02733292      1.95244469      0.99983295      0.67507140      0.48240520      0.48240520      0.55056400      0.99586684      4.50000000    -10.00000000
    -41.30434783      0.00000000      0.00000000      0.00000000      0.00000000      0.00315139      4.71405216      0.00002593    243.03001111      0.02779396      1.95393150      0.99983295      0.67420880      0.48264805      0.48264805      0.55013904      0.99590214      4.50000000    -10.00000000
    -41.57190635      0.00000000      0.00000000      0.00000000      0.00000000      0.00297768      4.77340517      0.00002493    244.96530344      0.02827311      1.95535239      0.99983295      0.67333649      0.48288632      0.48288632      0.54977453      0.99593439      4.50000000    -10.00000000
    -41.83946488      0.00000000      0.00000000      0.00000000      0.00000000      0.00281335      4.83275913      0.00002397    246.75024133      0.02877095      1.95671046      0.99983295      0.67245453      0.48312003      0.48312003      0.54941223      0.99596368      4.50000000    -10.00000000
    -42.10702341      0.00000000      0.00000000      0.00000000      0.00000000      0.00265792      4.89211340      0.00002305    248.38380737      0.02928810      1.95800869      0.99983295      0.67156140      0.48334941      0.48334941      0.54905435      0.99599012      4.50000000    -10.00000000
    -42.37458194      0.00000000      0.00000000      0.00000000      0.00000000      0.00251093      4.95146737      0.00002217    249.86512673      0.02982522      1.95924992      0.99983295      0.67065555      0.48357386      0.48357386      0.54816651      0.99601379      4.50000000    -10.00000000
    -42.64214047      0.00000000      0.00000000      0.00000000      0.00000000      0.00237194      5.01082040      0.00002134    251.19355276      0.03038300      1.96043686      0.99983295      0.66975488      0.48379406      0.48379406      0.54835364      0.99603479      4.50000000    -10.00000000
    -42.90969900      0.00000000      0.00000000      0.00000000      0.00000000      0.00224052      5.07017188      0.00002054    252.36858882      0.03096218      1.96157211      0.99983295      0.66884294      0.48400951      0.48400951      0.54797100      0.99605318      4.50000000    -10.00000000
    -43.17725753      0.00000000      0.00000000      0.00000000      0.00000000      0.00211629      5.12952139      0.00001978    253.39249116      0.03156323      1.96265813      0.99983295      0.66792495      0.48422126      0.48422126      0.54761476      0.99606907      4.50000000    -10.00000000
    -43.44481605      0.00000000      0.00000000      0.00000000      0.00000000      0.00199887      5.18886772      0.00001905    254.25755638      0.03218791      1.96369727      0.99983295      0.66700419      0.48442836      0.48442836      0.54725990      0.99608239      4.50000000    -10.00000000
    -43.71237458      0.00000000      0.00000000      0.00000000      0.00000000      0.00188788      5.24821086      0.00001835    254.97156374      0.03283616      1.96469179      0.99983295      0.66607948      0.48463122      0.48463122      0.54690745      0.99609332      4.50000000    -10.00000000
    -43.97993311      0.00000000      0.00000000      0.00000000      0.00000000      0.00178299      5.30755000      0.00001769    255.53230372      0.03350919      1.96564381      0.99983295      0.66515221      0.48482989      0.48482989      0.54655697      0.99610186      4.50000000    -10.00000000
    -44.24749164      0.00000000      0.00000000      0.00000000      0.00000000      0.00168388      5.36688452      0.00001706    255.94031025      0.03420797      1.96655539      0.99983295      0.66422256      0.48502444      0.48502444      0.54620891      0.99610805      4.50000000    -10.00000000
    -44.51505017      0.00000000      0.00000000      0.00000000      0.00000000      0.00159023      5.42621381      0.00001645    256.19640268      0.03493352      1.96742846      0.99983295      0.66329249      0.48521493      0.48521493      0.54586266      0.99611192      4.50000000    -10.00000000
    -44.78260870      0.00000000      0.00000000      0.00000000      0.00000000      0.00150175      5.48553726      0.00001587    256.30152003      0.03568689      1.96826488      0.99983295      0.66236190      0.48540145      0.48540145      0.54552017      0.99611351      4.50000000    -10.00000000
    -45.05016722      0.00000000      0.00000000      0.00000000      0.00000000      0.00141816      5.54485424      0.00001531    256.25683352      0.03646921      1.96906639      0.99983295      0.66143096      0.48558406      0.48558406      0.54517800      0.99611283      4.50000000    -10.00000000
    -45.31772575      0.00000000      0.00000000      0.00000000      0.00000000      0.00133920      5.60416412      0.00001478    256.06381488      0.03728164      1.96983468      0.99983295      0.66050063      0.48576285      0.48576285      0.54484160      0.99610992      4.50000000    -10.00000000
    -45.58528428      0.00000000      0.00000000      0.00000000      0.00000000      0.00126460      5.66346628      0.00001428    255.72406908      0.03812541      1.97057133      0.99983295      0.65957134      0.48593787      0.48593787      0.54450718      0.99610477      4.50000000    -10.00000000
    -45.85284281      0.00000000      0.00000000      0.00000000      0.00000000      0.00119415      5.72276006      0.00001379    255.23943018      0.03900182      1.97127787      0.99983295      0.65864333      0.48610921      0.48610921      0.54417507      0.99609740      4.50000000    -10.00000000
    -46.12040134      0.00000000      0.00000000      0.00000000      0.00000000      0.00112760      5.78204482      0.00001333    254.61194889      0.03991220      1.97195574      0.99983295      0.65771766      0.48627696      0.48627696      0.54384537      0.99608782      4.50000000    -10.00000000
    -46.38795987      0.00000000      0.00000000      0.00000000      0.00000000      0.00106476      5.84131991      0.00001288    253.84388092      0.04085797      1.97260630      0.99983295      0.65679429      0.48644117      0.48644117      0.54351956      0.99607603      4.50000000    -10.00000000
    -46.65551839      0.00000000      0.00000000      0.00000000      0.00000000      0.00100540      5.90058463      0.00001246    252.93768328      0.04184062      1.97323087      0.99983295      0.65587335      0.48660193      0.48660193      0.54319606      0.99606203      4.50000000    -10.00000000
    -46.92307692      0.00000000      0.00000000      0.00000000      0.00000000      0.00094935      5.95983833      0.00001205    251.89600777      0.04286168      1.97383067      0.99983295      0.65495564      0.48675923      0.48675923      0.54287589      0.99604581      4.50000000    -10.00000000
    -47.19063545      0.00000000      0.00000000      0.00000000      0.00000000      0.00089641      6.01908028      0.00001166    250.72169869      0.04392278      1.97440689      0.99983295      0.65404158      0.48691341      0.48691341      0.54255845      0.99602736      4.50000000    -10.00000000
    -47.45819398      0.00000000      0.00000000      0.00000000      0.00000000      0.00084643      6.07830979      0.00001128    249.41776232      0.04502563      1.97496065      0.99983295      0.65313106      0.48706427      0.48706427      0.54224484      0.99600667      4.50000000    -10.00000000
    -47.72575251      0.00000000      0.00000000      0.00000000      0.00000000      0.00079923      6.13752612      0.00001093    247.98744550      0.04617198      1.97549302      0.99983295      0.65222539      0.48721205      0.48721205      0.54193400      0.99598373      4.50000000    -10.00000000
    -47.99331104      0.00000000      0.00000000      0.00000000      0.00000000      0.00075466      6.19672856      0.00001058    246.43438520      0.04736365      1.97600499      0.99983295      0.65132239      0.48735663      0.48735663      0.54162636      0.99595852      4.50000000    -10.00000000
    -48.26086957      0.00000000      0.00000000      0.00000000      0.00000000      0.00071258      6.25591625      0.00001025    244.76122849      0.04860274      1.97649754      0.99983295      0.65042416      0.48749827      0.48749827      0.54132198      0.99593101      4.50000000    -10.00000000
    -48.52842809      0.00000000      0.00000000      0.00000000      0.00000000      0.00067284      6.31508850      0.00000994    242.97254335      0.04989111      1.97697158      0.99983295      0.64953176      0.48763697      0.48763697      0.54102037      0.99590118      4.50000000    -10.00000000
    -48.79598662      0.00000000      0.00000000      0.00000000      0.00000000      0.00063533      6.37424448      0.00000964    241.07186125      0.05123095      1.97742797      0.99983295      0.64864435      0.48777282      0.48777282      0.54070283      0.99586900      4.50000000    -10.00000000
    -49.06354515      0.00000000      0.00000000      0.00000000      0.00000000      0.00059991      6.43338335      0.00000935    239.06313253      0.05262447      1.97786754      0.99983295      0.64776069      0.48790588      0.48790588      0.54042712      0.99583443      4.50000000    -10.00000000
    -49.33110368      0.00000000      0.00000000      0.00000000      0.00000000      0.00056646      6.49250427      0.00000907    236.95040096      0.05407401      1.97829108      0.99983295      0.64688330      0.48803651      0.48803651      0.54013505      0.99579744      4.50000000    -10.00000000
    -49.59866221      0.00000000      0.00000000      0.00000000      0.00000000      0.00053489      6.55160635      0.00000880    234.73786297      0.05558197      1.97869932      0.99983295      0.64601123      0.48816390      0.48816390      0.53984620      0.99575800      4.50000000    -10.00000000
    -49.86622074      0.00000000      0.00000000      0.00000000      0.00000000      0.00050508      6.61068870      0.00000855    232.42978269      0.05715091      1.97909298      0.99983295      0.64493542      0.48828899      0.48828899      0.53956091      0.99571606      4.50000000    -10.00000000
    -50.13377926      0.00000000      0.00000000      0.00000000      0.00000000      0.00047693      6.66975038      0.00000830    230.03050986      0.05878347      1.97947273      0.99983295      0.64521507      0.48841156      0.48841156      0.53927817      0.99567157      4.50000000    -10.00000000
    -50.40133779      0.00000000      0.00000000      0.00000000      0.00000000      0.00045036      6.72879044      0.00000807    227.54447146      0.06048243      1.97983920      0.99983295      0.64342807      0.48853166      0.48853166      0.53899889      0.99562448      4.50000000    -10.00000000
    -50.66889632      0.00000000      0.00000000      0.00000000      0.00000000      0.00042528      6.78780787      0.00000784    224.97614988      0.06225068      1.98019300      0.99983295      0.64257914      0.48864937      0.48864937      0.53872271      0.99557475      4.50000000    -10.00000000
    -50.93645485      0.00000000      0.00000000      0.00000000      0.00000000      0.00040159      6.84680165      0.00000762    222.33007492      0.06409126      1.98053470      0.99983295      0.64173997      0.48876474      0.48876474      0.53844929      0.99552232      4.50000000    -10.00000000
    -51.20401338      0.00000000      0.00000000      0.00000000      0.00000000      0.00037923      6.90577073      0.00000741    219.61081147      0.06600732      1.98086486      0.99983295      0.64089898      0.48887782      0.48887782      0.53817916      0.99546713      4.50000000    -10.00000000
    -51.47157191      0.00000000      0.00000000      0.00000000      0.00000000      0.00035812      6.96471401      0.00000721    216.82294797      0.06800218      1.98118400      0.99983295      0.63999021      0.48898869      0.48898869      0.53788031      0.99540912      4.50000000    -10.00000000
    -51.73913043      0.00000000      0.00000000      0.00000000      0.00000000      0.00033819      7.02363035      0.00000702    213.97108029      0.07007929      1.98149260      0.99983295      0.63924451      0.48909739      0.48909739      0.53764786      0.99534821      4.50000000    -10.00000000
    -52.00668896      0.00000000      0.00000000      0.00000000      0.00000000      0.00031938      7.08251858      0.00000683    211.05980770      0.07224228      1.98179115      0.99983295      0.63842510      0.48920398      0.48920398      0.53738659      0.99528435      4.50000000    -10.00000000
    -52.27424749      0.00000000      0.00000000      0.00000000      0.00000000      0.00030162      7.14137740      0.00000665    208.09315886      0.07449509      1.98208008      0.99983295      0.63761619      0.48930850      0.48930850      0.53712858      0.99521744      4.50000000    -10.00000000
    -52.54180602      0.00000000      0.00000000      0.00000000      0.00000000      0.00028485      7.20020581      0.00000648    205.07735775      0.07684111      1.98235982      0.99983295      0.63681101      0.48941102      0.48941102      0.53687321      0.99514745      4.50000000    -10.00000000
    -52.80936455      0.00000000      0.00000000      0.00000000      0.00000000      0.00026901      7.25900225      0.00000632    202.01526318      0.07928503      1.98263077      0.99983295      0.63600800      0.48951160      0.48951160      0.53661917      0.99507426      4.50000000    -10.00000000
    -53.07692308      0.00000000      0.00000000      0.00000000      0.00000000      0.00025406      7.31776545      0.00000616    198.91191881      0.08183096      1.98289331      0.99983295      0.63521504      0.48961027      0.48961027      0.53637137      0.99499780      4.50000000    -10.00000000
    -53.34448161      0.00000000      0.00000000      0.00000000      0.00000000      0.00023995      7.37649400      0.00000600    195.77174555      0.08448342      1.98314782      0.99983295      0.63442856      0.48970709      0.48970709      0.53612465      0.99491797      4.50000000    -10.00000000
    -53.61204013      0.00000000      0.00000000      0.00000000      0.00000000      0.00022663      7.43518647      0.00000585    192.59910595      0.08724709      1.98339464      0.99983295      0.63364856      0.48980210      0.48980210      0.53588080      0.99483469      4.50000000    -10.00000000
    -53.87959866      0.00000000      0.00000000      0.00000000      0.00000000      0.00021405      7.49384133      0.00000571    189.39828904      0.09012690      1.98363409      0.99983295      0.63287498      0.48989534      0.48989534      0.53563974      0.99474785      4.50000000    -10.00000000
    -54.14715719      0.00000000      0.00000000      0.00000000      0.00000000      0.00020217      7.55245702      0.00000557    186.17350091      0.09312798      1.98386649      0.99983295      0.63210784      0.48998687      0.48998687      0.53540141      0.99465736      4.50000000    -10.00000000
    -54.41471572      0.00000000      0.00000000      0.00000000      0.00000000      0.00019096      7.61103193      0.00000544    182.92885859      0.09625568      1.98409214      0.99983295      0.63134713      0.49007672      0.49007672      0.53516577      0.99456312      4.50000000    -10.00000000
    -54.68227425      0.00000000      0.00000000      0.00000000      0.00000000      0.00018037      7.66956437      0.00000531    179.66838439      0.09951562      1.98431132      0.99983295      0.63059296      0.49016491      0.49016491      0.53497165      0.99446500      4.50000000    -10.00000000
    -54.94983278      0.00000000      0.00000000      0.00000000      0.00000000      0.00017037      7.72805258      0.00000519    176.39600445      0.10291363      1.98452430      0.99983295      0.62984518      0.49025156      0.49025156      0.53470278      0.99436289      4.50000000    -10.00000000
    -55.21739130      0.00000000      0.00000000      0.00000000      0.00000000      0.00016093      7.78649476      0.00000507    173.11549940      0.10645585      1.98473134      0.99983295      0.62910378      0.49033663      0.49033663      0.53447464      0.99425669      4.50000000    -10.00000000
    -55.48494983      0.00000000      0.00000000      0.00000000      0.00000000      0.00015202      7.84488901      0.00000496    169.83059029      0.11014865      1.98493268      0.99983295      0.62836877      0.49042024      0.49042024      0.53425068      0.99414625      4.50000000    -10.00000000
    -55.75250836      0.00000000      0.00000000      0.00000000      0.00000000      0.00014360      7.90323338      0.00000485    166.54484195      0.11399871      1.98512855      0.99983295      0.62764085      0.49050228      0.49050228      0.53402744      0.99403145      4.50000000    -10.00000000
    -56.02006689      0.00000000      0.00000000      0.00000000      0.00000000      0.00013566      7.96152584      0.00000474    163.26170449      0.11801299      1.98531918      0.99983295      0.62691795      0.49058292      0.49058292      0.53380670      0.99391215      4.50000000    -10.00000000
    -56.28762542      0.00000000      0.00000000      0.00000000      0.00000000      0.00012816      8.01976427      0.00000464    159.98450155      0.12219876      1.98550478      0.99983295      0.62620216      0.49066217      0.49066217      0.53359022      0.99378822      4.50000000    -10.00000000
    -56.55518395      0.00000000      0.00000000      0.00000000      0.00000000      0.00012107      8.07794647      0.00000454    156.71641880      0.12656364      1.98568554      0.99983295      0.62549942      0.49074004      0.49074004      0.53337498      0.99365951      4.50000000    -10.00000000
    -56.82274247      0.00000000      0.00000000      0.00000000      0.00000000      0.00011438      8.13607018      0.00000444    153.46053728      0.13111554      1.98586166      0.99983295      0.62478883      0.49081658      0.49081658      0.53316247      0.99352585      4.50000000    -10.00000000
    -57.09030100      0.00000000      0.00000000      0.00000000      0.00000000      0.00010806      8.19413301      0.00000435    150.21976159      0.13586277      1.98603332      0.99983295      0.62413442      0.49089182      0.49089182      0.53295224      0.99338711      4.50000000    -10.00000000
    -57.35785953      0.00000000      0.00000000      0.00000000      0.00000000      0.00010210      8.25213251      0.00000426    146.99688794      0.14081397      1.98620070      0.99983295      0.62340010      0.49096578      0.49096578      0.53274444      0.99324310      4.50000000    -10.00000000
    -57.62541806      0.00000000      0.00000000      0.00000000      0.00000000      0.00009647      8.31006612      0.00000417    143.79457030      0.14597819      1.98636395      0.99983295      0.62271466      0.49103851      0.49103851      0.53253898      0.99309366      4.50000000    -10.00000000
    -57.89297659      0.00000000      0.00000000      0.00000000      0.00000000      0.00009115      8.36793118      0.00000408    140.61532820      0.15136485      1.98652323      0.99983295      0.62203715      0.49111003      0.49111003      0.53234306      0.99293862      4.50000000    -10.00000000
    -58.16053512      0.00000000      0.00000000      0.00000000      0.00000000      0.00008612      8.42572492      0.00000400    137.46152419      0.15698383      1.98667870      0.99983295      0.62135943      0.49118036      0.49118036      0.53213471      0.99277778      4.50000000    -10.00000000
    -58.42809365      0.00000000      0.00000000      0.00000000      0.00000000      0.00008138      8.48344449      0.00000392    134.33543003      0.16284536      1.98683050      0.99983295      0.62069646      0.49124955      0.49124955      0.53196763      0.99261095      4.50000000    -10.00000000
    -58.69565217      0.00000000      0.00000000      0.00000000      0.00000000      0.00007690      8.54108688      0.00000385    131.23911253      0.16896023      1.98697876      0.99983295      0.62003680      0.49131761      0.49131761      0.53173988      0.99243794      4.50000000    -10.00000000
    -58.96321070      0.00000000      0.00000000      0.00000000      0.00000000      0.00007266      8.59864900      0.00000377    128.17457818      0.17533962      1.98712362      0.99983295      0.61938219      0.49138458      0.49138458      0.53154557      0.99225854      4.50000000    -10.00000000
    -59.23076923      0.00000000      0.00000000      0.00000000      0.00000000      0.00006867      8.65612763      0.00000370    125.14365729      0.18199521      1.98726520      0.99983295      0.61873325      0.49145046      0.49145046      0.53135365      0.99207253      4.50000000    -10.00000000
    -59.49832776      0.00000000      0.00000000      0.00000000      0.00000000      0.00006489      8.71351834      0.00000363    122.14895606      0.18893780      1.98740361      0.99983295      0.61809020      0.49151531      0.49151531      0.53116356      0.99187975      4.50000000    -10.00000000
    -59.76588629      0.00000000      0.00000000      0.00000000      0.00000000      0.00006133      8.77082087      0.00000356    119.18935205      0.19618443      1.98753898      0.99983295      0.61745299      0.49157914      0.49157914      0.53097575      0.99167980      4.50000000    -10.00000000
    -60.03344482      0.00000000      0.00000000      0.00000000      0.00000000      0.00005796      8.82802839      0.00000350    116.26902905      0.20374404      1.98767140      0.99983295      0.61682121      0.49164196      0.49164196      0.53078981      0.99147260      4.50000000    -10.00000000
    -60.30100334      0.00000000      0.00000000      0.00000000      0.00000000      0.00005478      8.88513819      0.00000343    113.38840510      0.21163195      1.98780098      0.99983295      0.61619553      0.49170381      0.49170381      0.53060611      0.99125786      4.50000000    -10.00000000
    -60.56856187      0.00000000      0.00000000      0.00000000      0.00000000      0.00005178      8.94214639      0.00000337    110.54869636      0.21986264      1.98792783      0.99983295      0.61557530      0.49176471      0.49176471      0.53043894      0.99103531      4.50000000    -10.00000000
    -60.83612040      0.00000000      0.00000000      0.00000000      0.00000000      0.00004894      8.99904890      0.00000331    107.75100387      0.22845118      1.98805203      0.99983295      0.61496071      0.49182468      0.49182468      0.53024510      0.99080468      4.50000000    -10.00000000
    -61.10367893      0.00000000      0.00000000      0.00000000      0.00000000      0.00004626      9.05584151      0.00000325    104.99631344      0.23741332      1.98817367      0.99983295      0.61435166      0.49188374      0.49188374      0.53006672      0.99056571      4.50000000    -10.00000000
    -61.37123746      0.00000000      0.00000000      0.00000000      0.00000000      0.00004373      9.11251982      0.00000319    102.28550624      0.24676547      1.98829284      0.99983295      0.61374823      0.49194190      0.49194190      0.52989087      0.99031810      4.50000000    -10.00000000
    -61.63879599      0.00000000      0.00000000      0.00000000      0.00000000      0.00004133      9.16907928      0.00000314     99.61935532      0.25652473      1.98840963      0.99983295      0.61314985      0.49199920      0.49199920      0.52971648      0.99006155      4.50000000    -10.00000000
    -61.90635452      0.00000000      0.00000000      0.00000000      0.00000000      0.00003907      9.22551515      0.00000309     96.99853159      0.26670896      1.98852410      0.99983295      0.61255744      0.49205565      0.49205565      0.52954465      0.98979577      4.50000000    -10.00000000
    -62.17391304      0.00000000      0.00000000      0.00000000      0.00000000      0.00003694      9.28182250      0.00000303     94.42361345      0.27733674      1.98863634      0.99983295      0.61196856      0.49211127      0.49211127      0.52937435      0.98952041      4.50000000    -10.00000000
    -62.44147157      0.00000000      0.00000000      0.00000000      0.00000000      0.00003492      9.33799621      0.00000298     91.89507904      0.28842748      1.98874642      0.99983295      0.61138744      0.49216608      0.49216608      0.52920588      0.98923517      4.50000000    -10.00000000
    -62.70903010      0.00000000      0.00000000      0.00000000      0.00000000      0.00003302      9.39403096      0.00000293     89.41331944      0.30000139      1.98885441      0.99983295      0.61081081      0.49222010      0.49222010      0.52903919      0.98893968      4.50000000    -10.00000000
    -62.97658863      0.00000000      0.00000000      0.00000000      0.00000000      0.00003122      9.44992124      0.00000288     86.97865010      0.31207949      1.98896037      0.99983295      0.61023872      0.49227334      0.49227334      0.52890038      0.98863361      4.50000000    -10.00000000
    -63.24414716      0.00000000      0.00000000      0.00000000      0.00000000      0.00002952      9.50566129      0.00000284     84.59128329      0.32468376      1.98906436      0.99983295      0.60967124      0.49232581      0.49232581      0.52871111      0.98831657      4.50000000    -10.00000000
    -63.51170569      0.00000000      0.00000000      0.00000000      0.00000000      0.00002791      9.56124517      0.00000279     82.25137996      0.33783701      1.98916645      0.99983295      0.60911051      0.49237755      0.49237755      0.52854965      0.98798819      4.50000000    -10.00000000
    -63.77926421      0.00000000      0.00000000      0.00000000      0.00000000      0.00002639      9.61666666      0.00000275     79.95900157      0.35156309      1.98926670      0.99983295      0.60856373      0.49242855      0.49242855      0.52838990      0.98764807      4.50000000    -10.00000000
    -64.04682274      0.00000000      0.00000000      0.00000000      0.00000000      0.00002496      9.67191928      0.00000270     77.71418230      0.36588664      1.98936515      0.99983295      0.60800230      0.49247885      0.49247885      0.52823182      0.98729581      4.50000000    -10.00000000
    -64.31438127      0.00000000      0.00000000      0.00000000      0.00000000      0.00002360      9.72699655      0.00000266     75.51679489      0.38083380      1.98946187      0.99983295      0.60745514      0.49252845      0.49252845      0.52807536      0.98693097      4.50000000    -10.00000000
    -64.58193980      0.00000000      0.00000000      0.00000000      0.00000000      0.00002232      9.78189132      0.00000262     73.36677635      0.39643112      1.98955690      0.99983295      0.60691484      0.49257736      0.49257736      0.52792057      0.98655314      4.50000000    -10.00000000
    -64.84949833      0.00000000      0.00000000      0.00000000      0.00000000      0.00002111      9.83659645      0.00000258     71.26392592      0.41270666      1.98965030      0.99983295      0.60637945      0.49262561      0.49262561      0.52776733      0.98616184      4.50000000    -10.00000000
    -65.11705686      0.00000000      0.00000000      0.00000000      0.00000000      0.00001997      9.89110446      0.00000254     69.20800566      0.42968951      1.98974210      0.99983295      0.60584457      0.49267320      0.49267320      0.52761569      0.98575661      4.50000000    -10.00000000
    -65.38461538      0.00000000      0.00000000      0.00000000      0.00000000      0.00001888      9.94540759      0.00000250     67.19872835      0.44740994      1.98983237      0.99983295      0.60531688      0.49272016      0.49272016      0.52746600      0.98533697      4.50000000    -10.00000000
    -65.65217391      0.00000000      0.00000000      0.00000000      0.00000000      0.00001786      9.99949777      0.00000246     65.23575927      0.46589941      1.98992113      0.99983295      0.60479420      0.49276649      0.49276649      0.52734852      0.98490242      4.50000000    -10.00000000
    -65.91973244      0.00000000      0.00000000      0.00000000      0.00000000      0.00001690     10.05336662      0.00000243     63.31871509      0.48519069      1.99000843      0.99983295      0.60427450      0.49281220      0.49281220      0.52716995      0.98445243      4.50000000    -10.00000000
    -66.18729097      0.00000000      0.00000000      0.00000000      0.00000000      0.00001599     10.10700549      0.00000239     61.44717926      0.50531776      1.99009431      0.99983295      0.60376226      0.49285731      0.49285731      0.52702448      0.98398647      4.50000000    -10.00000000
    -66.45484950      0.00000000      0.00000000      0.00000000      0.00000000      0.00001512     10.16040530      0.00000236     59.62068812      0.52631602      1.99017882      0.99983295      0.60325266      0.49290183      0.49290183      0.52688045      0.98350398      4.50000000    -10.00000000
    -66.72240803      0.00000000      0.00000000      0.00000000      0.00000000      0.00001431     10.21355682      0.00000232     57.83875795      0.54822214      1.99026198      0.99983295      0.60274834      0.49294577      0.49294577      0.52673785      0.98300440      4.50000000    -10.00000000
    -66.98996656      0.00000000      0.00000000      0.00000000      0.00000000      0.00001354     10.26645024      0.00000229     56.10085250      0.57107436      1.99034383      0.99983295      0.60224829      0.49298915      0.49298915      0.52659658      0.98248713      4.50000000    -10.00000000
    -67.25752508      0.00000000      0.00000000      0.00000000      0.00000000      0.00001281     10.31907551      0.00000226     54.40641674      0.59491233      1.99042441      0.99983295      0.60114628      0.49303197      0.49303197      0.52645698      0.98195155      4.50000000    -10.00000000
    -67.52508361      0.00000000      0.00000000      0.00000000      0.00000000      0.00001212     10.37142224      0.00000222     52.75487844      0.61977708      1.99050374      0.99983295      0.60123122      0.49307425      0.49307425      0.52631841      0.98139704      4.50000000    -10.00000000
    -67.79264214      0.00000000      0.00000000      0.00000000      0.00000000      0.00001147     10.42347959      0.00000219     51.14562585      0.64571140      1.99058187      0.99983295      0.60131507      0.49311600      0.49311600      0.52618139      0.98082294      4.50000000    -10.00000000
    -68.06020067      0.00000000      0.00000000      0.00000000      0.00000000      0.00001085     10.47523635      0.00000216     49.57803420      0.67275954      1.99065882      0.99983295      0.60028977      0.49315722      0.49315722      0.52604574      0.98022857      4.50000000    -10.00000000
    -68.32775920      0.00000000      0.00000000      0.00000000      0.00000000      0.00001027     10.52668087      0.00000213     48.05145604      0.70096748      1.99073463      0.99983295      0.59981193      0.49319793      0.49319793      0.52576110      0.97961325      4.50000000    -10.00000000
    -68.59531773      0.00000000      0.00000000      0.00000000      0.00000000      0.00000972     10.57780113      0.00000210     46.56523305      0.73038278      1.99080931      0.99983295      0.59933616      0.49323813      0.49323813      0.52578129      0.97897624      4.50000000    -10.00000000
    -68.86287625      0.00000000      0.00000000      0.00000000      0.00000000      0.00000920     10.62858462      0.00000207     45.11868629      0.76105481      1.99088290      0.99983295      0.59886587      0.49327784      0.49327784      0.52580124      0.97831682      4.50000000    -10.00000000
    -69.13043478      0.00000000      0.00000000      0.00000000      0.00000000      0.00000871     10.67901843      0.00000205     43.71112636      0.79303469      1.99095542      0.99983295      0.59839899      0.49331707      0.49331707      0.52551625      0.97763420      4.50000000    -10.00000000
    -69.39799331      0.00000000      0.00000000      0.00000000      0.00000000      0.00000825     10.72908916      0.00000202     42.34185418      0.82637533      1.99102690      0.99983295      0.59793637      0.49335582      0.49335582      0.52538876      0.97692761      4.50000000    -10.00000000
    -69.66555184      0.00000000      0.00000000      0.00000000      0.00000000      0.00000781     10.77878292      0.00000199     41.01015876      0.86113157      1.99109737      0.99983295      0.59747764      0.49339411      0.49339411      0.52525974      0.97619623      4.50000000    -10.00000000
    -69.93311037      0.00000000      0.00000000      0.00000000      0.00000000      0.00000739     10.82808537      0.00000196     39.71532504      0.89736005      1.99116684      0.99983295      0.59702324      0.49343194      0.49343194      0.52513245      0.97543922      4.50000000    -10.00000000
    -70.20066890      0.00000000      0.00000000      0.00000000      0.00000000      0.00000700     10.87698164      0.00000194     38.45663145      0.93511938      1.99123535      0.99983295      0.59657192      0.49346931      0.49346931      0.52499388      0.97465572      4.50000000    -10.00000000
    -70.46822742      0.00000000      0.00000000      0.00000000      0.00000000      0.00000663     10.92545634      0.00000191     37.23335161      0.97447017      1.99130291      0.99983295      0.59612485      0.49350625      0.49350625      0.52488266      0.97384483      4.50000000    -10.00000000
    -70.73578595      0.00000000      0.00000000      0.00000000      0.00000000      0.00000628     10.97349359      0.00000189     36.04475880      1.01547495      1.99136954      0.99983295      0.59568162      0.49354276      0.49354276      0.52475960      0.97300563      4.50000000    -10.00000000
    -71.00334448      0.00000000      0.00000000      0.00000000      0.00000000      0.00000594     11.02107692      0.00000186     34.89012260      1.05819835      1.99143526      0.99983295      0.59528444      0.49357884      0.49357884      0.52463767      0.97213718      4.50000000    -10.00000000
    -71.27090301      0.00000000      0.00000000      0.00000000      0.00000000      0.00000563     11.06818934      0.00000184     33.76871633      1.10270696      1.99150011      0.99983295      0.59480606      0.49361450      0.49361450      0.52451688      0.97123851      4.50000000    -10.00000000
    -71.53846154      0.00000000      0.00000000      0.00000000      0.00000000      0.00000533     11.11481324      0.00000181     32.67980667      1.14906969      1.99156408      0.99983295      0.59437393      0.49364976      0.49364976      0.52439722      0.97030862      4.50000000    -10.00000000
    -71.80602007      0.00000000      0.00000000      0.00000000      0.00000000      0.00000505     11.16093043      0.00000179     31.62266790      1.19735741      1.99162721      0.99983295      0.59394530      0.49368461      0.49368461      0.52427889      0.96934647      4.50000000    -10.00000000
    -72.07357860      0.00000000      0.00000000      0.00000000      0.00000000      0.00000478     11.20652222      0.00000177     30.59658174      1.24764294      1.99168951      0.99983295      0.59352029      0.49371906      0.49371906      0.52416127      0.96835101      4.50000000    -10.00000000
    -72.34113712      0.00000000      0.00000000      0.00000000      0.00000000      0.00000453     11.25156918      0.00000174     29.60082725      1.30000149      1.99175100      0.99983295      0.59309882      0.49375313      0.49375313      0.52404467      0.96732114      4.50000000    -10.00000000
    -72.60869565      0.00000000      0.00000000      0.00000000      0.00000000      0.00000429     11.29605133      0.00000172     28.63469087      1.35451034      1.99181170      0.99983295      0.59268088      0.49378681      0.49378681      0.52392967      0.96625576      4.50000000    -10.00000000
    -72.87625418      0.00000000      0.00000000      0.00000000      0.00000000      0.00000407     11.33994802      0.00000170     27.69746483      1.41124890      1.99187161      0.99983295      0.59227150      0.49382012      0.49382012      0.52381314      0.96515372      4.50000000    -10.00000000
    -73.14381271      0.00000000      0.00000000      0.00000000      0.00000000      0.00000386     11.38323796      0.00000168     26.78844792      1.47029875      1.99193077      0.99983295      0.59185519      0.49385307      0.49385307      0.52370238      0.96401382      4.50000000    -10.00000000
    -73.41137124      0.00000000      0.00000000      0.00000000      0.00000000      0.00000365     11.42589920      0.00000166     25.90694615      1.53174356      1.99198918      0.99983295      0.59144754      0.49388564      0.49388564      0.52359018      0.96283488      4.50000000    -10.00000000
    -73.67892977      0.00000000      0.00000000      0.00000000      0.00000000      0.00000346     11.46790912      0.00000164     25.05227330      1.59566917      1.99204686      0.99983295      0.59104376      0.49391787      0.49391787      0.52347907      0.96161563      4.50000000    -10.00000000
    -73.94648829      0.00000000      0.00000000      0.00000000      0.00000000      0.00000328     11.50924440      0.00000162     24.22375152      1.66216346      1.99210382      0.99983295      0.59064183      0.49394974      0.49394974      0.52336892      0.96035483      4.50000000    -10.00000000
    -74.21404682      0.00000000      0.00000000      0.00000000      0.00000000      0.00000311     11.54988104      0.00000160     23.42071179      1.73131639      1.99216008      0.99983295      0.59024437      0.49398127      0.49398127      0.52325987      0.95905115      4.50000000    -10.00000000
    -74.48160535      0.00000000      0.00000000      0.00000000      0.00000000      0.00000295     11.58979432      0.00000158     22.64249439      1.80321993      1.99221565      0.99983295      0.58984905      0.49401246      0.49401246      0.52315175      0.95770328      4.50000000    -10.00000000
    -74.74916388      0.00000000      0.00000000      0.00000000      0.00000000      0.00000280     11.62895882      0.00000156     21.88844922      1.87796797      1.99227054      0.99983295      0.58921131      0.49404331      0.49404331      0.52304438      0.95630984      4.50000000    -10.00000000
    -75.01672241      0.00000000      0.00000000      0.00000000      0.00000000      0.00000265     11.66734839      0.00000154     21.15793626      1.95565633      1.99232478      0.99983295      0.58927242      0.49407384      0.49407384      0.52293839      0.95486944      4.50000000    -10.00000000
    -75.28428094      0.00000000      0.00000000      0.00000000      0.00000000      0.00000252     11.70493616      0.00000152     20.45032575      2.03638260      1.99237836      0.99983295      0.58868529      0.49410405      0.49410405      0.52283314      0.95338066      4.50000000    -10.00000000
    -75.55183946      0.00000000      0.00000000      0.00000000      0.00000000      0.00000239     11.74169451      0.00000150     19.76499855      2.12024611      1.99243131      0.99983295      0.58830340      0.49413394      0.49413394      0.52272886      0.95184204      4.50000000    -10.00000000
    -75.81939799      0.00000000      0.00000000      0.00000000      0.00000000      0.00000226     11.77759508      0.00000148     19.10134630      2.20734781      1.99248363      0.99983295      0.58792458      0.49416352      0.49416352      0.52262689      0.95025209      4.50000000    -10.00000000
    -76.08695652      0.00000000      0.00000000      0.00000000      0.00000000      0.00000215     11.81260880      0.00000146     18.45877164      2.29779011      1.99253533      0.99983295      0.58754863      0.49419279      0.49419279      0.52252297      0.94860929      4.50000000    -10.00000000
    -76.35451505      0.00000000      0.00000000      0.00000000      0.00000000      0.00000204     11.84670580      0.00000144     17.83668836      2.39167680      1.99258644      0.99983295      0.58717586      0.49422176      0.49422176      0.52242133      0.94691211      4.50000000    -10.00000000
    -76.62207358      0.00000000      0.00000000      0.00000000      0.00000000      0.00000193     11.87985549      0.00000142     17.23452151      2.48911289      1.99263695      0.99983295      0.58680599      0.49425043      0.49425043      0.52232064      0.94515897      4.50000000    -10.00000000
    -76.88963211      0.00000000      0.00000000      0.00000000      0.00000000      0.00000183     11.91202653      0.00000141     16.65170748      2.59020442      1.99268688      0.99983295      0.58644034      0.49427881      0.49427881      0.52222089      0.94334826      4.50000000    -10.00000000
    -77.15719064      0.00000000      0.00000000      0.00000000      0.00000000      0.00000174     11.94318682      0.00000139     16.08769408      2.69505828      1.99273624      0.99983295      0.58607518      0.49430691      0.49430691      0.52212165      0.94147835      4.50000000    -10.00000000
    -77.42474916      0.00000000      0.00000000      0.00000000      0.00000000      0.00000165     11.97330353      0.00000137     15.54194058      2.80378204      1.99278503      0.99983295      0.58571275      0.49433472      0.49433472      0.52202368      0.93954760      4.50000000    -10.00000000
    -77.69230769      0.00000000      0.00000000      0.00000000      0.00000000      0.00000157     12.00234307      0.00000135     15.01391768      2.91648369      1.99283328      0.99983295      0.58535478      0.49436225      0.49436225      0.52192626      0.93755432      4.50000000    -10.00000000
    -77.95986622      0.00000000      0.00000000      0.00000000      0.00000000      0.00000149     12.03027111      0.00000134     14.50310752      3.03327141      1.99288099      0.99983295      0.58499999      0.49438951      0.49438951      0.52183366      0.93549680      4.50000000    -10.00000000
    -78.22742475      0.00000000      0.00000000      0.00000000      0.00000000      0.00000141     12.05705257      0.00000132     14.00900359      3.15425334      1.99292816      0.99983295      0.58467812      0.49441649      0.49441649      0.52173382      0.93337333      4.50000000    -10.00000000
    -78.49498328      0.00000000      0.00000000      0.00000000      0.00000000      0.00000134     12.08265167      0.00000130     13.53111074      3.27953728      1.99297481      0.99983295      0.58429056      0.49444321      0.49444321      0.52163952      0.93118214      4.50000000    -10.00000000
    -78.76254181      0.00000000      0.00000000      0.00000000      0.00000000      0.00000128     12.10703185      0.00000129     13.06894498      3.40923038      1.99302095      0.99983295      0.58395059      0.49446967      0.49446967      0.52154551      0.92892146      4.50000000    -10.00000000
    -79.03010033      0.00000000      0.00000000      0.00000000      0.00000000      0.00000121     12.13015585      0.00000127     12.62203339      3.54343888      1.99306658      0.99983295      0.58360541      0.49449587      0.49449587      0.52145229      0.92658952      4.50000000    -10.00000000
    -79.29765886      0.00000000      0.00000000      0.00000000      0.00000000      0.00000115     12.15198564      0.00000126     12.18991397      3.68226775      1.99311172      0.99983295      0.58326354      0.49452182      0.49452182      0.52135986      0.92418449      4.50000000    -10.00000000
    -79.56521739      0.00000000      0.00000000      0.00000000      0.00000000      0.00000109     12.17248245      0.00000124     11.77213540      3.82582037      1.99315636      0.99983295      0.58292426      0.49454752      0.49454752      0.52126797      0.92170456      4.50000000    -10.00000000
    -79.83277592      0.00000000      0.00000000      0.00000000      0.00000000      0.00000104     12.19160673      0.00000122     11.36825683      3.97419821      1.99320053      0.99983295      0.58258781      0.49457297      0.49457297      0.52117728      0.91914786      4.50000000    -10.00000000
    -80.10033445      0.00000000      0.00000000      0.00000000      0.00000000      0.00000099     12.20931811      0.00000121     10.97784753      4.12750049      1.99324422      0.99983295      0.58225335      0.49459817      0.49459817      0.52108778      0.91651255      4.50000000    -10.00000000
    -80.36789298      0.00000000      0.00000000      0.00000000      0.00000000      0.00000094     12.22557534      0.00000119     10.60048656      4.28582390      1.99328745      0.99983295      0.58192175      0.49462314      0.49462314      0.52099749      0.91379672      4.50000000    -10.00000000
    -80.63545151      0.00000000      0.00000000      0.00000000      0.00000000      0.00000089     12.24033618      0.00000118     10.23576222      4.44926233      1.99333022      0.99983295      0.58160856      0.49464787      0.49464787      0.52090907      0.91099847      4.50000000    -10.00000000
    -80.90301003      0.00000000      0.00000000      0.00000000      0.00000000      0.00000085     12.25355726      0.00000116      9.88327154      4.61790666      1.99337254      0.99983295      0.58126630      0.49467237      0.49467237      0.52082113      0.90811586      4.50000000    -10.00000000
    -81.17056856      0.00000000      0.00000000      0.00000000      0.00000000      0.00000081     12.26519385      0.00000115      9.54261938      4.79184477      1.99341441      0.99983295      0.58094248      0.49469664      0.49469664      0.52073384      0.90514691      4.50000000    -10.00000000
    -81.43812709      0.00000000      0.00000000      0.00000000      0.00000000      0.00000077     12.27519952      0.00000113      9.21341741      4.97116161      1.99345585      0.99983295      0.58062069      0.49472068      0.49472068      0.52063863      0.90208958      4.50000000    -10.00000000
    -81.70568562      0.00000000      0.00000000      0.00000000      0.00000000      0.00000073     12.28352564      0.00000112      8.89528268      5.15593969      1.99349686      0.99983295      0.58030181      0.49474450      0.49474450      0.52056191      0.89894175      4.50000000    -10.00000000
    -81.97324415      0.00000000      0.00000000      0.00000000      0.00000000      0.00000070     12.29012056      0.00000110      8.58783557      5.34625999      1.99353745      0.99983295      0.57998445      0.49476810      0.49476810      0.52047647      0.89570117      4.50000000    -10.00000000
    -82.24080268      0.00000000      0.00000000      0.00000000      0.00000000      0.00000066     12.29492850      0.00000109      8.29069694      5.54220370      1.99357762      0.99983295      0.57966935      0.49479149      0.49479149      0.52039216      0.89236545      4.50000000    -10.00000000
    -82.50836120      0.00000000      0.00000000      0.00000000      0.00000000      0.00000063     12.29788770      0.00000107      8.00348391      5.74385514      1.99361738      0.99983295      0.57935787      0.49481466      0.49481466      0.52030829      0.88893188      4.50000000    -10.00000000
    -82.77591973      0.00000000      0.00000000      0.00000000      0.00000000      0.00000060     12.29892767      0.00000106      7.72580363      5.95130679      1.99365674      0.99983295      0.57904864      0.49483762      0.49483762      0.52022551      0.88539738      4.50000000    -10.00000000
    -83.04347826      0.00000000      0.00000000      0.00000000      0.00000000      0.00000057     12.29796471      0.00000104      7.45724369      6.16466752      1.99369569      0.99983295      0.57874098      0.49486038      0.49486038      0.52014113      0.88175817      4.50000000    -10.00000000
    -83.31103679      0.00000000      0.00000000      0.00000000      0.00000000      0.00000054     12.29489486      0.00000103      7.19735721      6.38407661      1.99373426      0.99983295      0.57843531      0.49488293      0.49488293      0.52006107      0.87800946      4.50000000    -10.00000000
    -83.57859532      0.00000000      0.00000000      0.00000000      0.00000000      0.00000052     12.28958210      0.00000102      6.94563879      6.60972736      1.99377244      0.99983295      0.57813802      0.49490527      0.49490527      0.51997913      0.87414479      4.50000000    -10.00000000
    -83.84615385      0.00000000      0.00000000      0.00000000      0.00000000      0.00000049     12.28183862      0.00000100      6.70148502      6.84190803      1.99381024      0.99983295      0.57783148      0.49492742      0.49492742      0.51989942      0.87015491      4.50000000    -10.00000000
    -84.11371237      0.00000000      0.00000000      0.00000000      0.00000000      0.00000047     12.27139050      0.00000099      6.46412753      7.08107422      1.99384767      0.99983295      0.57753312      0.49494937      0.49494937      0.51981957      0.86602587      4.50000000    -10.00000000
    -84.38127090      0.00000000      0.00000000      0.00000000      0.00000000      0.00000045     12.25781630      0.00000097      6.23251636      7.32798040      1.99388473      0.99983295      0.57693868      0.49497113      0.49497113      0.51974245      0.86173554      4.50000000    -10.00000000
    -84.64882943      0.00000000      0.00000000      0.00000000      0.00000000      0.00000043     12.24043360      0.00000096      6.00511056      7.58392635      1.99392142      0.99983295      0.57698181      0.49499270      0.49499270      0.51966099      0.85724708      4.50000000    -10.00000000
    -84.91638796      0.00000000      0.00000000      0.00000000      0.00000000      0.00000041     12.21808134      0.00000094      5.77949120      7.85123409      1.99395776      0.99983295      0.57702457      0.49501408      0.49501408      0.51958375      0.85249631      4.50000000    -10.00000000
    -85.18394649      0.00000000      0.00000000      0.00000000      0.00000000      0.00000039     12.18868656      0.00000093      5.55162813      8.13420213      1.99399374      0.99983295      0.57635931      0.49503527      0.49503527      0.51943388      0.84736618      4.50000000    -10.00000000
    -85.45150502      0.00000000      0.00000000      0.00000000      0.00000000      0.00000037     12.14836995      0.00000091      5.31447033      8.44107075      1.99402937      0.99983295      0.57607227      0.49505628      0.49505628      0.51944439      0.84163359      4.50000000    -10.00000000
    -85.71906355      0.00000000      0.00000000      0.00000000      0.00000000      0.00000034     12.08954252      0.00000090      5.05527082      8.78813696      1.99406466      0.99983295      0.57578640      0.49507711      0.49507711      0.51945480      0.83485462      4.50000000    -10.00000000
    -85.98662207      0.00000000      0.00000000      0.00000000      0.00000000      0.00000032     11.99680926      0.00000088      4.75091631      9.20821895      1.99409961      0.99983295      0.57550263      0.49509776      0.49509776      0.51927772      0.82611467      4.50000000    -10.00000000
    -86.25418060      0.00000000      0.00000000      0.00000000      0.00000000      0.00000030     11.83845303      0.00000085      4.36198317      9.76624094      1.99413423      0.99983295      0.57522003      0.49511823      0.49511823      0.51920267      0.81350184      4.50000000    -10.00000000
    -86.52173913      0.00000000      0.00000000      0.00000000      0.00000000      0.00000026     11.55123462      0.00000082      3.83447110     10.57725199      1.99416852      0.99983295      0.57494109      0.49513853      0.49513853      0.51912819      0.79315214      4.50000000    -10.00000000
    -86.78929766      0.00000000      0.00000000      0.00000000      0.00000000      0.00000022     11.02506382      0.00000077      3.13659206     11.77946849      1.99420248      0.99983295      0.57464784      0.49515866      0.49515866      0.51905428      0.75825511      4.50000000    -10.00000000
    -87.05685619      0.00000000      0.00000000      0.00000000      0.00000000      0.00000017     10.12635494      0.00000069      2.33835630     13.32959994      1.99423612      0.99983295      0.57438751      0.49517862      0.49517862      0.51898024      0.70045139      4.50000000    -10.00000000
    -87.32441472      0.00000000      0.00000000      0.00000000      0.00000000      0.00000013      8.81541185      0.00000058      1.61227910     14.65097407      1.99426945      0.99983295      0.57411365      0.49519842      0.49519842      0.51890849      0.61719251      4.50000000    -10.00000000
    -87.59197324      0.00000000      0.00000000      0.00000000      0.00000000      0.00000011      7.26944486      0.00000046      1.08161696     14.85082270      1.99430247      0.99983295      0.57387685      0.49521806      0.49521806      0.51883665      0.51960422      4.50000000    -10.00000000
    -87.85953177      0.00000000      0.00000000      0.00000000      0.00000000      0.00000009      5.78739590      0.00000035      0.74398715     13.68429597      1.99433518      0.99983295      0.57357154      0.49523753      0.49523753      0.51876417      0.42660128      4.50000000    -10.00000000
    -88.12709030      0.00000000      0.00000000      0.00000000      0.00000000      0.00000007      4.57233969      0.00000026      0.54105384     11.74513474      1.99436758      0.99983295      0.57330352      0.49525684      0.49525684      0.51869271      0.35109340      4.50000000    -10.00000000
    -88.39464883      0.00000000      0.00000000      0.00000000      0.00000000      0.00000007      3.66453078      0.00000019      0.41973604      9.72482950      1.99439969      0.99983295      0.57303716      0.49527599      0.49527599      0.51862239      0.29564372      4.50000000    -10.00000000
    -88.66220736      0.00000000      0.00000000      0.00000000      0.00000000      0.00000006      3.01430461      0.00000015      0.34596349      7.98298875      1.99443150      0.99983295      0.57277283      0.49529498      0.49529498      0.51855198      0.25703780      4.50000000    -10.00000000
    -88.92976589      0.00000000      0.00000000      0.00000000      0.00000000      0.00000006      2.55316306      0.00000012      0.30005869      6.60347301      1.99446302      0.99983295      0.57250997      0.49531382      0.49531382      0.51848260      0.23080396      4.50000000    -10.00000000
    -89.19732441      0.00000000      0.00000000      0.00000000      0.00000000      0.00000006      2.22350809      0.00000009      0.27086427      5.54813753      1.99449426      0.99983295      0.57224946      0.49533250      0.49533250      0.51841348      0.21313391      4.50000000    -10.00000000
    -89.46488294      0.00000000      0.00000000      0.00000000      0.00000000      0.00000005      1.98386397      0.00000008      0.25194834      4.74825231      1.99452521      0.99983295      0.57199045      0.49535103      0.49535103      0.51834488      0.20124500      4.50000000    -10.00000000
    -89.73244147      0.00000000      0.00000000      0.00000000      0.00000000      0.00000005      1.80604733      0.00000007      0.23949570      4.13982556      1.99455588      0.99983295      0.57172993      0.49536942      0.49536942      0.51827665      0.19322028      4.50000000    -10.00000000
    -90.00000000      0.00000000      0.00000000      0.00000000      0.00000000      0.00000005      1.67123720      0.00000006      0.23117509      3.67245655      1.99458627      0.99983295      0.57147783      0.49538765      0.49538765      0.51820918      0.18776784      4.50000000    -10.00000000
