    -10.00000000      0.00000000      0.00000000      0.00000000      0.00000000      0.03380423      0.00000086      0.00796808      0.00000000      0.42145884      0.99986405      0.99986405      0.50001211      0.50001456      0.50001456      0.49999850      0.00000000      8.50000000    -10.00000000
    -10.26755853      0.00000000      0.00000000      0.00000000      0.00000000      0.03368441      0.00404236      0.00795463      0.00001176      0.42224409      1.00713717      0.99986405      0.50036033      0.49990327      0.49990327      0.49990975      0.00001176      8.50000000    -10.00000000
    -10.53511706      0.00000000      0.00000000      0.00000000      0.00000000      0.03369830      0.00810967      0.00794369      0.00004743      0.42148968      1.01427655      0.99986405      0.49928839      0.49980296      0.49980296      0.49996633      0.00004743      8.50000000    -10.00000000
    -10.80267559      0.00000000      0.00000000      0.00000000      0.00000000      0.03371721      0.01223480      0.00792551      0.00010826      0.42028934      1.02141994      0.99986405      0.50049397      0.49970349      0.49970349      0.50020155      0.00010825      8.50000000    -10.00000000
    -11.07023411      0.00000000      0.00000000      0.00000000      0.00000000      0.03373953      0.01645065      0.00790013      0.00019648      0.41866628      1.02856935      0.99986405      0.50133437      0.49960294      0.49960294      0.50042076      0.00019644      8.50000000    -10.00000000
    -11.33779264      0.00000000      0.00000000      0.00000000      0.00000000      0.03376555      0.02079256      0.00786761      0.00031543      0.41662129      1.03572675      0.99986405      0.50199660      0.49950117      0.49950117      0.50059907      0.00031533      8.50000000    -10.00000000
    -11.60535117      0.00000000      0.00000000      0.00000000      0.00000000      0.03379552      0.02529663      0.00782801      0.00046966      0.41415695      1.04289409      0.99986405      0.50261318      0.49939565      0.49939565      0.50076935      0.00046944      8.50000000    -10.00000000
    -11.87290970      0.00000000      0.00000000      0.00000000      0.00000000      0.03382949      0.02999775      0.00778146      0.00066506      0.41128044      1.05007330      0.99986405      0.50318560      0.49929210      0.49929210      0.50093369      0.00066462      8.50000000    -10.00000000
    -12.14046823      0.00000000      0.00000000      0.00000000      0.00000000      0.03386739      0.03492828      0.00772809      0.00090889      0.40800258      1.05726628      0.99986405      0.50379483      0.49918693      0.49918693      0.50109642      0.00090807      8.50000000    -10.00000000
    -12.40802676      0.00000000      0.00000000      0.00000000      0.00000000      0.03390909      0.04011786      0.00766809      0.00120991      0.40433696      1.06447486      0.99986405      0.50444172      0.49907932      0.49907932      0.50125358      0.00120845      8.50000000    -10.00000000
    -12.67558528      0.00000000      0.00000000      0.00000000      0.00000000      0.03395442      0.04559381      0.00760166      0.00157851      0.40029942      1.07170086      0.99986405      0.50528651      0.49896853      0.49896853      0.50142236      0.00157603      8.50000000    -10.00000000
    -12.94314381      0.00000000      0.00000000      0.00000000      0.00000000      0.03400319      0.05138162      0.00752906      0.00202695      0.39590756      1.07894603      0.99986405      0.50590449      0.49885505      0.49885505      0.50158453      0.00202285      8.50000000    -10.00000000
    -13.21070234      0.00000000      0.00000000      0.00000000      0.00000000      0.03405517      0.05750533      0.00745054      0.00256957      0.39118043      1.08621207      0.99986405      0.50616490      0.49873714      0.49873714      0.50174783      0.00256299      8.50000000    -10.00000000
    -13.47826087      0.00000000      0.00000000      0.00000000      0.00000000      0.03411061      0.06399959      0.00736641      0.00322431      0.38613483      1.09350061      0.99986405      0.50654163      0.49861774      0.49861774      0.50193366      0.00321395      8.50000000    -10.00000000
    -13.74581940      0.00000000      0.00000000      0.00000000      0.00000000      0.03416757      0.07084936      0.00727681      0.00400677      0.38080210      1.10081323      0.99986405      0.50679258      0.49849328      0.49849328      0.50208733      0.00399078      8.50000000    -10.00000000
    -14.01337793      0.00000000      0.00000000      0.00000000      0.00000000      0.03422738      0.07811095      0.00718218      0.00494299      0.37519365      1.10815143      0.99986405      0.50717109      0.49836563      0.49836563      0.50226416      0.00491868      8.50000000    -10.00000000
    -14.28093645      0.00000000      0.00000000      0.00000000      0.00000000      0.03428911      0.08579031      0.00708279      0.00605728      0.36933516      1.11551661      0.99986405      0.50757069      0.49823687      0.49823687      0.50247813      0.00602081      8.50000000    -10.00000000
    -14.54849498      0.00000000      0.00000000      0.00000000      0.00000000      0.03435239      0.09390409      0.00697893      0.00737880      0.36324910      1.12291013      0.99986405      0.50801331      0.49810352      0.49810352      0.50277015      0.00732476      8.50000000    -10.00000000
    -14.81605351      0.00000000      0.00000000      0.00000000      0.00000000      0.03441683      0.10246728      0.00687093      0.00894077      0.35695801      1.13033324      0.99986405      0.50852868      0.49796454      0.49796454      0.50285347      0.00886154      8.50000000    -10.00000000
    -15.08361204      0.00000000      0.00000000      0.00000000      0.00000000      0.03448203      0.11149317      0.00675910      0.01078076      0.35048432      1.13778710      0.99986405      0.50892045      0.49782231      0.49782231      0.50294963      0.01066578      8.50000000    -10.00000000
    -15.35117057      0.00000000      0.00000000      0.00000000      0.00000000      0.03454756      0.12099333      0.00664376      0.01294121      0.34385025      1.14527277      0.99986405      0.50940073      0.49767546      0.49767546      0.50305729      0.01277588      8.50000000    -10.00000000
    -15.61872910      0.00000000      0.00000000      0.00000000      0.00000000      0.03461302      0.13097766      0.00652524      0.01546985      0.33707761      1.15279123      0.99986405      0.50973534      0.49752414      0.49752414      0.50317281      0.01523418      8.50000000    -10.00000000
    -15.88628763      0.00000000      0.00000000      0.00000000      0.00000000      0.03467795      0.14145436      0.00640386      0.01842015      0.33018774      1.16034333      0.99986405      0.51042061      0.49736830      0.49736830      0.50329983      0.01808699      8.50000000    -10.00000000
    -16.15384615      0.00000000      0.00000000      0.00000000      0.00000000      0.03474194      0.15242997      0.00627993      0.02185189      0.32320137      1.16792984      0.99986405      0.51095138      0.49720850      0.49720850      0.50343192      0.02138460      8.50000000    -10.00000000
    -16.42140468      0.00000000      0.00000000      0.00000000      0.00000000      0.03480453      0.16390948      0.00615376      0.02583165      0.31613861      1.17555140      0.99986405      0.51149660      0.49704299      0.49704299      0.50357221      0.02518118      8.50000000    -10.00000000
    -16.68896321      0.00000000      0.00000000      0.00000000      0.00000000      0.03486528      0.17589632      0.00602567      0.03043337      0.30901886      1.18320855      0.99986405      0.51205300      0.49687363      0.49687363      0.50371831      0.02953453      8.50000000    -10.00000000
    -16.95652174      0.00000000      0.00000000      0.00000000      0.00000000      0.03492370      0.18839248      0.00589596      0.03573897      0.30186075      1.19090171      0.99986405      0.51261966      0.49669788      0.49669788      0.50386537      0.03450576      8.50000000    -10.00000000
    -17.22408027      0.00000000      0.00000000      0.00000000      0.00000000      0.03497933      0.20139858      0.00576491      0.04183893      0.29468207      1.19863116      0.99986405      0.51319428      0.49651990      0.49651990      0.50402593      0.04015873      8.50000000    -10.00000000
    -17.49163880      0.00000000      0.00000000      0.00000000      0.00000000      0.03503168      0.21491398      0.00563282      0.04883299      0.28749975      1.20639710      0.99986405      0.51376880      0.49633602      0.49633602      0.50418737      0.04655936      8.50000000    -10.00000000
    -17.75919732      0.00000000      0.00000000      0.00000000      0.00000000      0.03508025      0.22893682      0.00549996      0.05683078      0.28032976      1.21419957      0.99986405      0.51451296      0.49614813      0.49614813      0.50435168      0.05377472      8.50000000    -10.00000000
    -18.02675585      0.00000000      0.00000000      0.00000000      0.00000000      0.03512456      0.24346417      0.00536659      0.06595253      0.27318707      1.22203850      0.99986405      0.51489010      0.49595533      0.49595533      0.50452106      0.06187192      8.50000000    -10.00000000
    -18.29431438      0.00000000      0.00000000      0.00000000      0.00000000      0.03516412      0.25849202      0.00523297      0.07632983      0.26608566      1.22991368      0.99986405      0.51557915      0.49575898      0.49575898      0.50472526      0.07091677      8.50000000    -10.00000000
    -18.56187291      0.00000000      0.00000000      0.00000000      0.00000000      0.03519844      0.27401545      0.00509935      0.08810639      0.25903843      1.23782480      0.99986405      0.51627505      0.49555650      0.49555650      0.50486814      0.08097222      8.50000000    -10.00000000
    -18.82943144      0.00000000      0.00000000      0.00000000      0.00000000      0.03522705      0.29002866      0.00496596      0.10143882      0.25205724      1.24577138      0.99986405      0.51697432      0.49535120      0.49535120      0.50504596      0.09209664      8.50000000    -10.00000000
    -19.09698997      0.00000000      0.00000000      0.00000000      0.00000000      0.03524948      0.30652507      0.00483300      0.11649746      0.24515291      1.25375284      0.99986405      0.51767653      0.49514253      0.49514253      0.50522432      0.10434189      8.50000000    -10.00000000
    -19.36454849      0.00000000      0.00000000      0.00000000      0.00000000      0.03526530      0.32349735      0.00470071      0.13346724      0.23833525      1.26176849      0.99986405      0.51838074      0.49492794      0.49492794      0.50549292      0.11775130      8.50000000    -10.00000000
    -19.63210702      0.00000000      0.00000000      0.00000000      0.00000000      0.03527407      0.34093755      0.00456926      0.15254858      0.23161305      1.26981744      0.99986405      0.51909787      0.49471061      0.49471061      0.50558839      0.13235761      8.50000000    -10.00000000
    -19.89966555      0.00000000      0.00000000      0.00000000      0.00000000      0.03527537      0.35883713      0.00443885      0.17395826      0.22499415      1.27789874      0.99986405      0.51999112      0.49448957      0.49448957      0.50576704      0.14818096      8.50000000    -10.00000000
    -20.16722408      0.00000000      0.00000000      0.00000000      0.00000000      0.03526883      0.37718703      0.00430964      0.19793039      0.21848546      1.28601128      0.99986405      0.52055297      0.49426616      0.49426616      0.50593817      0.16522695      8.50000000    -10.00000000
    -20.43478261      0.00000000      0.00000000      0.00000000      0.00000000      0.03525406      0.39597768      0.00418180      0.22471733      0.21209301      1.29415383      0.99986405      0.52128833      0.49403779      0.49403779      0.50614611      0.18348506      8.50000000    -10.00000000
    -20.70234114      0.00000000      0.00000000      0.00000000      0.00000000      0.03523072      0.41519908      0.00405547      0.25459065      0.20582202      1.30232502      0.99986405      0.52203236      0.49380718      0.49380718      0.50637571      0.20292727      8.50000000    -10.00000000
    -20.96989967      0.00000000      0.00000000      0.00000000      0.00000000      0.03519850      0.43484080      0.00393079      0.28784208      0.19967689      1.31052339      0.99986405      0.52278335      0.49357449      0.49357449      0.50658203      0.22350728      8.50000000    -10.00000000
    -21.23745819      0.00000000      0.00000000      0.00000000      0.00000000      0.03515711      0.45489194      0.00380788      0.32478434      0.19366133      1.31874734      0.99986405      0.52354222      0.49333901      0.49333901      0.50679283      0.24516016      8.50000000    -10.00000000
    -21.50501672      0.00000000      0.00000000      0.00000000      0.00000000      0.03510630      0.47534119      0.00368687      0.36575210      0.18777838      1.32699514      0.99986405      0.52420510      0.49310016      0.49310016      0.50700632      0.26780270      8.50000000    -10.00000000
    -21.77257525      0.00000000      0.00000000      0.00000000      0.00000000      0.03504586      0.49617676      0.00356786      0.41110262      0.18203048      1.33526496      0.99986405      0.52507263      0.49286199      0.49286199      0.50722651      0.29133432      8.50000000    -10.00000000
    -22.04013378      0.00000000      0.00000000      0.00000000      0.00000000      0.03497560      0.51738644      0.00345096      0.46121657      0.17641954      1.34355487      0.99986405      0.52584626      0.49262105      0.49262105      0.50744588      0.31563875      8.50000000    -10.00000000
    -22.30769231      0.00000000      0.00000000      0.00000000      0.00000000      0.03489539      0.53895773      0.00333624      0.51649874      0.17094707      1.35186281      0.99986405      0.52662677      0.49237852      0.49237852      0.50766714      0.34058633      8.50000000    -10.00000000
    -22.57525084      0.00000000      0.00000000      0.00000000      0.00000000      0.03480508      0.56087817      0.00322380      0.57737914      0.16561417      1.36018664      0.99986405      0.52740719      0.49213523      0.49213523      0.50788855      0.36603701      8.50000000    -10.00000000
    -22.84280936      0.00000000      0.00000000      0.00000000      0.00000000      0.03470453      0.58313586      0.00311370      0.64431474      0.16042164      1.36852410      0.99986405      0.52819300      0.49189124      0.49189124      0.50811122      0.39184392      8.50000000    -10.00000000
    -23.11036789      0.00000000      0.00000000      0.00000000      0.00000000      0.03459356      0.60572019      0.00300600      0.71779211      0.15536992      1.37687285      0.99986405      0.52894733      0.49163098      0.49163098      0.50833391      0.41785738      8.50000000    -10.00000000
    -23.37792642      0.00000000      0.00000000      0.00000000      0.00000000      0.03447195      0.62862225      0.00290076      0.79833078      0.15045899      1.38523046      0.99986405      0.52977286      0.49140209      0.49140209      0.50849474      0.44392877      8.50000000    -10.00000000
    -23.64548495      0.00000000      0.00000000      0.00000000      0.00000000      0.03433944      0.65183464      0.00279798      0.88648600      0.14568824      1.39359442      0.99986405      0.53056459      0.49115761      0.49115761      0.50878066      0.46991390      8.50000000    -10.00000000
    -23.91304348      0.00000000      0.00000000      0.00000000      0.00000000      0.03419582      0.67535059      0.00269770      0.98285013      0.14105640      1.40196213      0.99986405      0.53135912      0.49091428      0.49091428      0.50900391      0.49567545      8.50000000    -10.00000000
    -24.18060201      0.00000000      0.00000000      0.00000000      0.00000000      0.03404098      0.69916298      0.00259991      1.08805249      0.13656157      1.41033095      0.99986405      0.53215380      0.49067032      0.49067032      0.50922699      0.52108484      8.50000000    -10.00000000
    -24.44816054      0.00000000      0.00000000      0.00000000      0.00000000      0.03387486      0.72326376      0.00250462      1.20275915      0.13220146      1.41869814      0.99986405      0.53294620      0.49042668      0.49042668      0.50944999      0.54602390      8.50000000    -10.00000000
    -24.71571906      0.00000000      0.00000000      0.00000000      0.00000000      0.03369752      0.74764411      0.00241182      1.32767354      0.12797350      1.42706092      0.99986405      0.53373846      0.49018501      0.49018501      0.50967173      0.57038649      8.50000000    -10.00000000
    -24.98327759      0.00000000      0.00000000      0.00000000      0.00000000      0.03350904      0.77229468      0.00232152      1.46353786      0.12387499      1.43541646      0.99986405      0.53465604      0.48994806      0.48994806      0.50989272      0.59407971      8.50000000    -10.00000000
    -25.25083612      0.00000000      0.00000000      0.00000000      0.00000000      0.03330956      0.79720597      0.00223371      1.61113475      0.11990319      1.44376188      0.99986405      0.53533023      0.48971290      0.48971290      0.51011324      0.61702474      8.50000000    -10.00000000
    -25.51839465      0.00000000      0.00000000      0.00000000      0.00000000      0.03309924      0.82236850      0.00214838      1.77128900      0.11605531      1.45209427      0.99986405      0.53612912      0.48947800      0.48947800      0.51033206      0.63915708      8.50000000    -10.00000000
    -25.78595318      0.00000000      0.00000000      0.00000000      0.00000000      0.03287825      0.84777294      0.00206551      1.94486913      0.11232857      1.46041067      0.99986405      0.53693954      0.48924616      0.48924616      0.51054912      0.66042634      8.50000000    -10.00000000
    -26.05351171      0.00000000      0.00000000      0.00000000      0.00000000      0.03264678      0.87341017      0.00198508      2.13278902      0.10872016      1.46870812      0.99986405      0.53770829      0.48902671      0.48902671      0.51076500      0.68079561      8.50000000    -10.00000000
    -26.32107023      0.00000000      0.00000000      0.00000000      0.00000000      0.03240506      0.89927132      0.00190708      2.33600948      0.10522729      1.47698363      0.99986405      0.53844599      0.48879724      0.48879724      0.51097864      0.70024066      8.50000000    -10.00000000
    -26.58862876      0.00000000      0.00000000      0.00000000      0.00000000      0.03215331      0.92534780      0.00183148      2.55554007      0.10184713      1.48523420      0.99986405      0.53919483      0.48857636      0.48857636      0.51119151      0.71874878      8.50000000    -10.00000000
    -26.85618729      0.00000000      0.00000000      0.00000000      0.00000000      0.03189178      0.95163129      0.00175825      2.79244063      0.09857686      1.49345683      0.99986405      0.53994262      0.48835897      0.48835897      0.51143069      0.73631756      8.50000000    -10.00000000
    -27.12374582      0.00000000      0.00000000      0.00000000      0.00000000      0.03162073      0.97811376      0.00168737      3.04782322      0.09541364      1.50164853      0.99986405      0.54068551      0.48814586      0.48814586      0.51142104      0.75295364      8.50000000    -10.00000000
    -27.39130435      0.00000000      0.00000000      0.00000000      0.00000000      0.03134046      1.00478749      0.00161879      3.32285362      0.09235464      1.50980630      0.99986405      0.54149572      0.48793678      0.48793678      0.51181159      0.76867132      8.50000000    -10.00000000
    -27.65886288      0.00000000      0.00000000      0.00000000      0.00000000      0.03105125      1.03164501      0.00155249      3.61875310      0.08939704      1.51792720      0.99986405      0.54215197      0.48773304      0.48773304      0.51201335      0.78349135      8.50000000    -10.00000000
    -27.92642140      0.00000000      0.00000000      0.00000000      0.00000000      0.03075342      1.05867915      0.00148843      3.93680007      0.08653800      1.52600826      0.99986405      0.54287020      0.48753224      0.48753224      0.51221223      0.79743964      8.50000000    -10.00000000
    -28.19397993      0.00000000      0.00000000      0.00000000      0.00000000      0.03044730      1.08588299      0.00142656      4.27833166      0.08377475      1.53404658      0.99986405      0.54358361      0.48733682      0.48733682      0.51240775      0.81054620      8.50000000    -10.00000000
    -28.46153846      0.00000000      0.00000000      0.00000000      0.00000000      0.03013322      1.11324989      0.00136684      4.64474532      0.08110450      1.54203929      0.99986405      0.54428677      0.48714611      0.48714611      0.51260046      0.82284409      8.50000000    -10.00000000
    -28.72909699      0.00000000      0.00000000      0.00000000      0.00000000      0.02981153      1.14077346      0.00130923      5.03750023      0.07852451      1.54998356      0.99986405      0.54498031      0.48696251      0.48696251      0.51278544      0.83436854      8.50000000    -10.00000000
    -28.99665552      0.00000000      0.00000000      0.00000000      0.00000000      0.02948261      1.16844752      0.00125369      5.45811902      0.07603209      1.55787660      0.99986405      0.54566201      0.48678422      0.48678422      0.51297523      0.84515615      8.50000000    -10.00000000
    -29.26421405      0.00000000      0.00000000      0.00000000      0.00000000      0.02914681      1.19626619      0.00120017      5.90818905      0.07362457      1.56571569      0.99986405      0.54633470      0.48661158      0.48661158      0.51315716      0.85524426      8.50000000    -10.00000000
    -29.53177258      0.00000000      0.00000000      0.00000000      0.00000000      0.02880452      1.22422376      0.00114861      6.38936372      0.07129934      1.57349816      0.99986405      0.54671304      0.48644462      0.48644462      0.51333546      0.86467035      8.50000000    -10.00000000
    -29.79933110      0.00000000      0.00000000      0.00000000      0.00000000      0.02845613      1.25231478      0.00109898      6.90336391      0.06905383      1.58122141      0.99986405      0.54764271      0.48628333      0.48628333      0.51358343      0.87347160      8.50000000    -10.00000000
    -30.06688963      0.00000000      0.00000000      0.00000000      0.00000000      0.02810202      1.28053402      0.00105123      7.45197923      0.06688552      1.58888292      0.99986405      0.54827776      0.48612842      0.48612842      0.51368098      0.88168452      8.50000000    -10.00000000
    -30.33444816      0.00000000      0.00000000      0.00000000      0.00000000      0.02774259      1.30887644      0.00100530      8.03707066      0.06479195      1.59648023      0.99986405      0.54890054      0.48597937      0.48597937      0.51384626      0.88934467      8.50000000    -10.00000000
    -30.60200669      0.00000000      0.00000000      0.00000000      0.00000000      0.02737824      1.33733722      0.00096115      8.66056264      0.06277074      1.60401096      0.99986405      0.54945422      0.48583633      0.48583633      0.51400838      0.89648636      8.50000000    -10.00000000
    -30.86956522      0.00000000      0.00000000      0.00000000      0.00000000      0.02700936      1.36591173      0.00091872      9.32446269      0.06081952      1.61147283      0.99986405      0.55011391      0.48569980      0.48569980      0.51416632      0.90314266      8.50000000    -10.00000000
    -31.13712375      0.00000000      0.00000000      0.00000000      0.00000000      0.02663637      1.39459553      0.00087798     10.03084321      0.05893599      1.61886362      0.99986405      0.55068710      0.48556946      0.48556946      0.51431994      0.90934510      8.50000000    -10.00000000
    -31.40468227      0.00000000      0.00000000      0.00000000      0.00000000      0.02625965      1.42338437      0.00083886     10.78185232      0.05711794      1.62618122      0.99986405      0.55125642      0.48544539      0.48544539      0.51446883      0.91512370      8.50000000    -10.00000000
    -31.67224080      0.00000000      0.00000000      0.00000000      0.00000000      0.02587961      1.45227418      0.00080132     11.57971139      0.05536318      1.63342360      0.99986405      0.55180919      0.48532776      0.48532776      0.51461418      0.92050692      8.50000000    -10.00000000
    -31.93979933      0.00000000      0.00000000      0.00000000      0.00000000      0.02549665      1.48126106      0.00076531     12.42671782      0.05366959      1.64058885      0.99986405      0.55236054      0.48521645      0.48521645      0.51474871      0.92552163      8.50000000    -10.00000000
    -32.20735786      0.00000000      0.00000000      0.00000000      0.00000000      0.02511115      1.51034127      0.00073079     13.32523860      0.05203514      1.64767513      0.99986405      0.55287328      0.48511162      0.48511162      0.51488936      0.93019313      8.50000000    -10.00000000
    -32.47491639      0.00000000      0.00000000      0.00000000      0.00000000      0.02472351      1.53951124      0.00069770     14.27772402      0.05045779      1.65468070      0.99986405      0.55338499      0.48501311      0.48501311      0.51502043      0.93454522      8.50000000    -10.00000000
    -32.74247492      0.00000000      0.00000000      0.00000000      0.00000000      0.02433410      1.56876754      0.00066599     15.28669185      0.04893563      1.66160395      0.99986405      0.55388331      0.48492098      0.48492098      0.51514737      0.93860018      8.50000000    -10.00000000
    -33.01003344      0.00000000      0.00000000      0.00000000      0.00000000      0.02394330      1.59810689      0.00063562     16.35473879      0.04746676      1.66844333      0.99986405      0.55435763      0.48483505      0.48483505      0.51515696      0.94237885      8.50000000    -10.00000000
    -33.27759197      0.00000000      0.00000000      0.00000000      0.00000000      0.02355148      1.62752616      0.00060655     17.48453509      0.04604934      1.67519742      0.99986405      0.55481971      0.48475532      0.48475532      0.51538583      0.94590072      8.50000000    -10.00000000
    -33.54515050      0.00000000      0.00000000      0.00000000      0.00000000      0.02315900      1.65702236      0.00057873     18.67882862      0.04468159      1.68186491      0.99986405      0.55526938      0.48468244      0.48468244      0.51549258      0.94918397      8.50000000    -10.00000000
    -33.81270903      0.00000000      0.00000000      0.00000000      0.00000000      0.02276621      1.68659327      0.00055210     19.94076224      0.04336112      1.68844457      0.99986405      0.55570272      0.48461567      0.48461567      0.51560655      0.95224625      8.50000000    -10.00000000
    -34.08026756      0.00000000      0.00000000      0.00000000      0.00000000      0.02237345      1.71623418      0.00052665     21.27225399      0.04208827      1.69493529      0.99986405      0.55612105      0.48455490      0.48455490      0.51570989      0.95510109      8.50000000    -10.00000000
    -34.34782609      0.00000000      0.00000000      0.00000000      0.00000000      0.02198106      1.74594442      0.00050231     22.67724756      0.04085940      1.70133605      0.99986405      0.55652218      0.48450005      0.48450005      0.51580842      0.95776536      8.50000000    -10.00000000
    -34.61538462      0.00000000      0.00000000      0.00000000      0.00000000      0.02158936      1.77572084      0.00047904     24.15845707      0.03967361      1.70764595      0.99986405      0.55679258      0.48445129      0.48445129      0.51590243      0.96025193      8.50000000    -10.00000000
    -34.88294314      0.00000000      0.00000000      0.00000000      0.00000000      0.02119865      1.80556102      0.00045680     25.71899420      0.03852937      1.71386419      0.99986405      0.55727608      0.48440842      0.48440842      0.51599228      0.96257344      8.50000000    -10.00000000
    -35.15050167      0.00000000      0.00000000      0.00000000      0.00000000      0.02080925      1.83546267      0.00043556     27.36204162      0.03742520      1.71999004      0.99986405      0.55763772      0.48437132      0.48437132      0.51607754      0.96474161      8.50000000    -10.00000000
    -35.41806020      0.00000000      0.00000000      0.00000000      0.00000000      0.02042144      1.86542358      0.00041527     29.09085166      0.03635968      1.72602291      0.99986405      0.55797377      0.48433993      0.48433993      0.51618602      0.96676731      8.50000000    -10.00000000
    -35.68561873      0.00000000      0.00000000      0.00000000      0.00000000      0.02003550      1.89544186      0.00039590     30.90896237      0.03533117      1.73196228      0.99986405      0.55830452      0.48431409      0.48431409      0.51622958      0.96866084      8.50000000    -10.00000000
    -35.95317726      0.00000000      0.00000000      0.00000000      0.00000000      0.01965170      1.92551502      0.00037741     32.81931424      0.03433886      1.73780774      0.99986405      0.55860925      0.48429372      0.48429372      0.51630671      0.97043110      8.50000000    -10.00000000
    -36.22073579      0.00000000      0.00000000      0.00000000      0.00000000      0.01927028      1.95564136      0.00035976     34.82556765      0.03338118      1.74355897      0.99986405      0.55891068      0.48427870      0.48427870      0.51635731      0.97208697      8.50000000    -10.00000000
    -36.48829431      0.00000000      0.00000000      0.00000000      0.00000000      0.01889149      1.98581894      0.00034293     36.93113336      0.03245698      1.74921574      0.99986405      0.55919149      0.48426891      0.48426891      0.51643707      0.97363643      8.50000000    -10.00000000
    -36.75585284      0.00000000      0.00000000      0.00000000      0.00000000      0.01851557      2.01604629      0.00032686     39.14004846      0.03156466      1.75477791      0.99986405      0.55945674      0.48426421      0.48426421      0.51649603      0.97508722      8.50000000    -10.00000000
    -37.02341137      0.00000000      0.00000000      0.00000000      0.00000000      0.01814272      2.04632127      0.00031154     41.45528919      0.03070359      1.76024543      0.99986405      0.55970896      0.48426442      0.48426442      0.51655150      0.97644581      8.50000000    -10.00000000
    -37.29096990      0.00000000      0.00000000      0.00000000      0.00000000      0.01777315      2.07664260      0.00029693     43.88119732      0.02987216      1.76561833      0.99986405      0.55994635      0.48426950      0.48426950      0.51660139      0.97771895      8.50000000    -10.00000000
    -37.55852843      0.00000000      0.00000000      0.00000000      0.00000000      0.01740707      2.10700838      0.00028300     46.42091135      0.02906969      1.77089671      0.99986405      0.56016695      0.48427925      0.48427925      0.51678192      0.97891226      8.50000000    -10.00000000
    -37.82608696      0.00000000      0.00000000      0.00000000      0.00000000      0.01704464      2.13741734      0.00026973     49.07877078      0.02829479      1.77608078      0.99986405      0.56055288      0.48429354      0.48429354      0.51669050      0.98003146      8.50000000    -10.00000000
    -38.09364548      0.00000000      0.00000000      0.00000000      0.00000000      0.01668604      2.16786781      0.00025707     51.85812582      0.02754674      1.78117080      0.99986405      0.56057426      0.48431224      0.48431224      0.51672932      0.98108143      8.50000000    -10.00000000
    -38.36120401      0.00000000      0.00000000      0.00000000      0.00000000      0.01633143      2.19835854      0.00024501     54.76329634      0.02682434      1.78616712      0.99986405      0.56075463      0.48433591      0.48433591      0.51676423      0.98206706      8.50000000    -10.00000000
    -38.62876254      0.00000000      0.00000000      0.00000000      0.00000000      0.01598095      2.22888804      0.00023352     57.79783017      0.02612682      1.79107014      0.99986405      0.56092461      0.48436224      0.48436224      0.51679635      0.98299257      8.50000000    -10.00000000
    -38.89632107      0.00000000      0.00000000      0.00000000      0.00000000      0.01563474      2.25945508      0.00022257     60.96593847      0.02545316      1.79588033      0.99986405      0.56108091      0.48439336      0.48439336      0.51682261      0.98386210      8.50000000    -10.00000000
    -39.16387960      0.00000000      0.00000000      0.00000000      0.00000000      0.01529292      2.29005832      0.00021214     64.27134388      0.02480260      1.80059825      0.99986405      0.56122234      0.48442815      0.48442815      0.51684648      0.98467934      8.50000000    -10.00000000
    -39.43143813      0.00000000      0.00000000      0.00000000      0.00000000      0.01495560      2.32069661      0.00020220     67.71824110      0.02417423      1.80522450      0.99986405      0.56135270      0.48446669      0.48446669      0.51686640      0.98544782      8.50000000    -10.00000000
    -39.69899666      0.00000000      0.00000000      0.00000000      0.00000000      0.01462289      2.35136875      0.00019274     71.31059918      0.02356725      1.80975974      0.99986405      0.56146943      0.48450875      0.48450875      0.51688177      0.98617077      8.50000000    -10.00000000
    -39.96655518      0.00000000      0.00000000      0.00000000      0.00000000      0.01429489      2.38207357      0.00018373     75.05230437      0.02298094      1.81420467      0.99986405      0.56157426      0.48455419      0.48455419      0.51689708      0.98685115      8.50000000    -10.00000000
    -40.23411371      0.00000000      0.00000000      0.00000000      0.00000000      0.01397166      2.41281001      0.00017515     78.94739391      0.02241455      1.81856008      0.99986405      0.56166848      0.48460287      0.48460287      0.51686958      0.98749177      8.50000000    -10.00000000
    -40.50167224      0.00000000      0.00000000      0.00000000      0.00000000      0.01365329      2.44357699      0.00016698     82.99981461      0.02186736      1.82282676      0.99986405      0.56172212      0.48465461      0.48465461      0.51691454      0.98809521      8.50000000    -10.00000000
    -40.76923077      0.00000000      0.00000000      0.00000000      0.00000000      0.01333984      2.47437351      0.00015920     87.21365378      0.02133868      1.82700560      0.99986405      0.56181989      0.48470930      0.48470930      0.51691864      0.98866389      8.50000000    -10.00000000
    -41.03678930      0.00000000      0.00000000      0.00000000      0.00000000      0.01303135      2.50519559      0.00015184     91.56734236      0.02083359      1.83109748      0.99986405      0.56190302      0.48476787      0.48476787      0.51690282      0.98919705      8.50000000    -10.00000000
    -41.30434783      0.00000000      0.00000000      0.00000000      0.00000000      0.01272789      2.53604851      0.00014479     96.11585284      0.02033956      1.83510336      0.99986405      0.56190797      0.48482646      0.48482646      0.51691725      0.98970302      8.50000000    -10.00000000
    -41.57190635      0.00000000      0.00000000      0.00000000      0.00000000      0.01242948      2.56692808      0.00013801    100.88015814      0.01985378      1.83902421      0.99986405      0.56219106      0.48488875      0.48488875      0.51691277      0.99018455      8.50000000    -10.00000000
    -41.83946488      0.00000000      0.00000000      0.00000000      0.00000000      0.01213617      2.59783562      0.00013165    105.75993094      0.01939651      1.84286105      0.99986405      0.56198908      0.48495465      0.48495465      0.51690535      0.99063319      8.50000000    -10.00000000
    -42.10702341      0.00000000      0.00000000      0.00000000      0.00000000      0.01184795      2.62876566      0.00012558    110.83828609      0.01895114      1.84661493      0.99986405      0.56200659      0.48502287      0.48502287      0.51689514      0.99105852      8.50000000    -10.00000000
    -42.37458194      0.00000000      0.00000000      0.00000000      0.00000000      0.01156486      2.65971980      0.00011979    116.10070599      0.01852074      1.85028691      0.99986405      0.56201319      0.48509329      0.48509329      0.51688235      0.99146034      8.50000000    -10.00000000
    -42.64214047      0.00000000      0.00000000      0.00000000      0.00000000      0.01128690      2.69069725      0.00011429    121.55072302      0.01810480      1.85387809      0.99986405      0.56201233      0.48516586      0.48516586      0.51686704      0.99184011      8.50000000    -10.00000000
    -42.90969900      0.00000000      0.00000000      0.00000000      0.00000000      0.01101406      2.72169806      0.00010904    127.19659011      0.01770215      1.85738961      0.99986405      0.56200118      0.48524012      0.48524012      0.51684930      0.99219948      8.50000000    -10.00000000
    -43.17725753      0.00000000      0.00000000      0.00000000      0.00000000      0.01074636      2.75271980      0.00010406    133.03189784      0.01731369      1.86082261      0.99986405      0.56198095      0.48531633      0.48531633      0.51682924      0.99253909      8.50000000    -10.00000000
    -43.44481605      0.00000000      0.00000000      0.00000000      0.00000000      0.01048377      2.78376196      0.00009932    139.06006494      0.01693882      1.86417824      0.99986405      0.56195262      0.48539419      0.48539419      0.51660145      0.99286021      8.50000000    -10.00000000
    -43.71237458      0.00000000      0.00000000      0.00000000      0.00000000      0.01022628      2.81482526      0.00009480    145.29354997      0.01657594      1.86745769      0.99986405      0.56191305      0.48547373      0.48547373      0.51683542      0.99316443      8.50000000    -10.00000000
    -43.97993311      0.00000000      0.00000000      0.00000000      0.00000000      0.00997386      2.84590831      0.00009051    151.73052176      0.01622521      1.87066214      0.99986405      0.56186884      0.48555469      0.48555469      0.51675580      0.99345252      8.50000000    -10.00000000
    -44.24749164      0.00000000      0.00000000      0.00000000      0.00000000      0.00972650      2.87701044      0.00008642    158.37364462      0.01588625      1.87379282      0.99986405      0.56181482      0.48563705      0.48563705      0.51672707      0.99372544      8.50000000    -10.00000000
    -44.51505017      0.00000000      0.00000000      0.00000000      0.00000000      0.00948415      2.90813106      0.00008253    165.22554366      0.01555866      1.87685092      0.99986405      0.56176234      0.48572067      0.48572067      0.51669671      0.99398408      8.50000000    -10.00000000
    -44.78260870      0.00000000      0.00000000      0.00000000      0.00000000      0.00924679      2.93926999      0.00007882    172.29287169      0.01524169      1.87983768      0.99986405      0.56168541      0.48580547      0.48580547      0.51666431      0.99422942      8.50000000    -10.00000000
    -45.05016722      0.00000000      0.00000000      0.00000000      0.00000000      0.00901437      2.97042576      0.00007530    179.56916610      0.01493575      1.88275432      0.99986405      0.56160854      0.48589130      0.48589130      0.51662994      0.99446196      8.50000000    -10.00000000
    -45.31772575      0.00000000      0.00000000      0.00000000      0.00000000      0.00878685      3.00159829      0.00007195    187.06079638      0.01464009      1.88560207      0.99986405      0.56152527      0.48597811      0.48597811      0.51659389      0.99468257      8.50000000    -10.00000000
    -45.58528428      0.00000000      0.00000000      0.00000000      0.00000000      0.00856419      3.03278673      0.00006876    194.76544229      0.01435467      1.88838218      0.99986405      0.56143591      0.48606582      0.48606582      0.51655617      0.99489185      8.50000000    -10.00000000
    -45.85284281      0.00000000      0.00000000      0.00000000      0.00000000      0.00834634      3.06399151      0.00006572    202.69670562      0.01407829      1.89109587      0.99986405      0.56133916      0.48615427      0.48615427      0.51650856      0.99509074      8.50000000    -10.00000000
    -46.12040134      0.00000000      0.00000000      0.00000000      0.00000000      0.00813324      3.09521118      0.00006282    210.84384640      0.01381151      1.89374438      0.99986405      0.56147716      0.48624342      0.48624342      0.51647688      0.99527954      8.50000000    -10.00000000
    -46.38795987      0.00000000      0.00000000      0.00000000      0.00000000      0.00792483      3.12644490      0.00006008    219.19113142      0.01355502      1.89632895      0.99986405      0.56112729      0.48633308      0.48633308      0.51644334      0.99545849      8.50000000    -10.00000000
    -46.65551839      0.00000000      0.00000000      0.00000000      0.00000000      0.00772107      3.15769422      0.00005745    227.80151075      0.01330470      1.89885081      0.99986405      0.56101237      0.48642319      0.48642319      0.51639052      0.99562940      8.50000000    -10.00000000
    -46.92307692      0.00000000      0.00000000      0.00000000      0.00000000      0.00752188      3.18895614      0.00005496    236.59391451      0.01306517      1.90131118      0.99986405      0.56089139      0.48651300      0.48651300      0.51634611      0.99579114      8.50000000    -10.00000000
    -47.19063545      0.00000000      0.00000000      0.00000000      0.00000000      0.00732722      3.22023204      0.00005259    245.62878638      0.01283266      1.90371129      0.99986405      0.56076559      0.48660442      0.48660442      0.51629942      0.99594532      8.50000000    -10.00000000
    -47.45819398      0.00000000      0.00000000      0.00000000      0.00000000      0.00713701      3.25152119      0.00005032    254.90127360      0.01260732      1.90605234      0.99986405      0.56063308      0.48669863      0.48669863      0.51625245      0.99609224      8.50000000    -10.00000000
    -47.72575251      0.00000000      0.00000000      0.00000000      0.00000000      0.00695120      3.28282259      0.00004817    264.38018684      0.01239046      1.90833555      0.99986405      0.56050143      0.48678873      0.48678873      0.51620353      0.99623182      8.50000000    -10.00000000
    -47.99331104      0.00000000      0.00000000      0.00000000      0.00000000      0.00676970      3.31413591      0.00004612    274.06615757      0.01218167      1.91056210      0.99986405      0.56035390      0.48688096      0.48688096      0.51615389      0.99636451      8.50000000    -10.00000000
    -48.26086957      0.00000000      0.00000000      0.00000000      0.00000000      0.00659246      3.34546166      0.00004417    284.00454975      0.01197866      1.91273318      0.99986405      0.56021408      0.48697285      0.48697285      0.51610320      0.99649128      8.50000000    -10.00000000
    -48.52842809      0.00000000      0.00000000      0.00000000      0.00000000      0.00641942      3.37679813      0.00004231    294.12776275      0.01178408      1.91484998      0.99986405      0.56006558      0.48706628      0.48706628      0.51605157      0.99661164      8.50000000    -10.00000000
    -48.79598662      0.00000000      0.00000000      0.00000000      0.00000000      0.00625049      3.40814633      0.00004053    304.50211759      0.01159492      1.91691365      0.99986405      0.55991297      0.48715971      0.48715971      0.51599910      0.99672670      8.50000000    -10.00000000
    -49.06354515      0.00000000      0.00000000      0.00000000      0.00000000      0.00608561      3.43950497      0.00003884    315.07553331      0.01141297      1.91892534      0.99986405      0.55975649      0.48725319      0.48725319      0.51594611      0.99683620      8.50000000    -10.00000000
    -49.33110368      0.00000000      0.00000000      0.00000000      0.00000000      0.00592470      3.47087377      0.00003724    325.86743365      0.01123720      1.92088619      0.99986405      0.55959612      0.48734655      0.48734655      0.51589336      0.99694066      8.50000000    -10.00000000
    -49.59866221      0.00000000      0.00000000      0.00000000      0.00000000      0.00576771      3.50225319      0.00003570    336.86057156      0.01106793      1.92279734      0.99986405      0.55943198      0.48743980      0.48743980      0.51583634      0.99704020      8.50000000    -10.00000000
    -49.86622074      0.00000000      0.00000000      0.00000000      0.00000000      0.00561455      3.53364195      0.00003424    348.05242187      0.01090491      1.92465988      0.99986405      0.55926309      0.48753290      0.48753290      0.51578063      0.99713510      8.50000000    -10.00000000
    -50.13377926      0.00000000      0.00000000      0.00000000      0.00000000      0.00546515      3.56504065      0.00003285    359.47824786      0.01074677      1.92647491      0.99986405      0.55909386      0.48762578      0.48762578      0.51572419      0.99722591      8.50000000    -10.00000000
    -50.40133779      0.00000000      0.00000000      0.00000000      0.00000000      0.00531945      3.59644819      0.00003152    371.07756914      0.01059508      1.92824352      0.99986405      0.55891967      0.48771839      0.48771839      0.51566869      0.99731239      8.50000000    -10.00000000
    -50.66889632      0.00000000      0.00000000      0.00000000      0.00000000      0.00517737      3.62786487      0.00003025    382.88863310      0.01044843      1.92996678      0.99986405      0.55874101      0.48781078      0.48781078      0.51560942      0.99739508      8.50000000    -10.00000000
    -50.93645485      0.00000000      0.00000000      0.00000000      0.00000000      0.00503883      3.65929039      0.00002905    394.90636280      0.01030674      1.93164572      0.99986405      0.55856359      0.48790281      0.48790281      0.51555117      0.99747415      8.50000000    -10.00000000
    -51.20401338      0.00000000      0.00000000      0.00000000      0.00000000      0.00490378      3.69072419      0.00002789    407.10031938      0.01017052      1.93328139      0.99986405      0.55838117      0.48799450      0.48799450      0.51549243      0.99754962      8.50000000    -10.00000000
    -51.47157191      0.00000000      0.00000000      0.00000000      0.00000000      0.00477213      3.72216604      0.00002679    419.48251281      0.01003920      1.93487480      0.99986405      0.55819665      0.48808579      0.48808579      0.51543318      0.99762178      8.50000000    -10.00000000
    -51.73913043      0.00000000      0.00000000      0.00000000      0.00000000      0.00464382      3.75361598      0.00002575    432.04030009      0.00991281      1.93642696      0.99986405      0.55794984      0.48817663      0.48817663      0.51537355      0.99769075      8.50000000    -10.00000000
    -52.00668896      0.00000000      0.00000000      0.00000000      0.00000000      0.00451878      3.78507364      0.00002474    444.77250198      0.00979112      1.93793884      0.99986405      0.55833908      0.48826706      0.48826706      0.51531335      0.99775670      8.50000000    -10.00000000
    -52.27424749      0.00000000      0.00000000      0.00000000      0.00000000      0.00439694      3.81653879      0.00002379    457.65862283      0.00967429      1.93941142      0.99986405      0.55762711      0.48835696      0.48835696      0.51525264      0.99781973      8.50000000    -10.00000000
    -52.54180602      0.00000000      0.00000000      0.00000000      0.00000000      0.00427822      3.84801122      0.00002288    470.72275974      0.00956156      1.94084564      0.99986405      0.55743452      0.48844636      0.48844636      0.51519474      0.99788011      8.50000000    -10.00000000
    -52.80936455      0.00000000      0.00000000      0.00000000      0.00000000      0.00416257      3.87949072      0.00002201    483.95768594      0.00945287      1.94224245      0.99986405      0.55723457      0.48853532      0.48853532      0.51513024      0.99793796      8.50000000    -10.00000000
    -53.07692308      0.00000000      0.00000000      0.00000000      0.00000000      0.00404991      3.91097709      0.00002117    497.32873622      0.00934864      1.94360275      0.99986405      0.55704167      0.48862381      0.48862381      0.51493686      0.99799329      8.50000000    -10.00000000
    -53.34448161      0.00000000      0.00000000      0.00000000      0.00000000      0.00394017      3.94247021      0.00002038    510.84062121      0.00924853      1.94492744      0.99986405      0.55684247      0.48871174      0.48871174      0.51503131      0.99804627      8.50000000    -10.00000000
    -53.61204013      0.00000000      0.00000000      0.00000000      0.00000000      0.00383330      3.97396967      0.00001962    524.49556938      0.00915227      1.94621741      0.99986405      0.55664199      0.48879906      0.48879906      0.51494666      0.99809703      8.50000000    -10.00000000
    -53.87959866      0.00000000      0.00000000      0.00000000      0.00000000      0.00372922      4.00547551      0.00001890    538.27738906      0.00905990      1.94747351      0.99986405      0.55644000      0.48888579      0.48888579      0.51488475      0.99814567      8.50000000    -10.00000000
    -54.14715719      0.00000000      0.00000000      0.00000000      0.00000000      0.00362787      4.03698747      0.00001820    552.18188097      0.00897127      1.94869661      0.99986405      0.55623712      0.48897190      0.48897190      0.51482197      0.99819228      8.50000000    -10.00000000
    -54.41471572      0.00000000      0.00000000      0.00000000      0.00000000      0.00352919      4.06850540      0.00001754    566.20195269      0.00888628      1.94988752      0.99986405      0.55603293      0.48905737      0.48905737      0.51475960      0.99823696      8.50000000    -10.00000000
    -54.68227425      0.00000000      0.00000000      0.00000000      0.00000000      0.00343312      4.10002913      0.00001691    580.32918365      0.00880483      1.95104706      0.99986405      0.55582725      0.48914219      0.48914219      0.51469716      0.99827980      8.50000000    -10.00000000
    -54.94983278      0.00000000      0.00000000      0.00000000      0.00000000      0.00333959      4.13155849      0.00001630    594.54621825      0.00872697      1.95217603      0.99986405      0.55561939      0.48922634      0.48922634      0.51464623      0.99832087      8.50000000    -10.00000000
    -55.21739130      0.00000000      0.00000000      0.00000000      0.00000000      0.00324854      4.16309338      0.00001572    608.88214175      0.00865208      1.95327520      0.99986405      0.55527615      0.48930983      0.48930983      0.51457211      0.99836034      8.50000000    -10.00000000
    -55.48494983      0.00000000      0.00000000      0.00000000      0.00000000      0.00315992      4.19463352      0.00001516    623.28230190      0.00858074      1.95434534      0.99986405      0.55520497      0.48939263      0.48939263      0.51450930      0.99839816      8.50000000    -10.00000000
    -55.75250836      0.00000000      0.00000000      0.00000000      0.00000000      0.00307366      4.22617890      0.00001463    637.75140671      0.00851267      1.95538720      0.99986405      0.55499746      0.48947474      0.48947474      0.51444622      0.99843445      8.50000000    -10.00000000
    -56.02006689      0.00000000      0.00000000      0.00000000      0.00000000      0.00298971      4.25772933      0.00001412    652.31112070      0.00844740      1.95640151      0.99986405      0.55479525      0.48955622      0.48955622      0.51438391      0.99846934      8.50000000    -10.00000000
    -56.28762542      0.00000000      0.00000000      0.00000000      0.00000000      0.00290801      4.28928469      0.00001364    666.90775599      0.00838543      1.95738898      0.99986405      0.55457823      0.48963684      0.48963684      0.51432119      0.99850279      8.50000000    -10.00000000
    -56.55518395      0.00000000      0.00000000      0.00000000      0.00000000      0.00282851      4.32084483      0.00001317    681.57850842      0.00832613      1.95835030      0.99986405      0.55436838      0.48971681      0.48971681      0.51425856      0.99853497      8.50000000    -10.00000000
    -56.82274247      0.00000000      0.00000000      0.00000000      0.00000000      0.00275115      4.35240964      0.00001272    696.26927901      0.00826997      1.95928616      0.99986405      0.55415672      0.48979606      0.48979606      0.51419596      0.99856583      8.50000000    -10.00000000
    -57.09030100      0.00000000      0.00000000      0.00000000      0.00000000      0.00267588      4.38397900      0.00001230    711.01761449      0.00821633      1.96019724      0.99986405      0.55394648      0.48987459      0.48987459      0.51413343      0.99859554      8.50000000    -10.00000000
    -57.35785953      0.00000000      0.00000000      0.00000000      0.00000000      0.00260264      4.41555279      0.00001189    725.78027315      0.00816557      1.96108417      0.99986405      0.55373427      0.48995239      0.48995239      0.51407146      0.99862407      8.50000000    -10.00000000
    -57.62541806      0.00000000      0.00000000      0.00000000      0.00000000      0.00253139      4.44713089      0.00001149    740.55971420      0.00811748      1.96194759      0.99986405      0.55352374      0.49002943      0.49002943      0.51400913      0.99865149      8.50000000    -10.00000000
    -57.89297659      0.00000000      0.00000000      0.00000000      0.00000000      0.00246207      4.47871320      0.00001112    755.33290584      0.00807216      1.96278813      0.99986405      0.55331155      0.49010576      0.49010576      0.51394625      0.99867783      8.50000000    -10.00000000
    -58.16053512      0.00000000      0.00000000      0.00000000      0.00000000      0.00239463      4.51029962      0.00001075    770.14092927      0.00802901      1.96360640      0.99986405      0.55309955      0.49018134      0.49018134      0.51388421      0.99870322      8.50000000    -10.00000000
    -58.42809365      0.00000000      0.00000000      0.00000000      0.00000000      0.00232904      4.54189004      0.00001041    784.92405350      0.00798853      1.96440297      0.99986405      0.55288761      0.49025614      0.49025614      0.51382220      0.99872761      8.50000000    -10.00000000
    -58.69565217      0.00000000      0.00000000      0.00000000      0.00000000      0.00226523      4.57348435      0.00001007    799.67459049      0.00795065      1.96517844      0.99986405      0.55267577      0.49033027      0.49033027      0.51376009      0.99875105      8.50000000    -10.00000000
    -58.96321070      0.00000000      0.00000000      0.00000000      0.00000000      0.00220316      4.60508248      0.00000975    814.43429361      0.00791481      1.96593337      0.99986405      0.55246423      0.49040362      0.49040362      0.51369808      0.99877366      8.50000000    -10.00000000
    -59.23076923      0.00000000      0.00000000      0.00000000      0.00000000      0.00214280      4.63668436      0.00000945    829.13554510      0.00788154      1.96666830      0.99986405      0.55225255      0.49047622      0.49047622      0.51363733      0.99879538      8.50000000    -10.00000000
    -59.49832776      0.00000000      0.00000000      0.00000000      0.00000000      0.00208408      4.66828979      0.00000915    843.78227637      0.00785067      1.96738378      0.99986405      0.55213969      0.49054810      0.49054810      0.51357570      0.99881626      8.50000000    -10.00000000
    -59.76588629      0.00000000      0.00000000      0.00000000      0.00000000      0.00202698      4.69989889      0.00000887    858.41535529      0.00782170      1.96808032      0.99986405      0.55182991      0.49061922      0.49061922      0.51351472      0.99883642      8.50000000    -10.00000000
    -60.03344482      0.00000000      0.00000000      0.00000000      0.00000000      0.00197145      4.73151146      0.00000859    872.95838436      0.00779521      1.96875844      0.99986405      0.55161927      0.49068960      0.49068960      0.51345405      0.99885578      8.50000000    -10.00000000
    -60.30100334      0.00000000      0.00000000      0.00000000      0.00000000      0.00191744      4.76312712      0.00000833    887.51146076      0.00777019      1.96941864      0.99986405      0.55141322      0.49075921      0.49075921      0.51339311      0.99887452      8.50000000    -10.00000000
    -60.56856187      0.00000000      0.00000000      0.00000000      0.00000000      0.00186492      4.79474623      0.00000808    901.93514524      0.00774778      1.97006139      0.99986405      0.55119792      0.49082814      0.49082814      0.51327964      0.99889250      8.50000000    -10.00000000
    -60.83612040      0.00000000      0.00000000      0.00000000      0.00000000      0.00181384      4.82636863      0.00000784    916.28621886      0.00772736      1.97068718      0.99986405      0.55098881      0.49089631      0.49089631      0.51333090      0.99890983      8.50000000    -10.00000000
    -61.10367893      0.00000000      0.00000000      0.00000000      0.00000000      0.00176418      4.85799417      0.00000761    930.56029304      0.00770887      1.97129646      0.99986405      0.55077958      0.49096375      0.49096375      0.51321228      0.99892653      8.50000000    -10.00000000
    -61.37123746      0.00000000      0.00000000      0.00000000      0.00000000      0.00171588      4.88962279      0.00000738    944.73465360      0.00769241      1.97188968      0.99986405      0.55057096      0.49103046      0.49103046      0.51315171      0.99894262      8.50000000    -10.00000000
    -61.63879599      0.00000000      0.00000000      0.00000000      0.00000000      0.00166892      4.92125443      0.00000717    958.80797522      0.00767788      1.97246728      0.99986405      0.55036161      0.49109645      0.49109645      0.51309285      0.99895812      8.50000000    -10.00000000
    -61.90635452      0.00000000      0.00000000      0.00000000      0.00000000      0.00162326      4.95288903      0.00000696    972.77689912      0.00766523      1.97302968      0.99986405      0.55015438      0.49116173      0.49116173      0.51303303      0.99897307      8.50000000    -10.00000000
    -62.17391304      0.00000000      0.00000000      0.00000000      0.00000000      0.00157886      4.98452652      0.00000676    986.63161742      0.00765446      1.97357731      0.99986405      0.54994639      0.49122628      0.49122628      0.51297460      0.99898748      8.50000000    -10.00000000
    -62.44147157      0.00000000      0.00000000      0.00000000      0.00000000      0.00153569      5.01616684      0.00000657   1000.36573953      0.00764551      1.97411056      0.99986405      0.54975280      0.49129012      0.49129012      0.51291598      0.99900136      8.50000000    -10.00000000
    -62.70903010      0.00000000      0.00000000      0.00000000      0.00000000      0.00149372      5.04780995      0.00000638   1013.97484734      0.00763836      1.97462983      0.99986405      0.54953646      0.49135326      0.49135326      0.51285736      0.99901475      8.50000000    -10.00000000
    -62.97658863      0.00000000      0.00000000      0.00000000      0.00000000      0.00145291      5.07945577      0.00000620   1027.45106076      0.00763299      1.97513550      0.99986405      0.54932952      0.49141570      0.49141570      0.51279184      0.99902766      8.50000000    -10.00000000
    -63.24414716      0.00000000      0.00000000      0.00000000      0.00000000      0.00141323      5.11110427      0.00000603   1040.79069241      0.00762935      1.97562795      0.99986405      0.54912532      0.49147744      0.49147744      0.51274184      0.99904011      8.50000000    -10.00000000
    -63.51170569      0.00000000      0.00000000      0.00000000      0.00000000      0.00137466      5.14275537      0.00000586   1053.98548023      0.00762744      1.97610754      0.99986405      0.54892100      0.49153848      0.49153848      0.51268392      0.99905212      8.50000000    -10.00000000
    -63.77926421      0.00000000      0.00000000      0.00000000      0.00000000      0.00133715      5.17440905      0.00000570   1067.03203151      0.00762721      1.97657462      0.99986405      0.54871787      0.49159885      0.49159885      0.51262632      0.99906370      8.50000000    -10.00000000
    -64.04682274      0.00000000      0.00000000      0.00000000      0.00000000      0.00130069      5.20606525      0.00000555   1079.92694234      0.00762863      1.97702953      0.99986405      0.54851548      0.49165853      0.49165853      0.51256928      0.99907487      8.50000000    -10.00000000
    -64.31438127      0.00000000      0.00000000      0.00000000      0.00000000      0.00126524      5.23772392      0.00000540   1092.66216817      0.00763169      1.97747262      0.99986405      0.54818503      0.49171760      0.49171760      0.51251259      0.99908564      8.50000000    -10.00000000
    -64.58193980      0.00000000      0.00000000      0.00000000      0.00000000      0.00123078      5.26938502      0.00000526   1105.23156390      0.00763639      1.97790421      0.99986405      0.54810979      0.49177588      0.49177588      0.51245607      0.99909603      8.50000000    -10.00000000
    -64.84949833      0.00000000      0.00000000      0.00000000      0.00000000      0.00119727      5.30104849      0.00000512   1117.62757883      0.00764272      1.97832461      0.99986405      0.54791239      0.49183356      0.49183356      0.51240001      0.99910605      8.50000000    -10.00000000
    -65.11705686      0.00000000      0.00000000      0.00000000      0.00000000      0.00116470      5.33271433      0.00000498   1129.85655213      0.00765059      1.97873413      0.99986405      0.54772618      0.49189053      0.49189053      0.51234422      0.99911571      8.50000000    -10.00000000
    -65.38461538      0.00000000      0.00000000      0.00000000      0.00000000      0.00113303      5.36438247      0.00000485   1141.90558678      0.00766004      1.97913308      0.99986405      0.54751673      0.49194696      0.49194696      0.51228871      0.99912504      8.50000000    -10.00000000
    -65.65217391      0.00000000      0.00000000      0.00000000      0.00000000      0.00110225      5.39605289      0.00000473   1153.78078010      0.00767098      1.97952175      0.99986405      0.54731862      0.49200269      0.49200269      0.51223350      0.99913403      8.50000000    -10.00000000
    -65.91973244      0.00000000      0.00000000      0.00000000      0.00000000      0.00107232      5.42772553      0.00000461   1165.46467912      0.00768348      1.97990042      0.99986405      0.54712160      0.49205767      0.49205767      0.51217905      0.99914271      8.50000000    -10.00000000
    -66.18729097      0.00000000      0.00000000      0.00000000      0.00000000      0.00104323      5.45940038      0.00000449   1176.96090478      0.00769749      1.98026936      0.99986405      0.54692916      0.49211225      0.49211225      0.51212405      0.99915108      8.50000000    -10.00000000
    -66.45484950      0.00000000      0.00000000      0.00000000      0.00000000      0.00101494      5.49107741      0.00000438   1188.26637267      0.00771299      1.98062885      0.99986405      0.54673089      0.49216608      0.49216608      0.51206977      0.99915915      8.50000000    -10.00000000
    -66.72240803      0.00000000      0.00000000      0.00000000      0.00000000      0.00098745      5.52275655      0.00000427   1199.37286877      0.00772999      1.98097916      0.99986405      0.54653737      0.49221931      0.49221931      0.51201600      0.99916693      8.50000000    -10.00000000
    -66.98996656      0.00000000      0.00000000      0.00000000      0.00000000      0.00096072      5.55443781      0.00000416   1210.28291606      0.00774845      1.98132052      0.99986405      0.54634404      0.49227192      0.49227192      0.51196231      0.99917443      8.50000000    -10.00000000
    -67.25752508      0.00000000      0.00000000      0.00000000      0.00000000      0.00093473      5.58612115      0.00000406   1220.99175072      0.00776836      1.98165320      0.99986405      0.54609438      0.49232393      0.49232393      0.51190903      0.99918166      8.50000000    -10.00000000
    -67.52508361      0.00000000      0.00000000      0.00000000      0.00000000      0.00090947      5.61780654      0.00000396   1231.49706159      0.00778972      1.98197742      0.99986405      0.54596122      0.49237534      0.49237534      0.51185607      0.99918864      8.50000000    -10.00000000
    -67.79264214      0.00000000      0.00000000      0.00000000      0.00000000      0.00088492      5.64949395      0.00000387   1241.79610498      0.00781251      1.98229343      0.99986405      0.54577079      0.49242616      0.49242616      0.51180410      0.99919536      8.50000000    -10.00000000
    -68.06020067      0.00000000      0.00000000      0.00000000      0.00000000      0.00086104      5.68118337      0.00000377   1251.88976694      0.00783670      1.98260146      0.99986405      0.54558140      0.49247639      0.49247639      0.51175110      0.99920185      8.50000000    -10.00000000
    -68.32775920      0.00000000      0.00000000      0.00000000      0.00000000      0.00083784      5.71287475      0.00000368   1261.76603974      0.00786234      1.98290172      0.99986405      0.54539450      0.49252595      0.49252595      0.51168689      0.99920809      8.50000000    -10.00000000
    -68.59531773      0.00000000      0.00000000      0.00000000      0.00000000      0.00081527      5.74456809      0.00000360   1271.43257108      0.00788938      1.98319442      0.99986405      0.54520620      0.49257513      0.49257513      0.51164749      0.99921410      8.50000000    -10.00000000
    -68.86287625      0.00000000      0.00000000      0.00000000      0.00000000      0.00079334      5.77626338      0.00000351   1280.88650637      0.00791781      1.98347979      0.99986405      0.54500454      0.49262366      0.49262366      0.51159617      0.99921990      8.50000000    -10.00000000
    -69.13043478      0.00000000      0.00000000      0.00000000      0.00000000      0.00077202      5.80796056      0.00000343   1290.12055073      0.00794765      1.98375802      0.99986405      0.54483495      0.49267157      0.49267157      0.51154651      0.99922548      8.50000000    -10.00000000
    -69.39799331      0.00000000      0.00000000      0.00000000      0.00000000      0.00075129      5.83965965      0.00000335   1299.14131611      0.00797885      1.98402930      0.99986405      0.54464945      0.49271903      0.49271903      0.51149460      0.99923085      8.50000000    -10.00000000
    -69.66555184      0.00000000      0.00000000      0.00000000      0.00000000      0.00073114      5.87136062      0.00000328   1307.94271578      0.00801143      1.98429384      0.99986405      0.54446709      0.49276591      0.49276591      0.51144402      0.99923602      8.50000000    -10.00000000
    -69.93311037      0.00000000      0.00000000      0.00000000      0.00000000      0.00071155      5.90306346      0.00000320   1316.52934735      0.00804537      1.98455182      0.99986405      0.54428480      0.49281226      0.49281226      0.51140189      0.99924100      8.50000000    -10.00000000
    -70.20066890      0.00000000      0.00000000      0.00000000      0.00000000      0.00069250      5.93476814      0.00000313   1324.89187020      0.00808069      1.98480342      0.99986405      0.54374383      0.49285804      0.49285804      0.51134436      0.99924579      8.50000000    -10.00000000
    -70.46822742      0.00000000      0.00000000      0.00000000      0.00000000      0.00067398      5.96647463      0.00000306   1333.02879776      0.00811741      1.98504881      0.99986405      0.54384775      0.49290332      0.49290332      0.51129494      0.99925039      8.50000000    -10.00000000
    -70.73578595      0.00000000      0.00000000      0.00000000      0.00000000      0.00065598      5.99818296      0.00000299   1340.94678308      0.00815548      1.98528817      0.99986405      0.54395009      0.49294808      0.49294808      0.51102522      0.99925481      8.50000000    -10.00000000
    -71.00334448      0.00000000      0.00000000      0.00000000      0.00000000      0.00063848      6.02989309      0.00000293   1348.64257728      0.00819490      1.98552166      0.99986405      0.54405191      0.49299233      0.49299233      0.51105089      0.99925906      8.50000000    -10.00000000
    -71.27090301      0.00000000      0.00000000      0.00000000      0.00000000      0.00062147      6.06160502      0.00000286   1356.11742474      0.00823568      1.98574945      0.99986405      0.54338805      0.49303608      0.49303608      0.51107609      0.99926314      8.50000000    -10.00000000
    -71.53846154      0.00000000      0.00000000      0.00000000      0.00000000      0.00060493      6.09331874      0.00000280   1363.37194159      0.00827780      1.98597169      0.99986405      0.54321246      0.49307932      0.49307932      0.51110104      0.99926706      8.50000000    -10.00000000
    -71.80602007      0.00000000      0.00000000      0.00000000      0.00000000      0.00058885      6.12503423      0.00000274   1370.40188751      0.00832129      1.98618854      0.99986405      0.54303690      0.49312208      0.49312208      0.51112554      0.99927082      8.50000000    -10.00000000
    -72.07357860      0.00000000      0.00000000      0.00000000      0.00000000      0.00057321      6.15675149      0.00000268   1377.20781952      0.00836614      1.98640014      0.99986405      0.54286279      0.49316435      0.49316435      0.51100532      0.99927442      8.50000000    -10.00000000
    -72.34113712      0.00000000      0.00000000      0.00000000      0.00000000      0.00055801      6.18847051      0.00000263   1383.79277632      0.00841235      1.98660665      0.99986405      0.54268965      0.49320614      0.49320614      0.51095825      0.99927787      8.50000000    -10.00000000
    -72.60869565      0.00000000      0.00000000      0.00000000      0.00000000      0.00054323      6.22019129      0.00000257   1390.15622100      0.00845990      1.98680819      0.99986405      0.54251744      0.49324746      0.49324746      0.51091171      0.99928117      8.50000000    -10.00000000
    -72.87625418      0.00000000      0.00000000      0.00000000      0.00000000      0.00052886      6.25191382      0.00000252   1396.29973503      0.00850881      1.98700491      0.99986405      0.54234623      0.49328831      0.49328831      0.51086488      0.99928433      8.50000000    -10.00000000
    -73.14381271      0.00000000      0.00000000      0.00000000      0.00000000      0.00051489      6.28363809      0.00000246   1402.22143911      0.00855908      1.98719694      0.99986405      0.54217604      0.49332870      0.49332870      0.51081848      0.99928735      8.50000000    -10.00000000
    -73.41137124      0.00000000      0.00000000      0.00000000      0.00000000      0.00050131      6.31536411      0.00000241   1407.92345217      0.00861072      1.98738441      0.99986405      0.54200690      0.49336864      0.49336864      0.51077314      0.99929024      8.50000000    -10.00000000
    -73.67892977      0.00000000      0.00000000      0.00000000      0.00000000      0.00048810      6.34709186      0.00000237   1413.40611346      0.00866371      1.98756744      0.99986405      0.54183870      0.49340813      0.49340813      0.51072748      0.99929299      8.50000000    -10.00000000
    -73.94648829      0.00000000      0.00000000      0.00000000      0.00000000      0.00047526      6.37882135      0.00000232   1418.67092516      0.00871808      1.98774615      0.99986405      0.54167163      0.49344718      0.49344718      0.51068149      0.99929561      8.50000000    -10.00000000
    -74.21404682      0.00000000      0.00000000      0.00000000      0.00000000      0.00046277      6.41055258      0.00000227   1423.72170168      0.00877379      1.98792067      0.99986405      0.54153584      0.49348579      0.49348579      0.51063698      0.99929811      8.50000000    -10.00000000
    -74.48160535      0.00000000      0.00000000      0.00000000      0.00000000      0.00045063      6.44228554      0.00000223   1428.55092352      0.00883092      1.98809110      0.99986405      0.54134036      0.49352397      0.49352397      0.51059215      0.99930048      8.50000000    -10.00000000
    -74.74916388      0.00000000      0.00000000      0.00000000      0.00000000      0.00043883      6.47402024      0.00000218   1433.16859748      0.00888940      1.98825756      0.99986405      0.54117624      0.49356172      0.49356172      0.51054792      0.99930273      8.50000000    -10.00000000
    -75.01672241      0.00000000      0.00000000      0.00000000      0.00000000      0.00042735      6.50575668      0.00000214   1437.57321473      0.00894926      1.98842016      0.99986405      0.54101292      0.49359906      0.49359906      0.51050385      0.99930487      8.50000000    -10.00000000
    -75.28428094      0.00000000      0.00000000      0.00000000      0.00000000      0.00041618      6.53749486      0.00000210   1441.76417672      0.00901052      1.98857900      0.99986405      0.54085176      0.49363598      0.49363598      0.51046015      0.99930689      8.50000000    -10.00000000
    -75.55183946      0.00000000      0.00000000      0.00000000      0.00000000      0.00040533      6.56923480      0.00000206   1445.75148200      0.00907314      1.98873419      0.99986405      0.54069033      0.49367250      0.49367250      0.51041706      0.99930880      8.50000000    -10.00000000
    -75.81939799      0.00000000      0.00000000      0.00000000      0.00000000      0.00039478      6.60097648      0.00000202   1449.52609677      0.00913717      1.98888582      0.99986405      0.54052959      0.49370861      0.49370861      0.51037348      0.99931059      8.50000000    -10.00000000
    -76.08695652      0.00000000      0.00000000      0.00000000      0.00000000      0.00038451      6.63271991      0.00000198   1453.09490641      0.00920261      1.98903399      0.99986405      0.54037133      0.49374433      0.49374433      0.51033140      0.99931229      8.50000000    -10.00000000
    -76.35451505      0.00000000      0.00000000      0.00000000      0.00000000      0.00037453      6.66446511      0.00000194   1456.45866682      0.00926945      1.98917880      0.99986405      0.54021231      0.49377965      0.49377965      0.51028818      0.99931387      8.50000000    -10.00000000
    -76.62207358      0.00000000      0.00000000      0.00000000      0.00000000      0.00036483      6.69621209      0.00000191   1459.61967825      0.00933771      1.98932033      0.99986405      0.54005524      0.49381459      0.49381459      0.51024580      0.99931536      8.50000000    -10.00000000
    -76.88963211      0.00000000      0.00000000      0.00000000      0.00000000      0.00035539      6.72796083      0.00000187   1462.57995604      0.00940738      1.98945868      0.99986405      0.53989922      0.49384916      0.49384916      0.51020374      0.99931674      8.50000000    -10.00000000
    -77.15719064      0.00000000      0.00000000      0.00000000      0.00000000      0.00034621      6.75971137      0.00000184   1465.34120160      0.00947849      1.98959392      0.99986405      0.53974355      0.49388333      0.49388333      0.51016231      0.99931803      8.50000000    -10.00000000
    -77.42474916      0.00000000      0.00000000      0.00000000      0.00000000      0.00033728      6.79146370      0.00000180   1467.90457682      0.00955104      1.98972615      0.99986405      0.53958930      0.49391715      0.49391715      0.51012075      0.99931922      8.50000000    -10.00000000
    -77.69230769      0.00000000      0.00000000      0.00000000      0.00000000      0.00032860      6.82321785      0.00000177   1470.27769581      0.00962500      1.98985545      0.99986405      0.53943600      0.49395060      0.49395060      0.51007896      0.99932032      8.50000000    -10.00000000
    -77.95986622      0.00000000      0.00000000      0.00000000      0.00000000      0.00032016      6.85497381      0.00000174   1472.45671409      0.00970042      1.98998189      0.99986405      0.53928324      0.49398369      0.49398369      0.51003871      0.99932132      8.50000000    -10.00000000
    -78.22742475      0.00000000      0.00000000      0.00000000      0.00000000      0.00031195      6.88673160      0.00000171   1474.44619472      0.00977730      1.99010555      0.99986405      0.53905527      0.49401642      0.49401642      0.50999824      0.99932224      8.50000000    -10.00000000
    -78.49498328      0.00000000      0.00000000      0.00000000      0.00000000      0.00030396      6.91849124      0.00000168   1476.24633589      0.00985565      1.99022651      0.99986405      0.53912369      0.49404881      0.49404881      0.50995790      0.99932306      8.50000000    -10.00000000
    -78.76254181      0.00000000      0.00000000      0.00000000      0.00000000      0.00029619      6.95025274      0.00000165   1477.86358618      0.00993547      1.99034483      0.99986405      0.53883203      0.49408086      0.49408086      0.50991789      0.99932381      8.50000000    -10.00000000
    -79.03010033      0.00000000      0.00000000      0.00000000      0.00000000      0.00028864      6.98201612      0.00000162   1479.29923813      0.01001676      1.99046060      0.99986405      0.53868350      0.49411254      0.49411254      0.50984426      0.99932446      8.50000000    -10.00000000
    -79.29765886      0.00000000      0.00000000      0.00000000      0.00000000      0.00028129      7.01378140      0.00000159   1480.55593445      0.01009953      1.99057386      0.99986405      0.53853586      0.49414390      0.49414390      0.50986089      0.99932503      8.50000000    -10.00000000
    -79.56521739      0.00000000      0.00000000      0.00000000      0.00000000      0.00027414      7.04554858      0.00000156   1481.63549873      0.01018380      1.99068471      0.99986405      0.53838905      0.49417494      0.49417494      0.50979882      0.99932553      8.50000000    -10.00000000
    -79.83277592      0.00000000      0.00000000      0.00000000      0.00000000      0.00026719      7.07731770      0.00000153   1482.54110585      0.01026957      1.99079318      0.99986405      0.53824271      0.49420564      0.49420564      0.50976063      0.99932594      8.50000000    -10.00000000
    -80.10033445      0.00000000      0.00000000      0.00000000      0.00000000      0.00026043      7.10908877      0.00000151   1483.27509714      0.01035685      1.99089936      0.99986405      0.53809859      0.49423602      0.49423602      0.50972195      0.99932627      8.50000000    -10.00000000
    -80.36789298      0.00000000      0.00000000      0.00000000      0.00000000      0.00025385      7.14086181      0.00000148   1483.83993932      0.01044566      1.99100330      0.99986405      0.53795474      0.49426609      0.49426609      0.50968365      0.99932653      8.50000000    -10.00000000
    -80.63545151      0.00000000      0.00000000      0.00000000      0.00000000      0.00024746      7.17263684      0.00000146   1484.24061254      0.01053598      1.99110506      0.99986405      0.53782905      0.49429584      0.49429584      0.50964545      0.99932671      8.50000000    -10.00000000
    -80.90301003      0.00000000      0.00000000      0.00000000      0.00000000      0.00024123      7.20441388      0.00000143   1484.48009892      0.01062783      1.99120470      0.99986405      0.53766904      0.49432529      0.49432529      0.50960680      0.99932682      8.50000000    -10.00000000
    -81.17056856      0.00000000      0.00000000      0.00000000      0.00000000      0.00023518      7.23619297      0.00000141   1484.55927295      0.01072122      1.99130227      0.99986405      0.53752800      0.49435443      0.49435443      0.50956999      0.99932685      8.50000000    -10.00000000
    -81.43812709      0.00000000      0.00000000      0.00000000      0.00000000      0.00022929      7.26797412      0.00000139   1484.48152615      0.01081617      1.99139783      0.99986405      0.53738755      0.49438326      0.49438326      0.50953010      0.99932682      8.50000000    -10.00000000
    -81.70568562      0.00000000      0.00000000      0.00000000      0.00000000      0.00022356      7.29975737      0.00000136   1484.24957308      0.01091268      1.99149142      0.99986405      0.53724827      0.49441181      0.49441181      0.50949501      0.99932671      8.50000000    -10.00000000
    -81.97324415      0.00000000      0.00000000      0.00000000      0.00000000      0.00021799      7.33154273      0.00000134   1483.86671010      0.01101076      1.99158311      0.99986405      0.53710838      0.49444006      0.49444006      0.50945873      0.99932654      8.50000000    -10.00000000
    -82.24080268      0.00000000      0.00000000      0.00000000      0.00000000      0.00021256      7.36333024      0.00000132   1483.33802784      0.01111041      1.99167294      0.99986405      0.53697134      0.49446802      0.49446802      0.50942219      0.99932630      8.50000000    -10.00000000
    -82.50836120      0.00000000      0.00000000      0.00000000      0.00000000      0.00020729      7.39511993      0.00000130   1482.66674598      0.01121162      1.99176096      0.99986405      0.53683486      0.49449570      0.49449570      0.50938583      0.99932599      8.50000000    -10.00000000
    -82.77591973      0.00000000      0.00000000      0.00000000      0.00000000      0.00020216      7.42691183      0.00000128   1481.85384122      0.01131443      1.99184722      0.99986405      0.53669892      0.49452312      0.49452312      0.50934955      0.99932562      8.50000000    -10.00000000
    -83.04347826      0.00000000      0.00000000      0.00000000      0.00000000      0.00019717      7.45870597      0.00000126   1480.90206912      0.01141884      1.99193176      0.99986405      0.53654208      0.49455022      0.49455022      0.50931365      0.99932519      8.50000000    -10.00000000
    -83.31103679      0.00000000      0.00000000      0.00000000      0.00000000      0.00019231      7.49050239      0.00000124   1479.81571882      0.01152486      1.99201463      0.99986405      0.53642945      0.49457707      0.49457707      0.50927832      0.99932470      8.50000000    -10.00000000
    -83.57859532      0.00000000      0.00000000      0.00000000      0.00000000      0.00018758      7.52230112      0.00000122   1478.59970030      0.01163248      1.99209586      0.99986405      0.53629760      0.49460365      0.49460365      0.50924317      0.99932414      8.50000000    -10.00000000
    -83.84615385      0.00000000      0.00000000      0.00000000      0.00000000      0.00018298      7.55410220      0.00000120   1477.25610227      0.01174171      1.99217551      0.99986405      0.53616380      0.49462997      0.49462997      0.50920145      0.99932353      8.50000000    -10.00000000
    -84.11371237      0.00000000      0.00000000      0.00000000      0.00000000      0.00017851      7.58590567      0.00000118   1475.78973705      0.01185255      1.99225361      0.99986405      0.53603166      0.49465603      0.49465603      0.50917296      0.99932286      8.50000000    -10.00000000
    -84.38127090      0.00000000      0.00000000      0.00000000      0.00000000      0.00017416      7.61771157      0.00000117   1474.20112799      0.01196503      1.99233021      0.99986405      0.53590502      0.49468183      0.49468183      0.50913836      0.99932213      8.50000000    -10.00000000
    -84.64882943      0.00000000      0.00000000      0.00000000      0.00000000      0.00016992      7.64951993      0.00000115   1472.49366194      0.01207915      1.99240533      0.99986405      0.53577064      0.49470737      0.49470737      0.50910394      0.99932134      8.50000000    -10.00000000
    -84.91638796      0.00000000      0.00000000      0.00000000      0.00000000      0.00016580      7.68133080      0.00000113   1470.67369654      0.01219490      1.99247902      0.99986405      0.53564036      0.49473266      0.49473266      0.50906978      0.99932050      8.50000000    -10.00000000
    -85.18394649      0.00000000      0.00000000      0.00000000      0.00000000      0.00016179      7.71314424      0.00000111   1468.74324387      0.01231228      1.99255132      0.99986405      0.53551295      0.49475771      0.49475771      0.50903881      0.99931961      8.50000000    -10.00000000
    -85.45150502      0.00000000      0.00000000      0.00000000      0.00000000      0.00015789      7.74496027      0.00000110   1466.70578936      0.01243131      1.99262226      0.99986405      0.53538525      0.49478251      0.49478251      0.50900157      0.99931866      8.50000000    -10.00000000
    -85.71906355      0.00000000      0.00000000      0.00000000      0.00000000      0.00015409      7.77677896      0.00000108   1464.56634223      0.01255197      1.99269187      0.99986405      0.53525336      0.49480707      0.49480707      0.50896866      0.99931767      8.50000000    -10.00000000
    -85.98662207      0.00000000      0.00000000      0.00000000      0.00000000      0.00015040      7.80860035      0.00000107   1462.32542912      0.01267430      1.99276019      0.99986405      0.53513272      0.49483140      0.49483140      0.50893539      0.99931663      8.50000000    -10.00000000
    -86.25418060      0.00000000      0.00000000      0.00000000      0.00000000      0.00014680      7.84042449      0.00000105   1459.98656342      0.01279829      1.99282724      0.99986405      0.53500714      0.49485548      0.49485548      0.50890243      0.99931553      8.50000000    -10.00000000
    -86.52173913      0.00000000      0.00000000      0.00000000      0.00000000      0.00014330      7.87225143      0.00000104   1457.55561121      0.01292392      1.99289307      0.99986405      0.53488279      0.49487934      0.49487934      0.50887269      0.99931439      8.50000000    -10.00000000
    -86.78929766      0.00000000      0.00000000      0.00000000      0.00000000      0.00013990      7.90408125      0.00000102   1455.03682784      0.01305120      1.99295771      0.99986405      0.53475883      0.49490298      0.49490298      0.50883697      0.99931320      8.50000000    -10.00000000
    -87.05685619      0.00000000      0.00000000      0.00000000      0.00000000      0.00013658      7.93591398      0.00000101   1452.43316367      0.01318012      1.99302117      0.99986405      0.53463614      0.49492638      0.49492638      0.50880391      0.99931197      8.50000000    -10.00000000
    -87.32441472      0.00000000      0.00000000      0.00000000      0.00000000      0.00013336      7.96774969      0.00000099   1449.74586459      0.01331070      1.99308349      0.99986405      0.53451384      0.49494957      0.49494957      0.50877290      0.99931070      8.50000000    -10.00000000
    -87.59197324      0.00000000      0.00000000      0.00000000      0.00000000      0.00013022      7.99958845      0.00000098   1446.97852611      0.01344295      1.99314471      0.99986405      0.53439247      0.49497253      0.49497253      0.50874048      0.99930938      8.50000000    -10.00000000
    -87.85953177      0.00000000      0.00000000      0.00000000      0.00000000      0.00012717      8.03143031      0.00000097   1444.13714459      0.01357685      1.99320484      0.99986405      0.53427400      0.49499528      0.49499528      0.50870874      0.99930802      8.50000000    -10.00000000
    -88.12709030      0.00000000      0.00000000      0.00000000      0.00000000      0.00012419      8.06327535      0.00000095   1441.22533677      0.01371237      1.99326391      0.99986405      0.53386549      0.49501782      0.49501782      0.50867738      0.99930663      8.50000000    -10.00000000
    -88.39464883      0.00000000      0.00000000      0.00000000      0.00000000      0.00012130      8.09512364      0.00000094   1438.24678642      0.01384953      1.99332196      0.99986405      0.53391074      0.49504015      0.49504015      0.50864590      0.99930519      8.50000000    -10.00000000
    -88.66220736      0.00000000      0.00000000      0.00000000      0.00000000      0.00011849      8.12697524      0.00000093   1435.20361356      0.01398833      1.99337899      0.99986405      0.53395557      0.49506227      0.49506227      0.50861482      0.99930372      8.50000000    -10.00000000
    -88.92976589      0.00000000      0.00000000      0.00000000      0.00000000      0.00011575      8.15883023      0.00000091   1432.10028004      0.01412875      1.99343505      0.99986405      0.53399990      0.49508417      0.49508417      0.50852013      0.99930221      8.50000000    -10.00000000
    -89.19732441      0.00000000      0.00000000      0.00000000      0.00000000      0.00011308      8.19068869      0.00000090   1428.93968428      0.01427080      1.99349015      0.99986405      0.53368004      0.49510590      0.49510590      0.50853115      0.99930067      8.50000000    -10.00000000
    -89.46488294      0.00000000      0.00000000      0.00000000      0.00000000      0.00011048      8.22255070      0.00000089   1425.72713553      0.01441445      1.99354431      0.99986405      0.53356383      0.49512742      0.49512742      0.50854205      0.99929910      8.50000000    -10.00000000
    -89.73244147      0.00000000      0.00000000      0.00000000      0.00000000      0.00010796      8.25441634      0.00000088   1422.46556376      0.01455970      1.99359757      0.99986405      0.53344889      0.49514874      0.49514874      0.50855286      0.99929749      8.50000000    -10.00000000
    -90.00000000      0.00000000      0.00000000      0.00000000      0.00000000      0.00010550      8.28628571      0.00000087   1419.15952822      0.01470653      1.99364993      0.99986405      0.53333366      0.49516986      0.49516986      0.50846235      0.99929585      8.50000000    -10.00000000
