    -10.00000000     -0.00000000     -0.00000000      0.00000000      0.00000000      0.03348897      0.00000144      0.01324097      0.00000000      1.22634711      0.00000000      0.99983646      0.50002182      0.50002786      0.50002786      0.49999670      0.00000000      4.90000000    -10.00000000
     -9.83277592     -0.00000000     -0.00000000      0.00000000      0.00000000      0.03339103      0.02522123      0.01321763      0.00015748      1.22777620      0.00000000      0.99983646      0.50035805      0.49985438      0.49985438      0.50015683      0.00015746      4.90000000    -10.00000000
     -9.66555184     -0.00000000     -0.00000000      0.00000000      0.00000000      0.03342098      0.05037820      0.01319607      0.00062992      1.22467544      0.00000000      0.99983646      0.50106186      0.49970938      0.49970938      0.50069746      0.00062952      4.90000000    -10.00000000
     -9.49832776     -0.00000000     -0.00000000      0.00000000      0.00000000      0.03348043      0.07528952      0.01316034      0.00141325      1.21919035      0.00000000      0.99983646      0.50270462      0.49956769      0.49956769      0.50087222      0.00141126      4.90000000    -10.00000000
     -9.33110368     -0.00000000     -0.00000000      0.00000000      0.00000000      0.03355916      0.09987513      0.01311056      0.00250225      1.21172904      0.00000000      0.99983646      0.50321331      0.49942593      0.49942593      0.50075949      0.00249600      4.90000000    -10.00000000
     -9.16387960     -0.00000000     -0.00000000      0.00000000      0.00000000      0.03365661      0.12403882      0.01304695      0.00388958      1.20235836      0.00000000      0.99983646      0.50290718      0.49928721      0.49928721      0.50075699      0.00387451      4.90000000    -10.00000000
     -8.99665552     -0.00000000     -0.00000000      0.00000000      0.00000000      0.03377312      0.14768304      0.01296980      0.00556577      1.19112541      0.00000000      0.99983646      0.50306058      0.49915018      0.49915018      0.50078124      0.00553496      4.90000000    -10.00000000
     -8.82943144     -0.00000000     -0.00000000      0.00000000      0.00000000      0.03390893      0.17071177      0.01287945      0.00751917      1.17809075      0.00000000      0.99983646      0.50302641      0.49901906      0.49901906      0.50081805      0.00746305      4.90000000    -10.00000000
     -8.66220736     -0.00000000     -0.00000000      0.00000000      0.00000000      0.03406416      0.19303249      0.01277632      0.00973596      1.16333188      0.00000000      0.99983646      0.50315332      0.49889513      0.49889513      0.50085560      0.00964208      4.90000000    -10.00000000
     -8.49498328     -0.00000000     -0.00000000      0.00000000      0.00000000      0.03423872      0.21455749      0.01266086      0.01220023      1.14694053      0.00000000      0.99983646      0.50328445      0.49876306      0.49876306      0.50089666      0.01205318      4.90000000    -10.00000000
     -8.32775920     -0.00000000     -0.00000000      0.00000000      0.00000000      0.03443249      0.23520468      0.01253356      0.01489402      1.12901972      0.00000000      0.99983646      0.50342746      0.49863936      0.49863936      0.50093471      0.01467544      4.90000000    -10.00000000
     -8.16053512     -0.00000000     -0.00000000      0.00000000      0.00000000      0.03464524      0.25489817      0.01239500      0.01779741      1.10968122      0.00000000      0.99983646      0.50352492      0.49852138      0.49852138      0.50097016      0.01748620      4.90000000    -10.00000000
     -7.99331104     -0.00000000     -0.00000000      0.00000000      0.00000000      0.03487671      0.27356866      0.01224575      0.02088858      1.08904341      0.00000000      0.99983646      0.50366014      0.49840931      0.49840931      0.50100009      0.02046118      4.90000000    -10.00000000
     -7.82608696     -0.00000000     -0.00000000      0.00000000      0.00000000      0.03512660      0.29115358      0.01208644      0.02414393      1.06722943      0.00000000      0.99983646      0.50372117      0.49830363      0.49830363      0.50102527      0.02357474      4.90000000    -10.00000000
     -7.65886288     -0.00000000     -0.00000000      0.00000000      0.00000000      0.03539456      0.30759721      0.01191773      0.02753809      1.04436547      0.00000000      0.99983646      0.50377521      0.49820460      0.49820460      0.50107312      0.02680007      4.90000000    -10.00000000
     -7.49163880     -0.00000000     -0.00000000      0.00000000      0.00000000      0.03568022      0.32285060      0.01174029      0.03104402      1.02057916      0.00000000      0.99983646      0.50374988      0.49811021      0.49811021      0.50104890      0.03010931      4.90000000    -10.00000000
     -7.32441472     -0.00000000     -0.00000000      0.00000000      0.00000000      0.03598317      0.33687157      0.01155480      0.03463313      0.99599817      0.00000000      0.99983646      0.50366281      0.49802855      0.49802855      0.50104479      0.03347382      4.90000000    -10.00000000
     -7.15719064     -0.00000000     -0.00000000      0.00000000      0.00000000      0.03630295      0.34962454      0.01136196      0.03827529      0.97074879      0.00000000      0.99983646      0.50347395      0.49795245      0.49795245      0.50103488      0.03686430      4.90000000    -10.00000000
     -6.98996656     -0.00000000     -0.00000000      0.00000000      0.00000000      0.03663910      0.36108037      0.01116247      0.04193902      0.94495481      0.00000000      0.99983646      0.50294911      0.49788515      0.49788515      0.50101509      0.04025093      4.90000000    -10.00000000
     -6.82274247     -0.00000000     -0.00000000      0.00000000      0.00000000      0.03699109      0.37121624      0.01095702      0.04559157      0.91873641      0.00000000      0.99983646      0.50283466      0.49782707      0.49782707      0.50093748      0.04360361      4.90000000    -10.00000000
     -6.65551839     -0.00000000     -0.00000000      0.00000000      0.00000000      0.03735837      0.38001528      0.01074631      0.04919907      0.89220924      0.00000000      0.99983646      0.50305905      0.49777851      0.49777851      0.50094043      0.04689203      4.90000000    -10.00000000
     -6.48829431     -0.00000000     -0.00000000      0.00000000      0.00000000      0.03774036      0.38746686      0.01053099      0.05272685      0.86548362      0.00000000      0.99983646      0.50311496      0.49773731      0.49773731      0.50088453      0.05008597      4.90000000    -10.00000000
     -6.32107023     -0.00000000     -0.00000000      0.00000000      0.00000000      0.03813643      0.39356508      0.01031175      0.05613926      0.83866394      0.00000000      0.99983646      0.50332657      0.49770846      0.49770846      0.50081365      0.05315516      4.90000000    -10.00000000
     -6.15384615     -0.00000000     -0.00000000      0.00000000      0.00000000      0.03854594      0.39830938      0.01008923      0.05940019      0.81184812      0.00000000      0.99983646      0.50335413      0.49768936      0.49768936      0.50072732      0.05606964      4.90000000    -10.00000000
     -5.98662207     -0.00000000     -0.00000000      0.00000000      0.00000000      0.03896820      0.40170450      0.00986404      0.06247336      0.78512723      0.00000000      0.99983646      0.50332340      0.49768251      0.49768251      0.50062834      0.05879993      4.90000000    -10.00000000
     -5.81939799     -0.00000000     -0.00000000      0.00000000      0.00000000      0.03940248      0.40375924      0.00963679      0.06532239      0.75858523      0.00000000      0.99983646      0.50322512      0.49768296      0.49768296      0.50048821      0.06131702      4.90000000    -10.00000000
     -5.65217391     -0.00000000     -0.00000000      0.00000000      0.00000000      0.03984804      0.40448652      0.00940806      0.06791117      0.73229889      0.00000000      0.99983646      0.50306819      0.49770082      0.49770082      0.50036044      0.06359253      4.90000000    -10.00000000
     -5.48494983     -0.00000000     -0.00000000      0.00000000      0.00000000      0.04030409      0.40390295      0.00917838      0.07020421      0.70633768      0.00000000      0.99983646      0.50284720      0.49772800      0.49772800      0.50019724      0.06559889      4.90000000    -10.00000000
     -5.31772575     -0.00000000     -0.00000000      0.00000000      0.00000000      0.04076982      0.40202843      0.00894829      0.07216698      0.68076388      0.00000000      0.99983646      0.50257143      0.49776808      0.49776808      0.50000916      0.06730946      4.90000000    -10.00000000
     -5.15050167     -0.00000000     -0.00000000      0.00000000      0.00000000      0.04124438      0.39888580      0.00871826      0.07376631      0.65563268      0.00000000      0.99983646      0.50222787      0.49782077      0.49782077      0.49977899      0.06869867      4.90000000    -10.00000000
     -4.98327759     -0.00000000     -0.00000000      0.00000000      0.00000000      0.04172690      0.39450046      0.00848877      0.07497084      0.63099241      0.00000000      0.99983646      0.50183098      0.49788747      0.49788747      0.49942154      0.06974221      4.90000000    -10.00000000
     -4.81605351     -0.00000000     -0.00000000      0.00000000      0.00000000      0.04221648      0.38890002      0.00826024      0.07575149      0.60688480      0.00000000      0.99983646      0.50137024      0.49796147      0.49796147      0.49931304      0.07041728      4.90000000    -10.00000000
     -4.64882943     -0.00000000     -0.00000000      0.00000000      0.00000000      0.04271219      0.38211399      0.00803308      0.07608196      0.58334530      0.00000000      0.99983646      0.50084761      0.49805799      0.49805799      0.49917227      0.07070276      4.90000000    -10.00000000
     -4.48160535     -0.00000000     -0.00000000      0.00000000      0.00000000      0.04321308      0.37417345      0.00780765      0.07593932      0.56040338      0.00000000      0.99983646      0.50026890      0.49816579      0.49816579      0.49900843      0.07057955      4.90000000    -10.00000000
     -4.31438127     -0.00000000     -0.00000000      0.00000000      0.00000000      0.04371816      0.36511074      0.00758430      0.07530459      0.53808297      0.00000000      0.99983646      0.49960347      0.49828551      0.49828551      0.49882094      0.07003094      4.90000000    -10.00000000
     -4.14715719     -0.00000000     -0.00000000      0.00000000      0.00000000      0.04422643      0.35495924      0.00736334      0.07416344      0.51640281      0.00000000      0.99983646      0.49892494      0.49841812      0.49841812      0.49854154      0.06904298      4.90000000    -10.00000000
     -3.97993311     -0.00000000     -0.00000000      0.00000000      0.00000000      0.04473687      0.34375308      0.00714506      0.07250685      0.49537683      0.00000000      0.99983646      0.49816249      0.49856843      0.49856843      0.49837895      0.06760502      4.90000000    -10.00000000
     -3.81270903     -0.00000000     -0.00000000      0.00000000      0.00000000      0.04524843      0.33152694      0.00692971      0.07033187      0.47501461      0.00000000      0.99983646      0.49733564      0.49873185      0.49873185      0.49812446      0.06571034      4.90000000    -10.00000000
     -3.64548495     -0.00000000     -0.00000000      0.00000000      0.00000000      0.04576003      0.31831581      0.00671752      0.06764249      0.45532174      0.00000000      0.99983646      0.49646082      0.49891015      0.49891015      0.49784650      0.06335687      4.90000000    -10.00000000
     -3.47826087     -0.00000000     -0.00000000      0.00000000      0.00000000      0.04627059      0.30415484      0.00650871      0.06445040      0.43630017      0.00000000      0.99983646      0.49556608      0.49910296      0.49910296      0.49755118      0.06054805      4.90000000    -10.00000000
     -3.31103679     -0.00000000     -0.00000000      0.00000000      0.00000000      0.04677899      0.28907912      0.00630345      0.06077599      0.41794867      0.00000000      0.99983646      0.49450052      0.49931751      0.49931751      0.49723225      0.05729389      4.90000000    -10.00000000
     -3.14381271     -0.00000000     -0.00000000      0.00000000      0.00000000      0.04728412      0.27312356      0.00610191      0.05664926      0.40026311      0.00000000      0.99983646      0.49327273      0.49953370      0.49953370      0.49691668      0.05361217      4.90000000    -10.00000000
     -2.97658863     -0.00000000     -0.00000000      0.00000000      0.00000000      0.04778484      0.25632273      0.00590421      0.05211089      0.38323684      0.00000000      0.99983646      0.49234357      0.49976897      0.49976897      0.49653176      0.04952985      4.90000000    -10.00000000
     -2.80936455     -0.00000000     -0.00000000      0.00000000      0.00000000      0.04828000      0.23871075      0.00571049      0.04721326      0.36686096      0.00000000      0.99983646      0.49118402      0.50002138      0.50002138      0.49615115      0.04508466      4.90000000    -10.00000000
     -2.64214047     -0.00000000     -0.00000000      0.00000000      0.00000000      0.04876844      0.22032115      0.00552084      0.04202159      0.35112470      0.00000000      0.99983646      0.48996275      0.50028735      0.50028735      0.49575237      0.04032699      4.90000000    -10.00000000
     -2.47491639     -0.00000000     -0.00000000      0.00000000      0.00000000      0.04924900      0.20118680      0.00533533      0.03661517      0.33601561      0.00000000      0.99983646      0.48869140      0.50056715      0.50056715      0.49532862      0.03532185      4.90000000    -10.00000000
     -2.30769231     -0.00000000     -0.00000000      0.00000000      0.00000000      0.04972053      0.18133982      0.00515404      0.03108852      0.32151987      0.00000000      0.99983646      0.48738525      0.50086257      0.50086257      0.49490869      0.03015117      4.90000000    -10.00000000
     -2.14046823     -0.00000000     -0.00000000      0.00000000      0.00000000      0.05018185      0.16081152      0.00497702      0.02555275      0.30762250      0.00000000      0.99983646      0.48609984      0.50117130      0.50117130      0.49443430      0.02491608      4.90000000    -10.00000000
     -1.97324415     -0.00000000     -0.00000000      0.00000000      0.00000000      0.05063182      0.13963232      0.00480429      0.02013687      0.29430760      0.00000000      0.99983646      0.48463802      0.50149488      0.50149488      0.49395117      0.01973938      4.90000000    -10.00000000
     -1.80602007     -0.00000000     -0.00000000      0.00000000      0.00000000      0.05106930      0.11783173      0.00463589      0.01498916      0.28155852      0.00000000      0.99983646      0.48304679      0.50183172      0.50183172      0.49345885      0.01476780      4.90000000    -10.00000000
     -1.63879599     -0.00000000     -0.00000000      0.00000000      0.00000000      0.05149315      0.09543832      0.00447182      0.01027867      0.26935807      0.00000000      0.99983646      0.48142394      0.50217929      0.50217929      0.49294182      0.01017410      4.90000000    -10.00000000
     -1.47157191     -0.00000000     -0.00000000      0.00000000      0.00000000      0.05190227      0.07247967      0.00431207      0.00619667      0.25768864      0.00000000      0.99983646      0.47975303      0.50254081      0.50254081      0.49241159      0.00615851      4.90000000    -10.00000000
     -1.30434783     -0.00000000     -0.00000000      0.00000000      0.00000000      0.05229557      0.04898240      0.00415665      0.00295820      0.24653238      0.00000000      0.99983646      0.47801939      0.50291708      0.50291708      0.49186392      0.00294948      4.90000000    -10.00000000
     -1.13712375     -0.00000000     -0.00000000      0.00000000      0.00000000      0.05267198      0.02497212      0.00400552      0.00080363      0.23587131      0.00000000      0.99983646      0.47628292      0.50330515      0.50330515      0.49130144      0.00080299      4.90000000    -10.00000000
     -0.96989967     -0.00000000     -0.00000000      0.00000000      0.00000000      0.05303046      0.00047346      0.00385867      0.00000030      0.22568743      0.00000000      0.99983646      0.47445352      0.50370333      0.50370333      0.49072378      0.00000030      4.90000000    -10.00000000
     -0.80267559     -0.00000000     -0.00000000      0.00000000      0.00000000      0.05337002     -0.02448994      0.00371604      0.00084415      0.21596282      0.00000000      0.99983646      0.47262734      0.50411320      0.50411320      0.49018027      0.00084343      4.90000000    -10.00000000
     -0.63545151     -0.00000000     -0.00000000      0.00000000      0.00000000      0.05368969     -0.04989540      0.00357761      0.00366138      0.20667971      0.00000000      0.99983646      0.47073764      0.50454742      0.50454742      0.48952548      0.00364802      4.90000000    -10.00000000
     -0.46822742     -0.00000000     -0.00000000      0.00000000      0.00000000      0.05398853     -0.07572120      0.00344332      0.00881018      0.19782061      0.00000000      0.99983646      0.46895314      0.50496498      0.50496498      0.48894695      0.00873324      4.90000000    -10.00000000
     -0.30100334     -0.00000000     -0.00000000      0.00000000      0.00000000      0.05426566     -0.10194657      0.00331312      0.01668244      0.18936827      0.00000000      0.99983646      0.46684236      0.50540186      0.50540186      0.48827838      0.01640870      4.90000000    -10.00000000
     -0.13377926     -0.00000000     -0.00000000      0.00000000      0.00000000      0.05452025     -0.12855162      0.00318694      0.02770543      0.18130583      0.00000000      0.99983646      0.46483674      0.50585701      0.50585701      0.48775683      0.02695853      4.90000000    -10.00000000
      0.03344482     -0.00000000     -0.00000000      0.00000000      0.00000000      0.05475151     -0.15551738      0.00306473      0.04234358      0.17361682      0.00000000      0.99983646      0.46277419      0.50631238      0.50631238      0.48701091      0.04062344      4.90000000    -10.00000000
      0.20066890     -0.00000000     -0.00000000      0.00000000      0.00000000      0.05495869     -0.18282573      0.00294642      0.06110020      0.16628516      0.00000000      0.99983646      0.46071563      0.50677980      0.50677980      0.48630993      0.05758194      4.90000000    -10.00000000
      0.36789298     -0.00000000     -0.00000000      0.00000000      0.00000000      0.05514112     -0.21045937      0.00283193      0.08451916      0.15929526      0.00000000      0.99983646      0.45860614      0.50725389      0.50725389      0.48547318      0.07793238      4.90000000    -10.00000000
      0.53511706     -0.00000000     -0.00000000      0.00000000      0.00000000      0.05529817     -0.23840180      0.00272120      0.11318660      0.15263199      0.00000000      0.99983646      0.45646955      0.50773592      0.50773592      0.48488539      0.10167801      4.90000000    -10.00000000
      0.70234114     -0.00000000     -0.00000000      0.00000000      0.00000000      0.05542928     -0.26663730      0.00261415      0.14773256      0.14628072      0.00000000      0.99983646      0.45430403      0.50822121      0.50822121      0.48418124      0.12871689      4.90000000    -10.00000000
      0.86956522     -0.00000000     -0.00000000      0.00000000      0.00000000      0.05553395     -0.29515086      0.00251071      0.18883260      0.14022732      0.00000000      0.99983646      0.45210538      0.50870980      0.50870980      0.48345293      0.15883868      4.90000000    -10.00000000
      1.03678930     -0.00000000     -0.00000000      0.00000000      0.00000000      0.05561174     -0.32392815      0.00241078      0.23720931      0.13445816      0.00000000      0.99983646      0.44969657      0.50920593      0.50920593      0.48271779      0.19172933      4.90000000    -10.00000000
      1.20401338     -0.00000000     -0.00000000      0.00000000      0.00000000      0.05566228     -0.35295553      0.00231431      0.29363374      0.12896016      0.00000000      0.99983646      0.44766074      0.50970374      0.50970374      0.48197563      0.22698367      4.90000000    -10.00000000
      1.37123746     -0.00000000     -0.00000000      0.00000000      0.00000000      0.05568528     -0.38221995      0.00222120      0.35892669      0.12372072      0.00000000      0.99983646      0.44540583      0.51020485      0.51020485      0.48138162      0.26412513      4.90000000    -10.00000000
      1.53846154     -0.00000000     -0.00000000      0.00000000      0.00000000      0.05568051     -0.41170893      0.00213138      0.43395990      0.11872782      0.00000000      0.99983646      0.44313214      0.51070881      0.51070881      0.48047196      0.30263043      4.90000000    -10.00000000
      1.70568562     -0.00000000     -0.00000000      0.00000000      0.00000000      0.05564780     -0.44141053      0.00204476      0.51965691      0.11396991      0.00000000      0.99983646      0.44085518      0.51121384      0.51121384      0.47971409      0.34195673      4.90000000    -10.00000000
      1.87290970     -0.00000000     -0.00000000      0.00000000      0.00000000      0.05558707     -0.47131333      0.00196127      0.61699382      0.10943598      0.00000000      0.99983646      0.43854409      0.51172001      0.51172001      0.47895309      0.38156845      4.90000000    -10.00000000
      2.04013378     -0.00000000     -0.00000000      0.00000000      0.00000000      0.05549830     -0.50140638      0.00188084      0.72699965      0.10511556      0.00000000      0.99983646      0.43623200      0.51222557      0.51222557      0.47818837      0.42096109      4.90000000    -10.00000000
      2.20735786     -0.00000000     -0.00000000      0.00000000      0.00000000      0.05538154     -0.53167919      0.00180337      0.85075637      0.10099866      0.00000000      0.99983646      0.43391792      0.51272910      0.51272910      0.47742283      0.45968037      4.90000000    -10.00000000
      2.37458194     -0.00000000     -0.00000000      0.00000000      0.00000000      0.05523691     -0.56212177      0.00172880      0.98939864      0.09707581      0.00000000      0.99983646      0.43158517      0.51323187      0.51323187      0.47665584      0.49733554      4.90000000    -10.00000000
      2.54180602     -0.00000000     -0.00000000      0.00000000      0.00000000      0.05506459     -0.59272465      0.00165705      1.14411328      0.09333799      0.00000000      0.99983646      0.42926041      0.51373221      0.51373221      0.47589020      0.53360673      4.90000000    -10.00000000
      2.70903010     -0.00000000     -0.00000000      0.00000000      0.00000000      0.05486478     -0.62347893      0.00158804      1.31613855      0.08977666      0.00000000      0.99983646      0.42721462      0.51422937      0.51422937      0.47512570      0.56824690      4.90000000    -10.00000000
      2.87625418     -0.00000000     -0.00000000      0.00000000      0.00000000      0.05463778     -0.65437638      0.00152170      1.50676347      0.08638367      0.00000000      0.99983646      0.42460345      0.51472500      0.51472500      0.47436198      0.60107924      4.90000000    -10.00000000
      3.04347826     -0.00000000     -0.00000000      0.00000000      0.00000000      0.05438390     -0.68540951      0.00145795      1.71732748      0.08315122      0.00000000      0.99983646      0.42227679      0.51521019      0.51521019      0.47360173      0.63199136      4.90000000    -10.00000000
      3.21070234     -0.00000000     -0.00000000      0.00000000      0.00000000      0.05410349     -0.71657158      0.00139672      1.94922035      0.08007183      0.00000000      0.99983646      0.41990445      0.51569491      0.51569491      0.47284358      0.66092734      4.90000000    -10.00000000
      3.37792642     -0.00000000     -0.00000000      0.00000000      0.00000000      0.05379696     -0.74785664      0.00133793      2.20388251      0.07713825      0.00000000      0.99983646      0.41764406      0.51617243      0.51617243      0.47209333      0.68787869      4.90000000    -10.00000000
      3.54515050     -0.00000000     -0.00000000      0.00000000      0.00000000      0.05346475     -0.77925936      0.00128149      2.48280523      0.07434348      0.00000000      0.99983646      0.41533840      0.51664341      0.51664341      0.47134271      0.71287513      4.90000000    -10.00000000
      3.71237458     -0.00000000     -0.00000000      0.00000000      0.00000000      0.05310738     -0.81077494      0.00122733      2.78753059      0.07168074      0.00000000      0.99983646      0.41304566      0.51710712      0.51710712      0.47059902      0.73597573      4.90000000    -10.00000000
      3.87959866     -0.00000000     -0.00000000      0.00000000      0.00000000      0.05272541     -0.84239890      0.00117537      3.11965051      0.06914347      0.00000000      0.99983646      0.41076951      0.51756325      0.51756325      0.46986266      0.75726096      4.90000000    -10.00000000
      4.04682274     -0.00000000     -0.00000000      0.00000000      0.00000000      0.05231949     -0.87412694      0.00112553      3.48080520      0.06672534      0.00000000      0.99983646      0.40850648      0.51801077      0.51801077      0.46913344      0.77682583      4.90000000    -10.00000000
      4.21404682     -0.00000000     -0.00000000      0.00000000      0.00000000      0.05189032     -0.90595484      0.00107774      3.87268086      0.06442032      0.00000000      0.99983646      0.40625239      0.51844978      0.51844978      0.46841193      0.79477416      4.90000000    -10.00000000
      4.38127090     -0.00000000     -0.00000000      0.00000000      0.00000000      0.05143866     -0.93787843      0.00103191      4.29700722      0.06222265      0.00000000      0.99983646      0.40402672      0.51887777      0.51887777      0.46769907      0.81121415      4.90000000    -10.00000000
      4.54849498     -0.00000000     -0.00000000      0.00000000      0.00000000      0.05096532     -0.96989360      0.00098798      4.75555494      0.06012686      0.00000000      0.99983646      0.40180513      0.51930112      0.51930112      0.46703667      0.82625481      4.90000000    -10.00000000
      4.71571906     -0.00000000     -0.00000000      0.00000000      0.00000000      0.05047115     -1.00199631      0.00094587      5.25013297      0.05812774      0.00000000      0.99983646      0.39963327      0.51971128      0.51971128      0.46630081      0.84000340      4.90000000    -10.00000000
      4.88294314     -0.00000000     -0.00000000      0.00000000      0.00000000      0.04995704     -1.03418265      0.00090551      5.78258572      0.05622040      0.00000000      0.99983646      0.39746516      0.52010730      0.52010730      0.46561688      0.85256360      4.90000000    -10.00000000
      5.05016722     -0.00000000     -0.00000000      0.00000000      0.00000000      0.04942392     -1.06644882      0.00086685      6.35478995      0.05440018      0.00000000      0.99983646      0.39532508      0.52049231      0.52049231      0.46494361      0.86403419      4.90000000    -10.00000000
      5.21739130     -0.00000000     -0.00000000      0.00000000      0.00000000      0.04887271     -1.09879118      0.00082980      6.96865121      0.05266270      0.00000000      0.99983646      0.39321016      0.52086594      0.52086594      0.46428189      0.87450825      4.90000000    -10.00000000
      5.38461538     -0.00000000     -0.00000000      0.00000000      0.00000000      0.04830438     -1.13120622      0.00079432      7.62609979      0.05100381      0.00000000      0.99983646      0.39112090      0.52122697      0.52122697      0.46363210      0.88407275      4.90000000    -10.00000000
      5.55183946     -0.00000000     -0.00000000      0.00000000      0.00000000      0.04771992     -1.16369059      0.00076033      8.32908622      0.04941960      0.00000000      0.99983646      0.38905799      0.52157757      0.52157757      0.46298671      0.89280837      4.90000000    -10.00000000
      5.71906355     -0.00000000     -0.00000000      0.00000000      0.00000000      0.04712030     -1.19624109      0.00072779      9.07957623      0.04790638      0.00000000      0.99983646      0.38706455      0.52191491      0.52191491      0.46236982      0.90078948      4.90000000    -10.00000000
      5.88628763     -0.00000000     -0.00000000      0.00000000      0.00000000      0.04650652     -1.22885465      0.00069663      9.87954537      0.04646068      0.00000000      0.99983646      0.38501330      0.52223947      0.52223947      0.46175810      0.90808439      4.90000000    -10.00000000
      6.05351171     -0.00000000     -0.00000000      0.00000000      0.00000000      0.04587959     -1.26152836      0.00066681     10.73097322      0.04507922      0.00000000      0.99983646      0.38302053      0.52255134      0.52255134      0.46115120      0.91475558      4.90000000    -10.00000000
      6.22073579     -0.00000000     -0.00000000      0.00000000      0.00000000      0.04524051     -1.29425943      0.00063826     11.63583713      0.04375892      0.00000000      0.99983646      0.38112067      0.52285024      0.52285024      0.46057568      0.92086001      4.90000000    -10.00000000
      6.38795987     -0.00000000     -0.00000000      0.00000000      0.00000000      0.04459028     -1.32704520      0.00061094     12.59610569      0.04249684      0.00000000      0.99983646      0.37926682      0.52313584      0.52313584      0.46000574      0.92644953      4.90000000    -10.00000000
      6.55518395     -0.00000000     -0.00000000      0.00000000      0.00000000      0.04392990     -1.35988316      0.00058481     13.61373175      0.04129025      0.00000000      0.99983646      0.37743477      0.52340816      0.52340816      0.45945038      0.93157121      4.90000000    -10.00000000
      6.72240803     -0.00000000     -0.00000000      0.00000000      0.00000000      0.04326037     -1.39277091      0.00055980     14.69064498      0.04013655      0.00000000      0.99983646      0.37563108      0.52366711      0.52366711      0.45890964      0.93626776      4.90000000    -10.00000000
      6.88963211     -0.00000000     -0.00000000      0.00000000      0.00000000      0.04258266     -1.42570616      0.00053589     15.82874408      0.03903329      0.00000000      0.99983646      0.37386232      0.52391021      0.52391021      0.45838227      0.94057786      4.90000000    -10.00000000
      7.05685619     -0.00000000     -0.00000000      0.00000000      0.00000000      0.04189775     -1.45868675      0.00051301     17.02988843      0.03797815      0.00000000      0.99983646      0.37212277      0.52414470      0.52414470      0.45786737      0.94453654      4.90000000    -10.00000000
      7.22408027     -0.00000000     -0.00000000      0.00000000      0.00000000      0.04120658     -1.49171060      0.00049114     18.29588933      0.03696895      0.00000000      0.99983646      0.37043014      0.52436340      0.52436340      0.45737699      0.94817549      4.90000000    -10.00000000
      7.39130435     -0.00000000     -0.00000000      0.00000000      0.00000000      0.04051011     -1.52477577      0.00047023     19.62850069      0.03600363      0.00000000      0.99983646      0.36877700      0.52456876      0.52456876      0.45689880      0.95152338      4.90000000    -10.00000000
      7.55852843     -0.00000000     -0.00000000      0.00000000      0.00000000      0.03980924     -1.55788038      0.00045025     21.02940931      0.03508025      0.00000000      0.99983646      0.36715993      0.52476075      0.52476075      0.45643361      0.95460614      4.90000000    -10.00000000
      7.72575251     -0.00000000     -0.00000000      0.00000000      0.00000000      0.03910488     -1.59102266      0.00043114     22.50022453      0.03419695      0.00000000      0.99983646      0.36558243      0.52493952      0.52493952      0.45598478      0.95744722      4.90000000    -10.00000000
      7.89297659     -0.00000000     -0.00000000      0.00000000      0.00000000      0.03839789     -1.62420094      0.00041289     24.04246763      0.03335201      0.00000000      0.99983646      0.36404541      0.52510563      0.52510563      0.45555171      0.96006783      4.90000000    -10.00000000
      8.06020067     -0.00000000     -0.00000000      0.00000000      0.00000000      0.03768914     -1.65741360      0.00039545     25.65756070      0.03254378      0.00000000      0.99983646      0.36254789      0.52525829      0.52525829      0.45513508      0.96248719      4.90000000    -10.00000000
      8.22742475     -0.00000000     -0.00000000      0.00000000      0.00000000      0.03697944     -1.69065912      0.00037878     27.34681477      0.03177071      0.00000000      0.99983646      0.36109476      0.52539785      0.52539785      0.45473276      0.96472267      4.90000000    -10.00000000
      8.39464883     -0.00000000     -0.00000000      0.00000000      0.00000000      0.03626959     -1.72393605      0.00036287     29.11141840      0.03103133      0.00000000      0.99983646      0.35967564      0.52552532      0.52552532      0.45434666      0.96679001      4.90000000    -10.00000000
      8.56187291     -0.00000000     -0.00000000      0.00000000      0.00000000      0.03556036     -1.75724302      0.00034767     30.95242534      0.03032428      0.00000000      0.99983646      0.35830321      0.52564117      0.52564117      0.45394389      0.96870347      4.90000000    -10.00000000
      8.72909699     -0.00000000     -0.00000000      0.00000000      0.00000000      0.03485249     -1.79057870      0.00033315     32.87074236      0.02964823      0.00000000      0.99983646      0.35696795      0.52574156      0.52574156      0.45362196      0.97047599      4.90000000    -10.00000000
      8.89632107     -0.00000000     -0.00000000      0.00000000      0.00000000      0.03414668     -1.82394186      0.00031929     34.86713224      0.02900195      0.00000000      0.99983646      0.35567515      0.52583275      0.52583275      0.45328272      0.97211932      4.90000000    -10.00000000
      9.06354515     -0.00000000     -0.00000000      0.00000000      0.00000000      0.03344363     -1.85733130      0.00030605     36.94212516      0.02838431      0.00000000      0.99983646      0.35442399      0.52591078      0.52591078      0.45295971      0.97364407      4.90000000    -10.00000000
      9.23076923     -0.00000000     -0.00000000      0.00000000      0.00000000      0.03274397     -1.89074589      0.00029342     39.09616016      0.02779417      0.00000000      0.99983646      0.35321336      0.52597731      0.52597731      0.45265065      0.97505996      4.90000000    -10.00000000
      9.39799331     -0.00000000     -0.00000000      0.00000000      0.00000000      0.03204832     -1.92418456      0.00028136     41.32941883      0.02723050      0.00000000      0.99983646      0.35204558      0.52603259      0.52603259      0.45235749      0.97637577      4.90000000    -10.00000000
      9.56521739     -0.00000000     -0.00000000      0.00000000      0.00000000      0.03135726     -1.95764630      0.00026985     43.64189546      0.02669232      0.00000000      0.99983646      0.35091714      0.52607687      0.52607687      0.45207911      0.97759952      4.90000000    -10.00000000
      9.73244147     -0.00000000     -0.00000000      0.00000000      0.00000000      0.03067136     -1.99113013      0.00025887     46.03336667      0.02617870      0.00000000      0.99983646      0.34982888      0.52611047      0.52611047      0.45181562      0.97873850      4.90000000    -10.00000000
      9.89966555     -0.00000000     -0.00000000      0.00000000      0.00000000      0.02999112     -2.02463513      0.00024839     48.50338630      0.02568875      0.00000000      0.99983646      0.34878422      0.52613828      0.52613828      0.45156706      0.97979936      4.90000000    -10.00000000
     10.06688963     -0.00000000     -0.00000000      0.00000000      0.00000000      0.02931705     -2.05816044      0.00023840     51.05128595      0.02522164      0.00000000      0.99983646      0.34777683      0.52614645      0.52614645      0.45133253      0.98078818      4.90000000    -10.00000000
     10.23411371     -0.00000000     -0.00000000      0.00000000      0.00000000      0.02864959     -2.09170522      0.00022886     53.67613411      0.02477657      0.00000000      0.99983646      0.34681146      0.52614998      0.52614998      0.45111178      0.98171048      4.90000000    -10.00000000
     10.40133779     -0.00000000     -0.00000000      0.00000000      0.00000000      0.02798917     -2.12526869      0.00021976     56.37678525      0.02435280      0.00000000      0.99983646      0.34600130      0.52614372      0.52614372      0.45090667      0.98257135      4.90000000    -10.00000000
     10.56856187     -0.00000000     -0.00000000      0.00000000      0.00000000      0.02733620     -2.15885012      0.00021108     59.15184446      0.02394960      0.00000000      0.99983646      0.34499590      0.52612828      0.52612828      0.45071409      0.98337541      4.90000000    -10.00000000
     10.73578595     -0.00000000     -0.00000000      0.00000000      0.00000000      0.02669104     -2.19244882      0.00020280     61.99967189      0.02356628      0.00000000      0.99983646      0.34418511      0.52610375      0.52610375      0.45053539      0.98412690      4.90000000    -10.00000000
     10.90301003     -0.00000000     -0.00000000      0.00000000      0.00000000      0.02605403     -2.22606412      0.00019490     64.91840884      0.02320219      0.00000000      0.99983646      0.34334698      0.52607082      0.52607082      0.45061824      0.98482973      4.90000000    -10.00000000
     11.07023411     -0.00000000     -0.00000000      0.00000000      0.00000000      0.02542547     -2.25969542      0.00018736     67.90595356      0.02285670      0.00000000      0.99983646      0.34255514      0.52602961      0.52602961      0.45021765      0.98548747      4.90000000    -10.00000000
     11.23745819     -0.00000000     -0.00000000      0.00000000      0.00000000      0.02480565     -2.29334213      0.00018018     70.95997580      0.02252920      0.00000000      0.99983646      0.34180921      0.52598079      0.52598079      0.45007818      0.98610339      4.90000000    -10.00000000
     11.40468227     -0.00000000     -0.00000000      0.00000000      0.00000000      0.02419483     -2.32700372      0.00017332     74.07795436      0.02221911      0.00000000      0.99983646      0.34110868      0.52592407      0.52592407      0.44998026      0.98668051      4.90000000    -10.00000000
     11.57190635     -0.00000000     -0.00000000      0.00000000      0.00000000      0.02359322     -2.36067968      0.00016678     77.25717135      0.02192587      0.00000000      0.99983646      0.34045321      0.52586004      0.52586004      0.44983649      0.98722162      4.90000000    -10.00000000
     11.73913043     -0.00000000     -0.00000000      0.00000000      0.00000000      0.02300104     -2.39436955      0.00016054     80.49475249      0.02164892      0.00000000      0.99983646      0.33983076      0.52578901      0.52578901      0.44973387      0.98772927      4.90000000    -10.00000000
     11.90635452     -0.00000000     -0.00000000      0.00000000      0.00000000      0.02241847     -2.42807289      0.00015459     83.78762947      0.02138775      0.00000000      0.99983646      0.33927569      0.52571128      0.52571128      0.44964260      0.98820583      4.90000000    -10.00000000
     12.07357860     -0.00000000     -0.00000000      0.00000000      0.00000000      0.02184566     -2.46178930      0.00014891     87.13259701      0.02114183      0.00000000      0.99983646      0.33870801      0.52562717      0.52562717      0.44956295      0.98865346      4.90000000    -10.00000000
     12.24080268     -0.00000000     -0.00000000      0.00000000      0.00000000      0.02128270     -2.49552201      0.00014346     90.53842378      0.02090795      0.00000000      0.99983646      0.33817424      0.52553703      0.52553703      0.44949403      0.98907563      4.90000000    -10.00000000
     12.40802676     -0.00000000     -0.00000000      0.00000000      0.00000000      0.02072981     -2.52925983      0.00013831     93.96569811      0.02069374      0.00000000      0.99983646      0.33768808      0.52544100      0.52544100      0.44943677      0.98946988      4.90000000    -10.00000000
     12.57525084     -0.00000000     -0.00000000      0.00000000      0.00000000      0.02018699     -2.56301330      0.00013336     97.44701912      0.02049060      0.00000000      0.99983646      0.33723017      0.52533951      0.52533951      0.44940536      0.98984225      4.90000000    -10.00000000
     12.74247492     -0.00000000     -0.00000000      0.00000000      0.00000000      0.01965433     -2.59677848      0.00012864    100.96690698      0.02030076      0.00000000      0.99983646      0.33680697      0.52523283      0.52523283      0.44935282      0.99019290      4.90000000    -10.00000000
     12.90969900     -0.00000000     -0.00000000      0.00000000      0.00000000      0.01913188     -2.63055512      0.00012413    104.52188631      0.02012376      0.00000000      0.99983646      0.33641503      0.52512121      0.52512121      0.44932598      0.99052329      4.90000000    -10.00000000
     13.07692308     -0.00000000     -0.00000000      0.00000000      0.00000000      0.01861969     -2.66434294      0.00011982    108.10849165      0.01995915      0.00000000      0.99983646      0.33605346      0.52500495      0.52500495      0.44929593      0.99083481      4.90000000    -10.00000000
     13.24414716     -0.00000000     -0.00000000      0.00000000      0.00000000      0.01811777     -2.69814170      0.00011570    111.72318780      0.01980650      0.00000000      0.99983646      0.33572354      0.52488434      0.52488434      0.44930154      0.99112871      4.90000000    -10.00000000
     13.41137124     -0.00000000     -0.00000000      0.00000000      0.00000000      0.01762612     -2.73195120      0.00011175    115.36288223      0.01966533      0.00000000      0.99983646      0.33542305      0.52475954      0.52475954      0.44930428      0.99140619      4.90000000    -10.00000000
     13.57859532     -0.00000000     -0.00000000      0.00000000      0.00000000      0.01714473     -2.76577149      0.00010798    119.02695516      0.01953479      0.00000000      0.99983646      0.33515122      0.52463096      0.52463096      0.44932547      0.99166854      4.90000000    -10.00000000
     13.74581940     -0.00000000     -0.00000000      0.00000000      0.00000000      0.01667357     -2.79960149      0.00010437    122.70327205      0.01941591      0.00000000      0.99983646      0.33490797      0.52449874      0.52449874      0.44933005      0.99191614      4.90000000    -10.00000000
     13.91304348     -0.00000000     -0.00000000      0.00000000      0.00000000      0.01621261     -2.83344189      0.00010092    126.39767600      0.01930683      0.00000000      0.99983646      0.33468459      0.52436308      0.52436308      0.44935849      0.99215056      4.90000000    -10.00000000
     14.08026756     -0.00000000     -0.00000000      0.00000000      0.00000000      0.01576178     -2.86729220      0.00009761    130.10411309      0.01920766      0.00000000      0.99983646      0.33450311      0.52422435      0.52422435      0.44939340      0.99237247      4.90000000    -10.00000000
     14.24749164     -0.00000000     -0.00000000      0.00000000      0.00000000      0.01532103     -2.90115223      0.00009444    133.81963558      0.01911801      0.00000000      0.99983646      0.33428569      0.52408233      0.52408233      0.44943610      0.99258268      4.90000000    -10.00000000
     14.41471572     -0.00000000     -0.00000000      0.00000000      0.00000000      0.01489028     -2.93502326      0.00009139    137.55076871      0.01903626      0.00000000      0.99983646      0.33420290      0.52393831      0.52393831      0.44948625      0.99278243      4.90000000    -10.00000000
     14.58193980     -0.00000000     -0.00000000      0.00000000      0.00000000      0.01446946     -2.96890210      0.00008847    141.27577348      0.01896468      0.00000000      0.99983646      0.33437382      0.52379172      0.52379172      0.44954399      0.99297140      4.90000000    -10.00000000
     14.74916388     -0.00000000     -0.00000000      0.00000000      0.00000000      0.01405846     -3.00278888      0.00008568    144.99282442      0.01890273      0.00000000      0.99983646      0.33400522      0.52364271      0.52364271      0.44960842      0.99315035      4.90000000    -10.00000000
     14.91638796     -0.00000000     -0.00000000      0.00000000      0.00000000      0.01365719     -3.03668601      0.00008299    148.71733695      0.01884776      0.00000000      0.99983646      0.33394168      0.52349193      0.52349193      0.44973964      0.99332075      4.90000000    -10.00000000
     15.08361204     -0.00000000     -0.00000000      0.00000000      0.00000000      0.01326553     -3.07059201      0.00008041    152.43853717      0.01880057      0.00000000      0.99983646      0.33390271      0.52333903      0.52333903      0.44975627      0.99348273      4.90000000    -10.00000000
     15.25083612     -0.00000000     -0.00000000      0.00000000      0.00000000      0.01288338     -3.10450661      0.00007793    156.15275594      0.01876105      0.00000000      0.99983646      0.33388399      0.52318476      0.52318476      0.44984038      0.99363676      4.90000000    -10.00000000
     15.41806020     -0.00000000     -0.00000000      0.00000000      0.00000000      0.01251059     -3.13843055      0.00007554    159.86511926      0.01872806      0.00000000      0.99983646      0.33388867      0.52302938      0.52302938      0.44992928      0.99378361      4.90000000    -10.00000000
     15.58528428     -0.00000000     -0.00000000      0.00000000      0.00000000      0.01214707     -3.17235892      0.00007327    163.51034300      0.01870858      0.00000000      0.99983646      0.33391625      0.52287370      0.52287370      0.45002501      0.99392135      4.90000000    -10.00000000
     15.75250836     -0.00000000     -0.00000000      0.00000000      0.00000000      0.01179266     -3.20630118      0.00007104    167.24127266      0.01868472      0.00000000      0.99983646      0.33395713      0.52271411      0.52271411      0.45012567      0.99405616      4.90000000    -10.00000000
     15.91973244     -0.00000000     -0.00000000      0.00000000      0.00000000      0.01144723     -3.24024768      0.00006892    170.90110211      0.01867382      0.00000000      0.99983646      0.33402717      0.52255352      0.52255352      0.45023124      0.99418270      4.90000000    -10.00000000
     16.08695652     -0.00000000     -0.00000000      0.00000000      0.00000000      0.01111064     -3.27420344      0.00006687    174.55840463      0.01866775      0.00000000      0.99983646      0.33410950      0.52239208      0.52239208      0.45034277      0.99430389      4.90000000    -10.00000000
     16.25418060     -0.00000000     -0.00000000      0.00000000      0.00000000      0.01078274     -3.30816380      0.00006492    178.14855746      0.01867296      0.00000000      0.99983646      0.33421202      0.52222995      0.52222995      0.45045764      0.99441804      4.90000000    -10.00000000
     16.42140468     -0.00000000     -0.00000000      0.00000000      0.00000000      0.01046339     -3.34213382      0.00006301    181.76189729      0.01867955      0.00000000      0.99983646      0.33431784      0.52206723      0.52206723      0.45058546      0.99452840      4.90000000    -10.00000000
     16.58862876     -0.00000000     -0.00000000      0.00000000      0.00000000      0.01015243     -3.37611282      0.00006117    185.39099143      0.01868817      0.00000000      0.99983646      0.33447144      0.52190432      0.52190432      0.45070281      0.99463493      4.90000000    -10.00000000
     16.75585284     -0.00000000     -0.00000000      0.00000000      0.00000000      0.00984972     -3.41009678      0.00005940    188.95683139      0.01870649      0.00000000      0.99983646      0.33462835      0.52174061      0.52174061      0.45083264      0.99473565      4.90000000    -10.00000000
     16.92307692     -0.00000000     -0.00000000      0.00000000      0.00000000      0.00955509     -3.44408591      0.00005771    192.46284947      0.01873366      0.00000000      0.99983646      0.33479999      0.52157695      0.52157695      0.45096474      0.99483105      4.90000000    -10.00000000
     17.09030100     -0.00000000     -0.00000000      0.00000000      0.00000000      0.00926840     -3.47808481      0.00005606    196.01107650      0.01875950      0.00000000      0.99983646      0.33498818      0.52141322      0.52141322      0.45110220      0.99492414      4.90000000    -10.00000000
     17.25752508     -0.00000000     -0.00000000      0.00000000      0.00000000      0.00898949     -3.51208712      0.00005448    199.46515722      0.01879685      0.00000000      0.99983646      0.33519185      0.52124952      0.52124952      0.45123839      0.99501160      4.90000000    -10.00000000
     17.42474916     -0.00000000     -0.00000000      0.00000000      0.00000000      0.00871819     -3.54609796      0.00005294    202.94698223      0.01883390      0.00000000      0.99983646      0.33541026      0.52108595      0.52108595      0.45130218      0.99509676      4.90000000    -10.00000000
     17.59197324     -0.00000000     -0.00000000      0.00000000      0.00000000      0.00845435     -3.58011387      0.00005146    206.37118179      0.01887844      0.00000000      0.99983646      0.33564417      0.52092266      0.52092266      0.45153297      0.99517773      4.90000000    -10.00000000
     17.75919732     -0.00000000     -0.00000000      0.00000000      0.00000000      0.00819782     -3.61413484      0.00005002    209.78205209      0.01892613      0.00000000      0.99983646      0.33588965      0.52075962      0.52075962      0.45168304      0.99525576      4.90000000    -10.00000000
     17.92642140     -0.00000000     -0.00000000      0.00000000      0.00000000      0.00794843     -3.64816225      0.00004865    213.09860918      0.01898406      0.00000000      0.99983646      0.33619694      0.52059705      0.52059705      0.45183602      0.99532926      4.90000000    -10.00000000
     18.09364548     -0.00000000     -0.00000000      0.00000000      0.00000000      0.00770603     -3.68219510      0.00004730    216.45929682      0.01903965      0.00000000      0.99983646      0.33642264      0.52043501      0.52043501      0.45199174      0.99540144      4.90000000    -10.00000000
     18.26086957     -0.00000000     -0.00000000      0.00000000      0.00000000      0.00747046     -3.71623322      0.00004601    219.74342778      0.01910344      0.00000000      0.99983646      0.33670784      0.52027355      0.52027355      0.45215006      0.99546985      4.90000000    -10.00000000
     18.42809365     -0.00000000     -0.00000000      0.00000000      0.00000000      0.00724157     -3.75027642      0.00004477    222.95651141      0.01917467      0.00000000      0.99983646      0.33700526      0.52011280      0.52011280      0.45230674      0.99553485      4.90000000    -10.00000000
     18.59531773     -0.00000000     -0.00000000      0.00000000      0.00000000      0.00701920     -3.78432529      0.00004355    226.18596372      0.01924566      0.00000000      0.99983646      0.33731459      0.51995287      0.51995287      0.45247389      0.99559832      4.90000000    -10.00000000
     18.76254181     -0.00000000     -0.00000000      0.00000000      0.00000000      0.00680320     -3.81837739      0.00004239    229.33418413      0.01932460      0.00000000      0.99983646      0.33763392      0.51979380      0.51979380      0.45269801      0.99565848      4.90000000    -10.00000000
     18.92976589     -0.00000000     -0.00000000      0.00000000      0.00000000      0.00659341     -3.85243481      0.00004125    232.46123149      0.01940625      0.00000000      0.99983646      0.33796733      0.51963589      0.51963589      0.45280642      0.99571663      4.90000000    -10.00000000
     19.09698997     -0.00000000     -0.00000000      0.00000000      0.00000000      0.00638969     -3.88649664      0.00004015    235.57174091      0.01949014      0.00000000      0.99983646      0.33830703      0.51948072      0.51948072      0.45297555      0.99577295      4.90000000    -10.00000000
     19.26421405     -0.00000000     -0.00000000      0.00000000      0.00000000      0.00619189     -3.92056269      0.00003909    238.58600752      0.01958273      0.00000000      0.99983646      0.33865640      0.51932325      0.51932325      0.45314644      0.99582613      4.90000000    -10.00000000
     19.43143813     -0.00000000     -0.00000000      0.00000000      0.00000000      0.00599986     -3.95463334      0.00003806    241.59686683      0.01967626      0.00000000      0.99983646      0.33901569      0.51916684      0.51916684      0.45331898      0.99587794      4.90000000    -10.00000000
     19.59866221     -0.00000000     -0.00000000      0.00000000      0.00000000      0.00581345     -3.98870687      0.00003707    244.53119980      0.01977659      0.00000000      0.99983646      0.33938348      0.51901162      0.51901162      0.45349303      0.99592720      4.90000000    -10.00000000
     19.76588629     -0.00000000     -0.00000000      0.00000000      0.00000000      0.00563253     -4.02278467      0.00003610    247.45432642      0.01987834      0.00000000      0.99983646      0.33975972      0.51885773      0.51885773      0.45366924      0.99597512      4.90000000    -10.00000000
     19.93311037     -0.00000000     -0.00000000      0.00000000      0.00000000      0.00545696     -4.05686608      0.00003516    250.30789087      0.01998611      0.00000000      0.99983646      0.34014575      0.51870623      0.51870623      0.45382825      0.99602082      4.90000000    -10.00000000
     20.10033445     -0.00000000     -0.00000000      0.00000000      0.00000000      0.00528659     -4.09095095      0.00003426    253.09459753      0.02009959      0.00000000      0.99983646      0.34053784      0.51855384      0.51855384      0.45450696      0.99606446      4.90000000    -10.00000000
     20.26755853     -0.00000000     -0.00000000      0.00000000      0.00000000      0.00512128     -4.12503912      0.00003338    255.85076735      0.02021580      0.00000000      0.99983646      0.34093648      0.51840201      0.51840201      0.45432312      0.99610669      4.90000000    -10.00000000
     20.43478261     -0.00000000     -0.00000000      0.00000000      0.00000000      0.00496092     -4.15913045      0.00003252    258.57209693      0.02033504      0.00000000      0.99983646      0.34134087      0.51825140      0.51825140      0.45414605      0.99614751      4.90000000    -10.00000000
     20.60200669     -0.00000000     -0.00000000      0.00000000      0.00000000      0.00480535     -4.19322480      0.00003170    261.22506843      0.02045987      0.00000000      0.99983646      0.34175463      0.51810205      0.51810205      0.45456314      0.99618648      4.90000000    -10.00000000
     20.76923077     -0.00000000     -0.00000000      0.00000000      0.00000000      0.00465447     -4.22732203      0.00003090    263.82580233      0.02058898      0.00000000      0.99983646      0.34217329      0.51795398      0.51795398      0.45474477      0.99622393      4.90000000    -10.00000000
     20.93645485     -0.00000000     -0.00000000      0.00000000      0.00000000      0.00450813     -4.26142200      0.00003012    266.37341894      0.02072238      0.00000000      0.99983646      0.34259858      0.51780720      0.51780720      0.45492686      0.99625991      4.90000000    -10.00000000
     21.10367893     -0.00000000     -0.00000000      0.00000000      0.00000000      0.00436621     -4.29552457      0.00002936    268.86719735      0.02086009      0.00000000      0.99983646      0.34302808      0.51766190      0.51766190      0.45511023      0.99629447      4.90000000    -10.00000000
     21.27090301     -0.00000000     -0.00000000      0.00000000      0.00000000      0.00422860     -4.32962963      0.00002863    271.30636418      0.02100211      0.00000000      0.99983646      0.34346583      0.51751763      0.51751763      0.45529382      0.99632767      4.90000000    -10.00000000
     21.43812709     -0.00000000     -0.00000000      0.00000000      0.00000000      0.00409518     -4.36373702      0.00002792    273.69019125      0.02114849      0.00000000      0.99983646      0.34390727      0.51737486      0.51737486      0.45547783      0.99635954      4.90000000    -10.00000000
     21.60535117     -0.00000000     -0.00000000      0.00000000      0.00000000      0.00396582     -4.39784663      0.00002723    276.01802028      0.02129925      0.00000000      0.99983646      0.34435415      0.51723344      0.51723344      0.45566225      0.99639013      4.90000000    -10.00000000
     21.77257525     -0.00000000     -0.00000000      0.00000000      0.00000000      0.00384041     -4.43195833      0.00002656    278.28915121      0.02145441      0.00000000      0.99983646      0.34480641      0.51709339      0.51709339      0.45584681      0.99641948      4.90000000    -10.00000000
     21.93979933     -0.00000000     -0.00000000      0.00000000      0.00000000      0.00371885     -4.46607200      0.00002591    280.50296507      0.02161402      0.00000000      0.99983646      0.34504358      0.51695474      0.51695474      0.45603202      0.99644764      4.90000000    -10.00000000
     22.10702341     -0.00000000     -0.00000000      0.00000000      0.00000000      0.00360102     -4.50018751      0.00002528    282.65502262      0.02177840      0.00000000      0.99983646      0.34572037      0.51681748      0.51681748      0.45621713      0.99647459      4.90000000    -10.00000000
     22.27424749     -0.00000000     -0.00000000      0.00000000      0.00000000      0.00348682     -4.53430474      0.00002467    284.75621686      0.02194672      0.00000000      0.99983646      0.34618370      0.51668159      0.51668159      0.45640241      0.99650051      4.90000000    -10.00000000
     22.44147157     -0.00000000     -0.00000000      0.00000000      0.00000000      0.00337615     -4.56842359      0.00002408    286.79450707      0.02211991      0.00000000      0.99983646      0.34665120      0.51654712      0.51654712      0.45658775      0.99652530      4.90000000    -10.00000000
     22.60869565     -0.00000000     -0.00000000      0.00000000      0.00000000      0.00326889     -4.60254392      0.00002350    288.76670315      0.02229822      0.00000000      0.99983646      0.34712051      0.51641401      0.51641401      0.45676990      0.99654895      4.90000000    -10.00000000
     22.77591973     -0.00000000     -0.00000000      0.00000000      0.00000000      0.00316496     -4.63666563      0.00002294    290.69177285      0.02248021      0.00000000      0.99983646      0.34759541      0.51628238      0.51628238      0.45695810      0.99657172      4.90000000    -10.00000000
     22.94314381     -0.00000000     -0.00000000      0.00000000      0.00000000      0.00306425     -4.67078861      0.00002239    292.54975034      0.02266743      0.00000000      0.99983646      0.34807487      0.51615212      0.51615212      0.45717749      0.99659342      4.90000000    -10.00000000
     23.11036789     -0.00000000     -0.00000000      0.00000000      0.00000000      0.00296667     -4.70491274      0.00002186    294.34670333      0.02285943      0.00000000      0.99983646      0.34855096      0.51602326      0.51602326      0.45732856      0.99661415      4.90000000    -10.00000000
     23.27759197     -0.00000000     -0.00000000      0.00000000      0.00000000      0.00287214     -4.73903792      0.00002135    296.08218882      0.02305630      0.00000000      0.99983646      0.34903506      0.51589581      0.51589581      0.45751340      0.99663393      4.90000000    -10.00000000
     23.44481605     -0.00000000     -0.00000000      0.00000000      0.00000000      0.00278055     -4.77316402      0.00002085    297.75568506      0.02325810      0.00000000      0.99983646      0.34951804      0.51576976      0.51576976      0.45770328      0.99665278      4.90000000    -10.00000000
     23.61204013     -0.00000000     -0.00000000      0.00000000      0.00000000      0.00269183     -4.80729096      0.00002036    299.36704928      0.02346488      0.00000000      0.99983646      0.35000516      0.51564510      0.51564510      0.45788214      0.99667074      4.90000000    -10.00000000
     23.77926421     -0.00000000     -0.00000000      0.00000000      0.00000000      0.00260588     -4.84141863      0.00001989    300.91581828      0.02367673      0.00000000      0.99983646      0.35048860      0.51552185      0.51552185      0.45806572      0.99668782      4.90000000    -10.00000000
     23.94648829     -0.00000000     -0.00000000      0.00000000      0.00000000      0.00252263     -4.87554691      0.00001943    302.40168523      0.02389373      0.00000000      0.99983646      0.35098418      0.51539998      0.51539998      0.45825439      0.99670404      4.90000000    -10.00000000
     24.11371237     -0.00000000     -0.00000000      0.00000000      0.00000000      0.00244200     -4.90967571      0.00001899    303.82435484      0.02411596      0.00000000      0.99983646      0.35147612      0.51527950      0.51527950      0.45843193      0.99671942      4.90000000    -10.00000000
     24.28093645     -0.00000000     -0.00000000      0.00000000      0.00000000      0.00236390     -4.94380492      0.00001855    305.18357145      0.02434350      0.00000000      0.99983646      0.35175345      0.51516039      0.51516039      0.45861540      0.99673399      4.90000000    -10.00000000
     24.44816054     -0.00000000     -0.00000000      0.00000000      0.00000000      0.00228826     -4.97793445      0.00001813    306.47906744      0.02457644      0.00000000      0.99983646      0.35246436      0.51504265      0.51504265      0.45879746      0.99674775      4.90000000    -10.00000000
     24.61538462     -0.00000000     -0.00000000      0.00000000      0.00000000      0.00221500     -5.01206418      0.00001772    307.71067491      0.02481488      0.00000000      0.99983646      0.35296019      0.51492628      0.51492628      0.45897930      0.99676072      4.90000000    -10.00000000
     24.78260870     -0.00000000     -0.00000000      0.00000000      0.00000000      0.00214406     -5.04619404      0.00001732    308.87819328      0.02505891      0.00000000      0.99983646      0.35345655      0.51481125      0.51481125      0.45915958      0.99677293      4.90000000    -10.00000000
     24.94983278     -0.00000000     -0.00000000      0.00000000      0.00000000      0.00207536     -5.08032400      0.00001693    309.98327497      0.02530848      0.00000000      0.99983646      0.35395783      0.51469757      0.51469757      0.45934072      0.99678439      4.90000000    -10.00000000
     25.11705686     -0.00000000     -0.00000000      0.00000000      0.00000000      0.00200883     -5.11445368      0.00001656    311.02032348      0.02556414      0.00000000      0.99983646      0.35445292      0.51458523      0.51458523      0.45951991      0.99679508      4.90000000    -10.00000000
     25.28428094     -0.00000000     -0.00000000      0.00000000      0.00000000      0.00194441     -5.14858328      0.00001619    311.99479413      0.02582555      0.00000000      0.99983646      0.35495250      0.51447421      0.51447421      0.45969983      0.99680506      4.90000000    -10.00000000
     25.45150502     -0.00000000     -0.00000000      0.00000000      0.00000000      0.00188203     -5.18271261      0.00001583    312.90469741      0.02609298      0.00000000      0.99983646      0.35545175      0.51436450      0.51436450      0.45987837      0.99681432      4.90000000    -10.00000000
     25.61872910     -0.00000000     -0.00000000      0.00000000      0.00000000      0.00182164     -5.21684156      0.00001549    313.75001728      0.02636653      0.00000000      0.99983646      0.35595203      0.51425610      0.51425610      0.46005639      0.99682288      4.90000000    -10.00000000
     25.78595318     -0.00000000     -0.00000000      0.00000000      0.00000000      0.00176316     -5.25097004      0.00001515    314.53076375      0.02664633      0.00000000      0.99983646      0.35645079      0.51414899      0.51414899      0.46023362      0.99683074      4.90000000    -10.00000000
     25.95317726     -0.00000000     -0.00000000      0.00000000      0.00000000      0.00170654     -5.28509796      0.00001482    315.24694681      0.02693250      0.00000000      0.99983646      0.35695081      0.51404316      0.51404316      0.46041022      0.99683791      4.90000000    -10.00000000
     26.12040134     -0.00000000     -0.00000000      0.00000000      0.00000000      0.00165173     -5.31922522      0.00001450    315.89859443      0.02722517      0.00000000      0.99983646      0.35745085      0.51393860      0.51393860      0.46059470      0.99684442      4.90000000    -10.00000000
     26.28762542     -0.00000000     -0.00000000      0.00000000      0.00000000      0.00159866     -5.35335172      0.00001419    316.48581223      0.02752446      0.00000000      0.99983646      0.35795021      0.51383529      0.51383529      0.46076077      0.99685025      4.90000000    -10.00000000
     26.45484950     -0.00000000     -0.00000000      0.00000000      0.00000000      0.00154728     -5.38747737      0.00001388    317.00866038      0.02783052      0.00000000      0.99983646      0.35844975      0.51373323      0.51373323      0.46093495      0.99685543      4.90000000    -10.00000000
     26.62207358     -0.00000000     -0.00000000      0.00000000      0.00000000      0.00149755     -5.42160218      0.00001359    317.46916263      0.02814332      0.00000000      0.99983646      0.35894902      0.51363240      0.51363240      0.46110860      0.99685998      4.90000000    -10.00000000
     26.78929766     -0.00000000     -0.00000000      0.00000000      0.00000000      0.00144940     -5.45572575      0.00001330    317.86190644      0.02846349      0.00000000      0.99983646      0.35994262      0.51353280      0.51353280      0.46128093      0.99686385      4.90000000    -10.00000000
     26.95652174     -0.00000000     -0.00000000      0.00000000      0.00000000      0.00140279     -5.48984829      0.00001302    318.19265542      0.02879069      0.00000000      0.99983646      0.35967815      0.51343440      0.51343440      0.46145265      0.99686710      4.90000000    -10.00000000
     27.12374582     -0.00000000     -0.00000000      0.00000000      0.00000000      0.00135767     -5.52396960      0.00001275    318.45976277      0.02912524      0.00000000      0.99983646      0.35941899      0.51333719      0.51333719      0.46162344      0.99686972      4.90000000    -10.00000000
     27.29096990     -0.00000000     -0.00000000      0.00000000      0.00000000      0.00131399     -5.55808959      0.00001248    318.66348832      0.02946730      0.00000000      0.99983646      0.36094063      0.51324116      0.51324116      0.46179352      0.99687171      4.90000000    -10.00000000
     27.45819398     -0.00000000     -0.00000000      0.00000000      0.00000000      0.00127172     -5.59220816      0.00001223    318.80411502      0.02981702      0.00000000      0.99983646      0.36143765      0.51314630      0.51314630      0.46196278      0.99687309      4.90000000    -10.00000000
     27.62541806     -0.00000000     -0.00000000      0.00000000      0.00000000      0.00123079     -5.62632522      0.00001197    318.88193902      0.03017458      0.00000000      0.99983646      0.36192102      0.51305260      0.51305260      0.46213112      0.99687385      4.90000000    -10.00000000
     27.79264214     -0.00000000     -0.00000000      0.00000000      0.00000000      0.00119118     -5.66044067      0.00001173    318.89730925      0.03054015      0.00000000      0.99983646      0.36242759      0.51296003      0.51296003      0.46229857      0.99687400      4.90000000    -10.00000000
     27.95986622     -0.00000000     -0.00000000      0.00000000      0.00000000      0.00115284     -5.69455442      0.00001149    318.85059270      0.03091390      0.00000000      0.99983646      0.36292073      0.51286859      0.51286859      0.46247777      0.99687354      4.90000000    -10.00000000
     28.12709030     -0.00000000     -0.00000000      0.00000000      0.00000000      0.00111573     -5.72866637      0.00001126    318.74217917      0.03129601      0.00000000      0.99983646      0.36341314      0.51277827      0.51277827      0.46263056      0.99687248      4.90000000    -10.00000000
     28.29431438     -0.00000000     -0.00000000      0.00000000      0.00000000      0.00107982     -5.76277643      0.00001103    318.57249768      0.03168668      0.00000000      0.99983646      0.36390460      0.51268904      0.51268904      0.46279849      0.99687082      4.90000000    -10.00000000
     28.46153846     -0.00000000     -0.00000000      0.00000000      0.00000000      0.00104505     -5.79688449      0.00001081    318.34200294      0.03208609      0.00000000      0.99983646      0.36439459      0.51260111      0.51260111      0.46318266      0.99686856      4.90000000    -10.00000000
     28.62876254     -0.00000000     -0.00000000      0.00000000      0.00000000      0.00101140     -5.83099046      0.00001060    318.05117005      0.03249445      0.00000000      0.99983646      0.36488342      0.51251384      0.51251384      0.46312421      0.99686571      4.90000000    -10.00000000
     28.79598662     -0.00000000     -0.00000000      0.00000000      0.00000000      0.00097884     -5.86509424      0.00001039    317.70051691      0.03291195      0.00000000      0.99983646      0.36537101      0.51242783      0.51242783      0.46306687      0.99686226      4.90000000    -10.00000000
     28.96321070     -0.00000000     -0.00000000      0.00000000      0.00000000      0.00094732     -5.89919573      0.00001018    317.29056691      0.03333880      0.00000000      0.99983646      0.36585753      0.51234287      0.51234287      0.46344512      0.99685822      4.90000000    -10.00000000
     29.13043478     -0.00000000     -0.00000000      0.00000000      0.00000000      0.00091682     -5.93329483      0.00000998    316.82189204      0.03377522      0.00000000      0.99983646      0.36634222      0.51225894      0.51225894      0.46360510      0.99685358      4.90000000    -10.00000000
     29.29765886     -0.00000000     -0.00000000      0.00000000      0.00000000      0.00088729     -5.96739144      0.00001142    271.20281782      0.03991135      0.00000000      0.99983646      0.36682575      0.51217604      0.51217604      0.46376431      0.99632627      4.90000000    -10.00000000
     29.46488294     -0.00000000     -0.00000000      0.00000000      0.00000000      0.00085872     -6.00148546      0.00000960    315.71076478      0.03467765      0.00000000      0.99983646      0.36730890      0.51209414      0.51209414      0.46392252      0.99684254      4.90000000    -10.00000000
     29.63210702     -0.00000000     -0.00000000      0.00000000      0.00000000      0.00083107     -6.03557679      0.00000942    315.06956254      0.03514412      0.00000000      0.99983646      0.36778725      0.51201323      0.51201323      0.46408020      0.99683614      4.90000000    -10.00000000
     29.79933110     -0.00000000     -0.00000000      0.00000000      0.00000000      0.00080431     -6.06966532      0.00000924    314.37215703      0.03562107      0.00000000      0.99983646      0.36826692      0.51193311      0.51193311      0.46423613      0.99682914      4.90000000    -10.00000000
     29.96655518     -0.00000000     -0.00000000      0.00000000      0.00000000      0.00077841     -6.10375094      0.00000906    313.61924335      0.03610875      0.00000000      0.99983646      0.36876222      0.51185433      0.51185433      0.46439146      0.99682155      4.90000000    -10.00000000
     30.13377926     -0.00000000     -0.00000000      0.00000000      0.00000000      0.00075335     -6.13783356      0.00000889    312.81152934      0.03660741      0.00000000      0.99983646      0.36922034      0.51177632      0.51177632      0.46454587      0.99681337      4.90000000    -10.00000000
     30.30100334     -0.00000000     -0.00000000      0.00000000      0.00000000      0.00072909     -6.17191306      0.00000872    311.94972871      0.03711731      0.00000000      0.99983646      0.36969480      0.51169925      0.51169925      0.46469931      0.99680460      4.90000000    -10.00000000
     30.46822742     -0.00000000     -0.00000000      0.00000000      0.00000000      0.00070562     -6.20598934      0.00000856    311.03465122      0.03763871      0.00000000      0.99983646      0.37016644      0.51162311      0.51162311      0.46485164      0.99679523      4.90000000    -10.00000000
     30.63545151     -0.00000000     -0.00000000      0.00000000      0.00000000      0.00068290     -6.24006228      0.00000840    310.06711937      0.03817189      0.00000000      0.99983646      0.37063616      0.51154788      0.51154788      0.46500312      0.99678526      4.90000000    -10.00000000
     30.80267559     -0.00000000     -0.00000000      0.00000000      0.00000000      0.00066092     -6.27413178      0.00000825    309.04786603      0.03871712      0.00000000      0.99983646      0.37116579      0.51147356      0.51147356      0.46515402      0.99677469      4.90000000    -10.00000000
     30.96989967     -0.00000000     -0.00000000      0.00000000      0.00000000      0.00063964     -6.30819772      0.00000810    307.97774785      0.03927469      0.00000000      0.99983646      0.37157157      0.51140012      0.51140012      0.46530169      0.99676352      4.90000000    -10.00000000
     31.13712375     -0.00000000     -0.00000000      0.00000000      0.00000000      0.00061905     -6.34225999      0.00000795    306.85762301      0.03984489      0.00000000      0.99983646      0.37203685      0.51132756      0.51132756      0.46545222      0.99675175      4.90000000    -10.00000000
     31.30434783     -0.00000000     -0.00000000      0.00000000      0.00000000      0.00059913     -6.37631847      0.00000781    305.68835490      0.04042803      0.00000000      0.99983646      0.37249854      0.51125586      0.51125586      0.46560008      0.99673936      4.90000000    -10.00000000
     31.47157191     -0.00000000     -0.00000000      0.00000000      0.00000000      0.00057985     -6.41037305      0.00000767    304.47083574      0.04102442      0.00000000      0.99983646      0.37296114      0.51118502      0.51118502      0.46574697      0.99672637      4.90000000    -10.00000000
     31.63879599     -0.00000000     -0.00000000      0.00000000      0.00000000      0.00056119     -6.44442360      0.00000753    303.20597596      0.04163436      0.00000000      0.99983646      0.37342034      0.51111501      0.51111501      0.46589288      0.99671275      4.90000000    -10.00000000
     31.80602007     -0.00000000     -0.00000000      0.00000000      0.00000000      0.00054314     -6.47847001      0.00000740    301.89469858      0.04225819      0.00000000      0.99983646      0.37387789      0.51104584      0.51104584      0.46603780      0.99669852      4.90000000    -10.00000000
     31.97324415     -0.00000000     -0.00000000      0.00000000      0.00000000      0.00052566     -6.51251215      0.00000727    300.53794694      0.04289625      0.00000000      0.99983646      0.37433338      0.51097755      0.51097755      0.46618170      0.99668367      4.90000000    -10.00000000
     32.14046823     -0.00000000     -0.00000000      0.00000000      0.00000000      0.00050875     -6.54654990      0.00000714    299.13667761      0.04354886      0.00000000      0.99983646      0.37478653      0.51090994      0.51090994      0.46632478      0.99666818      4.90000000    -10.00000000
     32.30769231     -0.00000000     -0.00000000      0.00000000      0.00000000      0.00049239     -6.58058313      0.00000702    297.69186565      0.04421639      0.00000000      0.99983646      0.37523821      0.51084317      0.51084317      0.46646690      0.99665207      4.90000000    -10.00000000
     32.47491639     -0.00000000     -0.00000000      0.00000000      0.00000000      0.00047656     -6.61461171      0.00000690    296.20449651      0.04489920      0.00000000      0.99983646      0.37568798      0.51077720      0.51077720      0.46660800      0.99663531      4.90000000    -10.00000000
     32.64214047     -0.00000000     -0.00000000      0.00000000      0.00000000      0.00046123     -6.64863552      0.00000678    294.67557127      0.04559765      0.00000000      0.99983646      0.37607368      0.51071199      0.51071199      0.46674853      0.99661791      4.90000000    -10.00000000
     32.80936455     -0.00000000     -0.00000000      0.00000000      0.00000000      0.00044641     -6.68265441      0.00000667    293.10610132      0.04631212      0.00000000      0.99983646      0.37658233      0.51064753      0.51064753      0.46688709      0.99659987      4.90000000    -10.00000000
     32.97658863     -0.00000000     -0.00000000      0.00000000      0.00000000      0.00043206     -6.71666826      0.00000655    291.49711022      0.04704300      0.00000000      0.99983646      0.37702481      0.51058382      0.51058382      0.46702606      0.99658116      4.90000000    -10.00000000
     33.14381271     -0.00000000     -0.00000000      0.00000000      0.00000000      0.00041817     -6.75067693      0.00000644    289.84963398      0.04779070      0.00000000      0.99983646      0.37746616      0.51052085      0.51052085      0.46716346      0.99656180      4.90000000    -10.00000000
     33.31103679     -0.00000000     -0.00000000      0.00000000      0.00000000      0.00040474     -6.78468022      0.00000634    288.16410845      0.04855572      0.00000000      0.99983646      0.37790550      0.51045861      0.51045861      0.46730012      0.99654176      4.90000000    -10.00000000
     33.47826087     -0.00000000     -0.00000000      0.00000000      0.00000000      0.00039173     -6.81867815      0.00000623    286.44340407      0.04933817      0.00000000      0.99983646      0.37872221      0.51039708      0.51039708      0.46743579      0.99652105      4.90000000    -10.00000000
     33.64548495     -0.00000000     -0.00000000      0.00000000      0.00000000      0.00037915     -6.85267042      0.00000613    284.68676225      0.05013880      0.00000000      0.99983646      0.37858646      0.51033626      0.51033626      0.46757325      0.99649966      4.90000000    -10.00000000
     33.81270903     -0.00000000     -0.00000000      0.00000000      0.00000000      0.00036697     -6.88665689      0.00000603    282.89531839      0.05095803      0.00000000      0.99983646      0.37921131      0.51027613      0.51027613      0.46770441      0.99647757      4.90000000    -10.00000000
     33.97993311     -0.00000000     -0.00000000      0.00000000      0.00000000      0.00035519     -6.92063750      0.00000593    281.07134305      0.05179611      0.00000000      0.99983646      0.37964281      0.51021669      0.51021669      0.46783714      0.99645480      4.90000000    -10.00000000
     34.14715719     -0.00000000     -0.00000000      0.00000000      0.00000000      0.00034379     -6.95461209      0.00000584    279.21554742      0.05265356      0.00000000      0.99983646      0.38007248      0.51015801      0.51015801      0.46796942      0.99643132      4.90000000    -10.00000000
     34.31438127     -0.00000000     -0.00000000      0.00000000      0.00000000      0.00033275     -6.98858042      0.00000574    277.32830250      0.05353099      0.00000000      0.99983646      0.38049796      0.51009982      0.51009982      0.46810061      0.99640712      4.90000000    -10.00000000
     34.48160535     -0.00000000     -0.00000000      0.00000000      0.00000000      0.00032208     -7.02254237      0.00000565    275.41110719      0.05442880      0.00000000      0.99983646      0.38092319      0.51004237      0.51004237      0.46823161      0.99638220      4.90000000    -10.00000000
     34.64882943     -0.00000000     -0.00000000      0.00000000      0.00000000      0.00031174     -7.05649779      0.00000556    273.46505047      0.05534751      0.00000000      0.99983646      0.38134591      0.50998557      0.50998557      0.46836061      0.99635655      4.90000000    -10.00000000
     34.81605351     -0.00000000     -0.00000000      0.00000000      0.00000000      0.00030174     -7.09044651      0.00000548    271.49121536      0.05628762      0.00000000      0.99983646      0.38176652      0.50992941      0.50992941      0.46848887      0.99633016      4.90000000    -10.00000000
     34.98327759     -0.00000000     -0.00000000      0.00000000      0.00000000      0.00029207     -7.12438837      0.00000539    269.49069288      0.05724966      0.00000000      0.99983646      0.38218503      0.50987387      0.50987387      0.46865508      0.99630302      4.90000000    -10.00000000
     35.15050167     -0.00000000     -0.00000000      0.00000000      0.00000000      0.00028270     -7.15832318      0.00000531    267.46456200      0.05823417      0.00000000      0.99983646      0.38260273      0.50981895      0.50981895      0.46862448      0.99627511      4.90000000    -10.00000000
     35.31772575     -0.00000000     -0.00000000      0.00000000      0.00000000      0.00027364     -7.19225078      0.00000523    265.41394344      0.05924169      0.00000000      0.99983646      0.38301564      0.50976464      0.50976464      0.46886915      0.99624644      4.90000000    -10.00000000
     35.48494983     -0.00000000     -0.00000000      0.00000000      0.00000000      0.00026487     -7.22617098      0.00000515    263.33986358      0.06027280      0.00000000      0.99983646      0.38342684      0.50971093      0.50971093      0.46899437      0.99621699      4.90000000    -10.00000000
     35.65217391     -0.00000000     -0.00000000      0.00000000      0.00000000      0.00025638     -7.26008362      0.00000507    261.24344162      0.06132808      0.00000000      0.99983646      0.38385491      0.50965781      0.50965781      0.46911870      0.99618675      4.90000000    -10.00000000
     35.81939799     -0.00000000     -0.00000000      0.00000000      0.00000000      0.00024817     -7.29398850      0.00000499    259.12580980      0.06240810      0.00000000      0.99983646      0.38424520      0.50960527      0.50960527      0.46924172      0.99615571      4.90000000    -10.00000000
     35.98662207     -0.00000000     -0.00000000      0.00000000      0.00000000      0.00024022     -7.32788543      0.00000492    256.98784079      0.06351353      0.00000000      0.99983646      0.38465044      0.50955330      0.50955330      0.46937435      0.99612385      4.90000000    -10.00000000
     36.15384615     -0.00000000     -0.00000000      0.00000000      0.00000000      0.00023253     -7.36177422      0.00000485    254.83080035      0.06464495      0.00000000      0.99983646      0.38505550      0.50950190      0.50950190      0.46948636      0.99609117      4.90000000    -10.00000000
     36.32107023     -0.00000000     -0.00000000      0.00000000      0.00000000      0.00022509     -7.39565467      0.00000478    252.65567752      0.06580300      0.00000000      0.99983646      0.38545668      0.50945110      0.50945110      0.46960754      0.99605765      4.90000000    -10.00000000
     36.48829431     -0.00000000     -0.00000000      0.00000000      0.00000000      0.00021789     -7.42952659      0.00000471    250.46352730      0.06698835      0.00000000      0.99983646      0.38585000      0.50940076      0.50940076      0.46972736      0.99602328      4.90000000    -10.00000000
     36.65551839     -0.00000000     -0.00000000      0.00000000      0.00000000      0.00021091     -7.46338977      0.00000464    248.25539279      0.06820168      0.00000000      0.99983646      0.38625418      0.50935100      0.50935100      0.46984679      0.99598805      4.90000000    -10.00000000
     36.82274247     -0.00000000     -0.00000000      0.00000000      0.00000000      0.00020417     -7.49724400      0.00000457    246.03231013      0.06944367      0.00000000      0.99983646      0.38664918      0.50930178      0.50930178      0.46996638      0.99595195      4.90000000    -10.00000000
     36.98996656     -0.00000000     -0.00000000      0.00000000      0.00000000      0.00019764     -7.53108906      0.00000451    243.79530385      0.07071503      0.00000000      0.99983646      0.38704286      0.50925308      0.50925308      0.47010838      0.99591495      4.90000000    -10.00000000
     37.15719064     -0.00000000     -0.00000000      0.00000000      0.00000000      0.00019132     -7.56492475      0.00000444    241.54539235      0.07201649      0.00000000      0.99983646      0.38743393      0.50920490      0.50920490      0.47019987      0.99587706      4.90000000    -10.00000000
     37.32441472     -0.00000000     -0.00000000      0.00000000      0.00000000      0.00018521     -7.59875084      0.00000438    239.28357930      0.07334880      0.00000000      0.99983646      0.38782323      0.50915723      0.50915723      0.47031627      0.99583825      4.90000000    -10.00000000
     37.49163880     -0.00000000     -0.00000000      0.00000000      0.00000000      0.00017929     -7.63256709      0.00000432    237.01085926      0.07471272      0.00000000      0.99983646      0.38821318      0.50911006      0.50911006      0.47043126      0.99579851      4.90000000    -10.00000000
     37.65886288     -0.00000000     -0.00000000      0.00000000      0.00000000      0.00017356     -7.66637329      0.00000426    234.72821472      0.07610902      0.00000000      0.99983646      0.38859460      0.50906338      0.50906338      0.47054659      0.99575783      4.90000000    -10.00000000
     37.82608696     -0.00000000     -0.00000000      0.00000000      0.00000000      0.00016802     -7.70016919      0.00000420    232.43661563      0.07753852      0.00000000      0.99983646      0.38897747      0.50901719      0.50901719      0.47065524      0.99571618      4.90000000    -10.00000000
     37.99331104     -0.00000000     -0.00000000      0.00000000      0.00000000      0.00016266     -7.73395456      0.00000414    230.13701888      0.07900203      0.00000000      0.99983646      0.38920155      0.50897149      0.50897149      0.47077254      0.99567356      4.90000000    -10.00000000
     38.16053512     -0.00000000     -0.00000000      0.00000000      0.00000000      0.00015747     -7.76772914      0.00000409    227.83036797      0.08050040      0.00000000      0.99983646      0.38973743      0.50892625      0.50892625      0.47088479      0.99562995      4.90000000    -10.00000000
     38.32775920     -0.00000000     -0.00000000      0.00000000      0.00000000      0.00015244     -7.80149270      0.00000403    225.51762443      0.08203448      0.00000000      0.99983646      0.39011446      0.50888148      0.50888148      0.47099626      0.99558533      4.90000000    -10.00000000
     38.49498328     -0.00000000     -0.00000000      0.00000000      0.00000000      0.00014758     -7.83524496      0.00000398    223.19965372      0.08360517      0.00000000      0.99983646      0.39048949      0.50883717      0.50883717      0.47110698      0.99553969      4.90000000    -10.00000000
     38.66220736     -0.00000000     -0.00000000      0.00000000      0.00000000      0.00014288     -7.86898567      0.00000393    220.87736980      0.08521338      0.00000000      0.99983646      0.39086165      0.50879332      0.50879332      0.47121024      0.99549301      4.90000000    -10.00000000
     38.82943144     -0.00000000     -0.00000000      0.00000000      0.00000000      0.00013832     -7.90271458      0.00000387    218.55179659      0.08685998      0.00000000      0.99983646      0.39123239      0.50874991      0.50874991      0.47132623      0.99544527      4.90000000    -10.00000000
     38.99665552     -0.00000000     -0.00000000      0.00000000      0.00000000      0.00013392     -7.93643133      0.00000382    216.22331953      0.08854611      0.00000000      0.99983646      0.39160232      0.50870695      0.50870695      0.47143505      0.99539644      4.90000000    -10.00000000
     39.16387960     -0.00000000     -0.00000000      0.00000000      0.00000000      0.00012965     -7.97013575      0.00000377    213.89334296      0.09027254      0.00000000      0.99983646      0.39198249      0.50866441      0.50866441      0.47159182      0.99534653      4.90000000    -10.00000000
     39.33110368     -0.00000000     -0.00000000      0.00000000      0.00000000      0.00012552     -8.00382751      0.00000372    211.56250112      0.09204035      0.00000000      0.99983646      0.39233236      0.50862230      0.50862230      0.47164959      0.99529550      4.90000000    -10.00000000
     39.49832776     -0.00000000     -0.00000000      0.00000000      0.00000000      0.00012152     -8.03750632      0.00000368    209.23161391      0.09385056      0.00000000      0.99983646      0.39269497      0.50858062      0.50858062      0.47175595      0.99524334      4.90000000    -10.00000000
     39.66555184     -0.00000000     -0.00000000      0.00000000      0.00000000      0.00011766     -8.07117188      0.00000363    206.90148459      0.09570422      0.00000000      0.99983646      0.39305579      0.50853935      0.50853935      0.47186346      0.99519003      4.90000000    -10.00000000
     39.83277592     -0.00000000     -0.00000000      0.00000000      0.00000000      0.00011391     -8.10482389      0.00000358    204.57289909      0.09760242      0.00000000      0.99983646      0.39341468      0.50849849      0.50849849      0.47196640      0.99513555      4.90000000    -10.00000000
     40.00000000     -0.00000000     -0.00000000      0.00000000      0.00000000      0.00011029     -8.13846200      0.00000354    202.24646006      0.09954633      0.00000000      0.99983646      0.39377115      0.50845803      0.50845803      0.47207048      0.99507987      4.90000000    -10.00000000
