    -10.00000000     -0.00000000     -0.00000000      0.00000000      0.00000000      0.01170454      0.00000114      0.00013486      0.00000000      0.17511628      0.00000000      0.99981460      0.50011177      0.50014840      0.50014840      0.49998131      0.00000000      1.00000000    -10.00000000
     -9.88294314     -0.00000000     -0.00000000      0.00000000      0.00000000      0.01177174      0.00459567      0.00013524      0.00003677      0.17461083      0.00000000      0.99981460      0.50900821      0.49962513      0.49962513      0.50347621      0.00003676      1.00000000    -10.00000000
     -9.76588629     -0.00000000     -0.00000000      0.00000000      0.00000000      0.01178797      0.00908393      0.00013683      0.00014218      0.17640970      0.00000000      0.99981460      0.51798798      0.49923989      0.49923989      0.50694934      0.00014216      1.00000000    -10.00000000
     -9.64882943     -0.00000000     -0.00000000      0.00000000      0.00000000      0.01180719      0.01373990      0.00013947      0.00031965      0.17952035      0.00000000      0.99981460      0.52695669      0.49886869      0.49886869      0.51041934      0.00031955      1.00000000    -10.00000000
     -9.53177258     -0.00000000     -0.00000000      0.00000000      0.00000000      0.01183253      0.01853919      0.00014318      0.00056806      0.18391238      0.00000000      0.99981460      0.53588907      0.49848926      0.49848926      0.51386835      0.00056773      1.00000000    -10.00000000
     -9.41471572     -0.00000000     -0.00000000      0.00000000      0.00000000      0.01186511      0.02352805      0.00014801      0.00088755      0.18958275      0.00000000      0.99981460      0.54473083      0.49810713      0.49810713      0.51743627      0.00088677      1.00000000    -10.00000000
     -9.29765886     -0.00000000     -0.00000000      0.00000000      0.00000000      0.01190512      0.02875495      0.00015396      0.00127875      0.19654531      0.00000000      0.99981460      0.55411325      0.49772603      0.49772603      0.52092189      0.00127711      1.00000000    -10.00000000
     -9.18060201     -0.00000000     -0.00000000      0.00000000      0.00000000      0.01195272      0.03426933      0.00016108      0.00174287      0.20481764      0.00000000      0.99981460      0.56290499      0.49734066      0.49734066      0.52452774      0.00173984      1.00000000    -10.00000000
     -9.06354515     -0.00000000     -0.00000000      0.00000000      0.00000000      0.01200810      0.04012161      0.00016941      0.00228199      0.21441985      0.00000000      0.99981460      0.57117813      0.49695159      0.49695159      0.52769985      0.00227679      1.00000000    -10.00000000
     -8.94648829     -0.00000000     -0.00000000      0.00000000      0.00000000      0.01207146      0.04636326      0.00017901      0.00289912      0.22537396      0.00000000      0.99981460      0.57962422      0.49655607      0.49655607      0.53108443      0.00289074      1.00000000    -10.00000000
     -8.82943144     -0.00000000     -0.00000000      0.00000000      0.00000000      0.01214304      0.05304694      0.00018992      0.00359838      0.23770330      0.00000000      0.99981460      0.58804692      0.49617195      0.49617195      0.53446236      0.00358548      1.00000000    -10.00000000
     -8.71237458     -0.00000000     -0.00000000      0.00000000      0.00000000      0.01222313      0.06022651      0.00020221      0.00438507      0.25143186      0.00000000      0.99981460      0.59608539      0.49578882      0.49578882      0.53776639      0.00436593      1.00000000    -10.00000000
     -8.59531773     -0.00000000     -0.00000000      0.00000000      0.00000000      0.01231201      0.06795705      0.00021596      0.00526571      0.26658346      0.00000000      0.99981460      0.60414368      0.49539879      0.49539879      0.54105882      0.00523813      1.00000000    -10.00000000
     -8.47826087     -0.00000000     -0.00000000      0.00000000      0.00000000      0.01241005      0.07629487      0.00023123      0.00624810      0.28318093      0.00000000      0.99981460      0.61200663      0.49500135      0.49500135      0.54430315      0.00620931      1.00000000    -10.00000000
     -8.36120401     -0.00000000     -0.00000000      0.00000000      0.00000000      0.01251763      0.08529743      0.00024811      0.00734131      0.30124509      0.00000000      0.99981460      0.61976331      0.49459347      0.49459347      0.54755039      0.00728781      1.00000000    -10.00000000
     -8.24414716     -0.00000000     -0.00000000      0.00000000      0.00000000      0.01263519      0.09502320      0.00026670      0.00855569      0.32079367      0.00000000      0.99981460      0.62733985      0.49417762      0.49417762      0.55076689      0.00848311      1.00000000    -10.00000000
     -8.12709030     -0.00000000     -0.00000000      0.00000000      0.00000000      0.01276322      0.10553154      0.00028707      0.00990292      0.34184006      0.00000000      0.99981460      0.63473310      0.49375681      0.49375681      0.55385507      0.00980581      1.00000000    -10.00000000
     -8.01003344     -0.00000000     -0.00000000      0.00000000      0.00000000      0.01290225      0.11688237      0.00030934      0.01139595      0.36439200      0.00000000      0.99981460      0.64193250      0.49333067      0.49333067      0.55708684      0.01126755      1.00000000    -10.00000000
     -7.89297659     -0.00000000     -0.00000000      0.00000000      0.00000000      0.01305288      0.12913594      0.00033362      0.01304910      0.38845009      0.00000000      0.99981460      0.64892730      0.49289850      0.49289850      0.56018409      0.01288101      1.00000000    -10.00000000
     -7.77591973     -0.00000000     -0.00000000      0.00000000      0.00000000      0.01321577      0.14235235      0.00036000      0.01487798      0.41400625      0.00000000      0.99981460      0.65569767      0.49245960      0.49245960      0.56323706      0.01465987      1.00000000    -10.00000000
     -7.65886288     -0.00000000     -0.00000000      0.00000000      0.00000000      0.01339166      0.15659112      0.00038862      0.01689958      0.44104204      0.00000000      0.99981460      0.66227394      0.49201340      0.49201340      0.56624574      0.01661873      1.00000000    -10.00000000
     -7.54180602     -0.00000000     -0.00000000      0.00000000      0.00000000      0.01358134      0.17191054      0.00041958      0.01913225      0.46952687      0.00000000      0.99981460      0.66859555      0.49155880      0.49155880      0.56920359      0.01877308      1.00000000    -10.00000000
     -7.42474916     -0.00000000     -0.00000000      0.00000000      0.00000000      0.01378571      0.18836701      0.00045300      0.02159576      0.49941627      0.00000000      0.99981460      0.67465756      0.49109682      0.49109682      0.57210920      0.02113924      1.00000000    -10.00000000
     -7.30769231     -0.00000000     -0.00000000      0.00000000      0.00000000      0.01400575      0.20601422      0.00048902      0.02431128      0.53064993      0.00000000      0.99981460      0.68055382      0.49062535      0.49062535      0.57496183      0.02373427      1.00000000    -10.00000000
     -7.19063545     -0.00000000     -0.00000000      0.00000000      0.00000000      0.01424253      0.22490222      0.00052774      0.02730140      0.56314995      0.00000000      0.99981460      0.68616775      0.49014435      0.49014435      0.57775666      0.02657584      1.00000000    -10.00000000
     -7.07357860     -0.00000000     -0.00000000      0.00000000      0.00000000      0.01449726      0.24507639      0.00056929      0.03059016      0.59681902      0.00000000      0.99981460      0.69152639      0.48965311      0.48965311      0.58049206      0.02968218      1.00000000    -10.00000000
     -6.95652174     -0.00000000     -0.00000000      0.00000000      0.00000000      0.01477123      0.26657627      0.00061380      0.03420302      0.63153873      0.00000000      0.99981460      0.69664790      0.48915121      0.48915121      0.58316392      0.03307187      1.00000000    -10.00000000
     -6.83946488     -0.00000000     -0.00000000      0.00000000      0.00000000      0.01506589      0.28943429      0.00066136      0.03816684      0.66716811      0.00000000      0.99981460      0.70148344      0.48863796      0.48863796      0.58577414      0.03676369      1.00000000    -10.00000000
     -6.72240803     -0.00000000     -0.00000000      0.00000000      0.00000000      0.01538283      0.31367441      0.00071209      0.04250984      0.70354237      0.00000000      0.99981460      0.70606323      0.48811321      0.48811321      0.58831591      0.04077644      1.00000000    -10.00000000
     -6.60535117     -0.00000000     -0.00000000      0.00000000      0.00000000      0.01572379      0.33931062      0.00076608      0.04726153      0.74047200      0.00000000      0.99981460      0.71035593      0.48757258      0.48757258      0.59079978      0.04512868      1.00000000    -10.00000000
     -6.48829431     -0.00000000     -0.00000000      0.00000000      0.00000000      0.01609069      0.36634542      0.00082342      0.05245264      0.77774234      0.00000000      0.99981460      0.71440121      0.48702387      0.48702387      0.59318616      0.04983848      1.00000000    -10.00000000
     -6.37123746     -0.00000000     -0.00000000      0.00000000      0.00000000      0.01648564      0.39476825      0.00088416      0.05811494      0.81511356      0.00000000      0.99981460      0.71814678      0.48645905      0.48645905      0.59548769      0.05492309      1.00000000    -10.00000000
     -6.25418060     -0.00000000     -0.00000000      0.00000000      0.00000000      0.01691097      0.42455382      0.00094838      0.06428115      0.85232138      0.00000000      0.99981460      0.72159864      0.48587967      0.48587967      0.59775407      0.06039866      1.00000000    -10.00000000
     -6.13712375     -0.00000000     -0.00000000      0.00000000      0.00000000      0.01736921      0.45566062      0.00101608      0.07098465      0.88907838      0.00000000      0.99981460      0.72474485      0.48528524      0.48528524      0.59991849      0.06627980      1.00000000    -10.00000000
     -6.02006689     -0.00000000     -0.00000000      0.00000000      0.00000000      0.01786318      0.48802935      0.00108729      0.07825930      0.92507602      0.00000000      0.99981460      0.72756868      0.48467490      0.48467490      0.60199827      0.07257930      1.00000000    -10.00000000
     -5.90301003     -0.00000000     -0.00000000      0.00000000      0.00000000      0.01839595      0.52158165      0.00116197      0.08613916      0.95998731      0.00000000      0.99981460      0.73004081      0.48404817      0.48404817      0.60399063      0.07930766      1.00000000    -10.00000000
     -5.78595318     -0.00000000     -0.00000000      0.00000000      0.00000000      0.01897090      0.55621901      0.00124008      0.09465826      0.99346979      0.00000000      0.99981460      0.73209827      0.48340587      0.48340587      0.60589289      0.08647288      1.00000000    -10.00000000
     -5.66889632     -0.00000000     -0.00000000      0.00000000      0.00000000      0.01959172      0.59182231      0.00132153      0.10385063      1.02516798      0.00000000      0.99981460      0.73356733      0.48274344      0.48274344      0.60770217      0.09408033      1.00000000    -10.00000000
     -5.55183946     -0.00000000     -0.00000000      0.00000000      0.00000000      0.02026247      0.62825291      0.00140616      0.11375155      1.05471034      0.00000000      0.99981460      0.73358572      0.48206257      0.48206257      0.60941305      0.10213369      1.00000000    -10.00000000
     -5.43478261     -0.00000000     -0.00000000      0.00000000      0.00000000      0.02098762      0.66532608      0.00149394      0.12437355      1.08183883      0.00000000      0.99981460      0.73595784      0.48136601      0.48136601      0.61102541      0.11061586      1.00000000    -10.00000000
     -5.31772575     -0.00000000     -0.00000000      0.00000000      0.00000000      0.02177200      0.70287265      0.00158457      0.13575928      1.10612772      0.00000000      0.99981460      0.73801346      0.48064822      0.48064822      0.61252949      0.11953174      1.00000000    -10.00000000
     -5.20066890     -0.00000000     -0.00000000      0.00000000      0.00000000      0.02262097      0.74066180      0.00167795      0.14791110      1.12735481      0.00000000      0.99981460      0.73975129      0.47991262      0.47991262      0.61394559      0.12885240      1.00000000    -10.00000000
     -5.08361204     -0.00000000     -0.00000000      0.00000000      0.00000000      0.02354029      0.77848247      0.00177368      0.16086573      1.14513223      0.00000000      0.99981460      0.74116929      0.47915690      0.47915690      0.61521141      0.13857394      1.00000000    -10.00000000
     -4.96655518     -0.00000000     -0.00000000      0.00000000      0.00000000      0.02453630      0.81607702      0.00187149      0.17462773      1.15923262      0.00000000      0.99981460      0.74226498      0.47838146      0.47838146      0.61637879      0.14866645      1.00000000    -10.00000000
     -4.84949833     -0.00000000     -0.00000000      0.00000000      0.00000000      0.02561591      0.85316613      0.00197113      0.18918732      1.16949053      0.00000000      0.99981460      0.74303573      0.47758648      0.47758648      0.61742428      0.15908958      1.00000000    -10.00000000
     -4.73244147     -0.00000000     -0.00000000      0.00000000      0.00000000      0.02678658      0.88946848      0.00207220      0.20453882      1.17572806      0.00000000      0.99981460      0.74347826      0.47677239      0.47677239      0.61834317      0.16980675      1.00000000    -10.00000000
     -4.61538462     -0.00000000     -0.00000000      0.00000000      0.00000000      0.02805641      0.92469223      0.00217429      0.22066775      1.17781495      0.00000000      0.99981460      0.74358818      0.47593947      0.47593947      0.61912738      0.18077626      1.00000000    -10.00000000
     -4.49832776     -0.00000000     -0.00000000      0.00000000      0.00000000      0.02943417      0.95853606      0.00227694      0.23754592      1.17568466      0.00000000      0.99981460      0.74336142      0.47508885      0.47508885      0.61977829      0.19194918      1.00000000    -10.00000000
     -4.38127090     -0.00000000     -0.00000000      0.00000000      0.00000000      0.03092930      0.99069334      0.00237968      0.25512937      1.16933656      0.00000000      0.99981460      0.74279315      0.47422139      0.47422139      0.62028146      0.20326938      1.00000000    -10.00000000
     -4.26421405     -0.00000000     -0.00000000      0.00000000      0.00000000      0.03255197      1.02085660      0.00248203      0.27335653      1.15883480      0.00000000      0.99981460      0.74187681      0.47334028      0.47334028      0.62063937      0.21467400      1.00000000    -10.00000000
     -4.14715719     -0.00000000     -0.00000000      0.00000000      0.00000000      0.03431305      1.04872222      0.00258351      0.29214617      1.14430618      0.00000000      0.99981460      0.74060668      0.47244286      0.47244286      0.62083821      0.22609375      1.00000000    -10.00000000
     -4.03010033     -0.00000000     -0.00000000      0.00000000      0.00000000      0.03622415      1.07399476      0.00268362      0.31139515      1.12593675      0.00000000      0.99981460      0.73897762      0.47153598      0.47153598      0.62087330      0.23745333      1.00000000    -10.00000000
     -3.91304348     -0.00000000     -0.00000000      0.00000000      0.00000000      0.03829762      1.09639121      0.00278187      0.33097599      1.10396706      0.00000000      0.99981460      0.73698089      0.47062194      0.47062194      0.62073712      0.24867164      1.00000000    -10.00000000
     -3.79598662     -0.00000000     -0.00000000      0.00000000      0.00000000      0.04054652      1.11564472      0.00287778      0.35073440      1.07868583      0.00000000      0.99981460      0.73460955      0.46970463      0.46970463      0.62042195      0.25966200      1.00000000    -10.00000000
     -3.67892977     -0.00000000     -0.00000000      0.00000000      0.00000000      0.04298456      1.13150824      0.00297088      0.37048691      1.05042266      0.00000000      0.99981460      0.73187505      0.46880263      0.46880263      0.61991945      0.27033232      1.00000000    -10.00000000
     -3.56187291     -0.00000000     -0.00000000      0.00000000      0.00000000      0.04562609      1.14375748      0.00306074      0.39001863      1.01953949      0.00000000      0.99981460      0.72874902      0.46790665      0.46790665      0.61922321      0.28058518      1.00000000    -10.00000000
     -3.44481605     -0.00000000     -0.00000000      0.00000000      0.00000000      0.04848595      1.15219342      0.00314693      0.40908128      0.98642186      0.00000000      0.99981460      0.72523005      0.46703080      0.46703080      0.61831434      0.29031773      1.00000000    -10.00000000
     -3.32775920     -0.00000000     -0.00000000      0.00000000      0.00000000      0.05157941      1.15664521      0.00322909      0.42739262      0.95146938      0.00000000      0.99981460      0.72128894      0.46616881      0.46616881      0.61719289      0.29942191      1.00000000    -10.00000000
     -3.21070234     -0.00000000     -0.00000000      0.00000000      0.00000000      0.05492189      1.15697184      0.00330686      0.44463614      0.91508688      0.00000000      0.99981460      0.71696313      0.46533851      0.46533851      0.61584596      0.30778417      1.00000000    -10.00000000
     -3.09364548     -0.00000000     -0.00000000      0.00000000      0.00000000      0.05852878      1.15306336      0.00337996      0.46046182      0.87767601      0.00000000      0.99981460      0.71220656      0.46454765      0.46454765      0.61426128      0.31528508      1.00000000    -10.00000000
     -2.97658863     -0.00000000     -0.00000000      0.00000000      0.00000000      0.06241506      1.14484354      0.00344813      0.47449085      0.83962613      0.00000000      0.99981460      0.70702655      0.46381013      0.46381013      0.61242691      0.32179979      1.00000000    -10.00000000
     -2.85953177     -0.00000000     -0.00000000      0.00000000      0.00000000      0.06659491      1.13226876      0.00351115      0.48631874      0.80130814      0.00000000      0.99981460      0.70141220      0.46313938      0.46313938      0.61033176      0.32719680      1.00000000    -10.00000000
     -2.74247492     -0.00000000     -0.00000000      0.00000000      0.00000000      0.07108127      1.11532807      0.00356884      0.49552286      0.76306772      0.00000000      0.99981460      0.69538679      0.46255036      0.46255036      0.60796344      0.33133754      1.00000000    -10.00000000
     -2.62541806     -0.00000000     -0.00000000      0.00000000      0.00000000      0.07588524      1.09404167      0.00362106      0.50167113      0.72522058      0.00000000      0.99981460      0.68892463      0.46204584      0.46204584      0.60530417      0.33407523      1.00000000    -10.00000000
     -2.50836120     -0.00000000     -0.00000000      0.00000000      0.00000000      0.08101552      1.06845841      0.00366772      0.50433307      0.68804890      0.00000000      0.99981460      0.68202890      0.46168800      0.46168800      0.60233580      0.33525360      1.00000000    -10.00000000
     -2.39130435     -0.00000000     -0.00000000      0.00000000      0.00000000      0.08647772      1.03865301      0.00370874      0.50309344      0.65179920      0.00000000      0.99981460      0.67470730      0.46145527      0.46145527      0.59902000      0.33470537      1.00000000    -10.00000000
     -2.27424749     -0.00000000     -0.00000000      0.00000000      0.00000000      0.09227361      1.00472299      0.00374409      0.49756919      0.61668119      0.00000000      0.99981460      0.66697622      0.46137965      0.46137965      0.59523586      0.33225122      1.00000000    -10.00000000
     -2.15719064     -0.00000000     -0.00000000      0.00000000      0.00000000      0.09840030      0.96678524      0.00377378      0.48742794      0.58286920      0.00000000      0.99981460      0.65883886      0.46149172      0.46149172      0.59130638      0.32769852      1.00000000    -10.00000000
     -2.04013378     -0.00000000     -0.00000000      0.00000000      0.00000000      0.10484943      0.92497324      0.00379781      0.47241185      0.55050221      0.00000000      0.99981460      0.65034663      0.46181220      0.46181220      0.58737191      0.32084219      1.00000000    -10.00000000
     -1.92307692     -0.00000000     -0.00000000      0.00000000      0.00000000      0.11160625      0.87943411      0.00381626      0.45236299      0.51968604      0.00000000      0.99981460      0.64147707      0.46237220      0.46237220      0.58311321      0.31146690      1.00000000    -10.00000000
     -1.80602007     -0.00000000     -0.00000000      0.00000000      0.00000000      0.11864877      0.83032582      0.00382920      0.42725072      0.49049637      0.00000000      0.99981460      0.63211199      0.46319191      0.46319191      0.57852713      0.29935225      1.00000000    -10.00000000
     -1.68896321     -0.00000000     -0.00000000      0.00000000      0.00000000      0.12594693      0.77781478      0.00383672      0.39720096      0.46298147      0.00000000      0.99981460      0.62241584      0.46430452      0.46430452      0.57361232      0.28428334      1.00000000    -10.00000000
     -1.57190635     -0.00000000     -0.00000000      0.00000000      0.00000000      0.13346188      0.72207348      0.00383894      0.36252555      0.43716529      0.00000000      0.99981460      0.61242034      0.46573059      0.46573059      0.56836951      0.26606881      1.00000000    -10.00000000
     -1.45484950     -0.00000000     -0.00000000      0.00000000      0.00000000      0.14114541      0.66327843      0.00383600      0.32375004      0.41305076      0.00000000      0.99981460      0.60212521      0.46751066      0.46751066      0.56281366      0.24457037      1.00000000    -10.00000000
     -1.33779264     -0.00000000     -0.00000000      0.00000000      0.00000000      0.14893963      0.60160826      0.00382804      0.28163808      0.39062292      0.00000000      0.99981460      0.59158969      0.46965433      0.46965433      0.55692063      0.21974853      1.00000000    -10.00000000
     -1.22073579     -0.00000000     -0.00000000      0.00000000      0.00000000      0.15677692      0.53724199      0.00381521      0.23721023      0.36985202      0.00000000      0.99981460      0.58086016      0.47218689      0.47218689      0.55072937      0.19172993      1.00000000    -10.00000000
     -1.10367893     -0.00000000     -0.00000000      0.00000000      0.00000000      0.16458025      0.47035749      0.00379767      0.19175484      0.35069640      0.00000000      0.99981460      0.56996320      0.47512416      0.47512416      0.54424338      0.16090125      1.00000000    -10.00000000
     -0.98662207     -0.00000000     -0.00000000      0.00000000      0.00000000      0.17226391      0.40113012      0.00377558      0.14682861      0.33310517      0.00000000      0.99981460      0.55900844      0.47847823      0.47847823      0.53747824      0.12803013      1.00000000    -10.00000000
     -0.86956522     -0.00000000     -0.00000000      0.00000000      0.00000000      0.17973471      0.32973155      0.00374911      0.10424497      0.31702056      0.00000000      0.99981460      0.54788732      0.48225360      0.48225360      0.53045394      0.09440384      1.00000000    -10.00000000
     -0.75250836     -0.00000000     -0.00000000      0.00000000      0.00000000      0.18689360      0.25632870      0.00371840      0.06604847      0.30238010      0.00000000      0.99981460      0.53680991      0.48645347      0.48645347      0.52319371      0.06195635      1.00000000    -10.00000000
     -0.63545151     -0.00000000     -0.00000000      0.00000000      0.00000000      0.19363782      0.18108283      0.00368362      0.03447469      0.28911841      0.00000000      0.99981460      0.52568920      0.49105900      0.49105900      0.51572379      0.03332579      1.00000000    -10.00000000
     -0.51839465     -0.00000000     -0.00000000      0.00000000      0.00000000      0.19986342      0.10414877      0.00364490      0.01189557      0.27716879      0.00000000      0.99981460      0.51463723      0.49605598      0.49605598      0.50807571      0.01175573      1.00000000    -10.00000000
     -0.40133779     -0.00000000     -0.00000000      0.00000000      0.00000000      0.20546814      0.02567423      0.00360240      0.00075193      0.26646457      0.00000000      0.99981460      0.50373724      0.50141475      0.50141475      0.50029565      0.00075136      1.00000000    -10.00000000
     -0.28428094     -0.00000000     -0.00000000      0.00000000      0.00000000      0.21035446     -0.05420072      0.00355625      0.00347536      0.25694009      0.00000000      0.99981460      0.49283978      0.50707400      0.50707400      0.49238518      0.00346332      1.00000000    -10.00000000
     -0.16722408     -0.00000000     -0.00000000      0.00000000      0.00000000      0.21443283     -0.13534418      0.00350656      0.02240366      0.24853168      0.00000000      0.99981460      0.48216215      0.51305513      0.51305513      0.48432675      0.02191273      1.00000000    -10.00000000
     -0.05016722     -0.00000000     -0.00000000      0.00000000      0.00000000      0.21762472     -0.21763275      0.00345346      0.05969416      0.24117824      0.00000000      0.99981460      0.47163324      0.51923204      0.51923204      0.47620775      0.05633150      1.00000000    -10.00000000
      0.06688963     -0.00000000     -0.00000000      0.00000000      0.00000000      0.21986547     -0.30095178      0.00339707      0.11724031      0.23482178      0.00000000      0.99981460      0.46122585      0.52557931      0.52557931      0.46807991      0.10493742      1.00000000    -10.00000000
      0.18394649     -0.00000000     -0.00000000      0.00000000      0.00000000      0.22110667     -0.38519561      0.00333748      0.19659659      0.22940780      0.00000000      0.99981460      0.45103481      0.53201694      0.53201694      0.45997168      0.16429647      1.00000000    -10.00000000
      0.30100334     -0.00000000     -0.00000000      0.00000000      0.00000000      0.22131805     -0.47026756      0.00327482      0.29891663      0.22488551      0.00000000      0.99981460      0.44099132      0.53833280      0.53833280      0.45191502      0.23012765      1.00000000    -10.00000000
      0.41806020     -0.00000000     -0.00000000      0.00000000      0.00000000      0.22048863     -0.55607993      0.00320919      0.42490817      0.22120802      0.00000000      0.99981460      0.43109979      0.54485673      0.54485673      0.44394626      0.29820039      1.00000000    -10.00000000
      0.53511706     -0.00000000     -0.00000000      0.00000000      0.00000000      0.21862713     -0.64255382      0.00314073      0.57480744      0.21833238      0.00000000      0.99981460      0.42135240      0.55115018      0.55115018      0.43609464      0.36500173      1.00000000    -10.00000000
      0.65217391     -0.00000000     -0.00000000      0.00000000      0.00000000      0.21576162     -0.72961884      0.00306957      0.74837363      0.21621962      0.00000000      0.99981460      0.41173401      0.55723427      0.55723427      0.42838801      0.42803988      1.00000000    -10.00000000
      0.76923077     -0.00000000     -0.00000000      0.00000000      0.00000000      0.21193846     -0.81721270      0.00299587      0.94490303      0.21483473      0.00000000      0.99981460      0.40222537      0.56310498      0.56310498      0.42085132      0.48583555      1.00000000    -10.00000000
      0.88628763     -0.00000000     -0.00000000      0.00000000      0.00000000      0.20722049     -0.90528074      0.00291979      1.16326050      0.21414655      0.00000000      0.99981460      0.39281307      0.56856763      0.56856763      0.41350638      0.53773482      1.00000000    -10.00000000
      1.00334448     -0.00000000     -0.00000000      0.00000000      0.00000000      0.20168477     -0.99377524      0.00284155      1.40192529      0.21412777      0.00000000      0.99981460      0.38347590      0.57370200      0.57370200      0.40637141      0.58366732      1.00000000    -10.00000000
      1.12040134     -0.00000000     -0.00000000      0.00000000      0.00000000      0.19541987     -1.08265479      0.00276134      1.65904731      0.21475473      0.00000000      0.99981460      0.37422300      0.57842855      0.57842855      0.39946192      0.62392546      1.00000000    -10.00000000
      1.23745819     -0.00000000     -0.00000000      0.00000000      0.00000000      0.18852286     -1.17188348      0.00267942      1.93250967      0.21600744      0.00000000      0.99981460      0.36499087      0.58271233      0.58271233      0.39278990      0.65899516      1.00000000    -10.00000000
      1.35451505     -0.00000000     -0.00000000      0.00000000      0.00000000      0.18109631     -1.26143007      0.00259606      2.21999360      0.21786936      0.00000000      0.99981460      0.35595322      0.58653088      0.58653088      0.38636439      0.68944038      1.00000000    -10.00000000
      1.47157191     -0.00000000     -0.00000000      0.00000000      0.00000000      0.17324524     -1.35126714      0.00251153      2.51904215      0.22032740      0.00000000      0.99981460      0.34670808      0.58987194      0.58987194      0.38019167      0.71583176      1.00000000    -10.00000000
      1.58862876     -0.00000000     -0.00000000      0.00000000      0.00000000      0.16507431     -1.44137023      0.00242614      2.82711965      0.22337184      0.00000000      0.99981460      0.33763963      0.59273055      0.59273055      0.37427548      0.73870689      1.00000000    -10.00000000
      1.70568562     -0.00000000     -0.00000000      0.00000000      0.00000000      0.15668528     -1.53171694      0.00234021      3.14166490      0.22699625      0.00000000      0.99981460      0.32862757      0.59512082      0.59512082      0.36861727      0.75855120      1.00000000    -10.00000000
      1.82274247     -0.00000000     -0.00000000      0.00000000      0.00000000      0.14817484     -1.62228612      0.00225406      3.46013634      0.23119754      0.00000000      0.99981460      0.31967952      0.59703838      0.59703838      0.36321646      0.77579161      1.00000000    -10.00000000
      1.93979933     -0.00000000     -0.00000000      0.00000000      0.00000000      0.13963286     -1.71305704      0.00216802      3.78004881      0.23597595      0.00000000      0.99981460      0.31080500      0.59851267      0.59851267      0.35807110      0.79079712      1.00000000    -10.00000000
      2.05685619     -0.00000000     -0.00000000      0.00000000      0.00000000      0.13114103     -1.80400861      0.00208242      4.09900145      0.24133519      0.00000000      0.99981460      0.30202756      0.59957212      0.59957212      0.35317637      0.80388317      1.00000000    -10.00000000
      2.17391304     -0.00000000     -0.00000000      0.00000000      0.00000000      0.12277198     -1.89511866      0.00199757      4.41469747      0.24728250      0.00000000      0.99981460      0.29335422      0.60023648      0.60023648      0.34852821      0.81531748      1.00000000    -10.00000000
      2.29096990     -0.00000000     -0.00000000      0.00000000      0.00000000      0.11458874     -1.98636333      0.00191378      4.72495677      0.25382889      0.00000000      0.99981460      0.28480169      0.60053731      0.60053731      0.34412022      0.82532619      1.00000000    -10.00000000
      2.40802676     -0.00000000     -0.00000000      0.00000000      0.00000000      0.10664460     -2.07771646      0.00183134      5.02772271      0.26098933      0.00000000      0.99981460      0.27638926      0.60051079      0.60051079      0.33994046      0.83409987      1.00000000    -10.00000000
      2.52508361     -0.00000000     -0.00000000      0.00000000      0.00000000      0.09898322     -2.16914914      0.00175054      5.32106491      0.26878299      0.00000000      0.99981460      0.26813254      0.60018383      0.60018383      0.33599634      0.84179881      1.00000000    -10.00000000
      2.64214047     -0.00000000     -0.00000000      0.00000000      0.00000000      0.09163908     -2.26062934      0.00167161      5.60317986      0.27723347      0.00000000      0.99981460      0.26004616      0.59959600      0.59959600      0.33226482      0.84855781      1.00000000    -10.00000000
      2.75919732     -0.00000000     -0.00000000      0.00000000      0.00000000      0.08463803     -2.35212167      0.00159478      5.87239101      0.28636907      0.00000000      0.99981460      0.25214464      0.59877497      0.59877497      0.32874249      0.85449024      1.00000000    -10.00000000
      2.87625418     -0.00000000     -0.00000000      0.00000000      0.00000000      0.07799802     -2.44358722      0.00152024      6.12714976      0.29622295      0.00000000      0.99981460      0.24443914      0.59772687      0.59772687      0.32542048      0.85969146      1.00000000    -10.00000000
      2.99331104     -0.00000000     -0.00000000      0.00000000      0.00000000      0.07172992     -2.53498348      0.00144814      6.36603780      0.30683335      0.00000000      0.99981460      0.23694153      0.59655845      0.59655845      0.32229017      0.86424180      1.00000000    -10.00000000
      3.11036789     -0.00000000     -0.00000000      0.00000000      0.00000000      0.06583840     -2.62626430      0.00137863      6.58777082      0.31824375      0.00000000      0.99981460      0.22966103      0.59521949      0.59521949      0.31934271      0.86820899      1.00000000    -10.00000000
      3.22742475     -0.00000000     -0.00000000      0.00000000      0.00000000      0.06032279     -2.71737988      0.00131179      6.79120265      0.33050309      0.00000000      0.99981460      0.22260202      0.59376174      0.59376174      0.31656920      0.87165011      1.00000000    -10.00000000
      3.34448161     -0.00000000     -0.00000000      0.00000000      0.00000000      0.05517794     -2.80827662      0.00124770      6.97532889      0.34366602      0.00000000      0.99981460      0.21577213      0.59220477      0.59220477      0.31396104      0.87461332      1.00000000    -10.00000000
      3.46153846     -0.00000000     -0.00000000      0.00000000      0.00000000      0.05039500     -2.89889698      0.00118639      7.13928916      0.35779322      0.00000000      0.99981460      0.20917367      0.59057904      0.59057904      0.31151106      0.87713915      1.00000000    -10.00000000
      3.57859532     -0.00000000     -0.00000000      0.00000000      0.00000000      0.04596222     -2.98917925      0.00112788      7.28236806      0.37295188      0.00000000      0.99981460      0.20280875      0.58889394      0.58889394      0.30920670      0.87926158      1.00000000    -10.00000000
      3.69565217     -0.00000000     -0.00000000      0.00000000      0.00000000      0.04186561     -3.07905728      0.00107215      7.40399571      0.38921618      0.00000000      0.99981460      0.19667683      0.58716901      0.58716901      0.30704411      0.88100898      1.00000000    -10.00000000
      3.81270903     -0.00000000     -0.00000000      0.00000000      0.00000000      0.03808950     -3.16846029      0.00101919      7.50374957      0.40666773      0.00000000      0.99981460      0.19077734      0.58541902      0.58541902      0.30501378      0.88240482      1.00000000    -10.00000000
      3.92976589     -0.00000000     -0.00000000      0.00000000      0.00000000      0.03461711     -3.25731290      0.00096893      7.58135976      0.42539596      0.00000000      0.99981460      0.18511743      0.58365690      0.58365690      0.30310880      0.88346835      1.00000000    -10.00000000
      4.04682274     -0.00000000     -0.00000000      0.00000000      0.00000000      0.03143099     -3.34553530      0.00092132      7.63671922      0.44549817      0.00000000      0.99981460      0.17966334      0.58188534      0.58188534      0.30132175      0.88421529      1.00000000    -10.00000000
      4.16387960     -0.00000000     -0.00000000      0.00000000      0.00000000      0.02851337     -3.43304392      0.00087629      7.66989910      0.46707925      0.00000000      0.99981460      0.17444200      0.58013964      0.58013964      0.29964666      0.88465840      1.00000000    -10.00000000
      4.28093645     -0.00000000     -0.00000000      0.00000000      0.00000000      0.02584647     -3.51975230      0.00083374      7.68116765      0.49025098      0.00000000      0.99981460      0.16943912      0.57840428      0.57840428      0.29807338      0.88480812      1.00000000    -10.00000000
      4.39799331     -0.00000000     -0.00000000      0.00000000      0.00000000      0.02341277     -3.60557234      0.00079356      7.67100885      0.51513072      0.00000000      0.99981460      0.16465454      0.57669890      0.57669890      0.29659896      0.88467317      1.00000000    -10.00000000
      4.51505017     -0.00000000     -0.00000000      0.00000000      0.00000000      0.02119521     -3.69041564      0.00075564      7.64013548      0.54183994      0.00000000      0.99981460      0.16005333      0.57500123      0.57500123      0.29521758      0.88426107      1.00000000    -10.00000000
      4.63210702     -0.00000000     -0.00000000      0.00000000      0.00000000      0.01917730     -3.77419478      0.00071987      7.58949081      0.57050242      0.00000000      0.99981460      0.15565150      0.57333842      0.57333842      0.29392232      0.88357866      1.00000000    -10.00000000
      4.74916388     -0.00000000     -0.00000000      0.00000000      0.00000000      0.01734330     -3.85682427      0.00068610      7.52023482      0.60124269      0.00000000      0.99981460      0.15145349      0.57172573      0.57172573      0.29270834      0.88263234      1.00000000    -10.00000000
      4.86622074     -0.00000000     -0.00000000      0.00000000      0.00000000      0.01567825     -3.93822091      0.00065422      7.43371330      0.63418483      0.00000000      0.99981460      0.14741236      0.57012542      0.57012542      0.29157064      0.88142827      1.00000000    -10.00000000
      4.98327759     -0.00000000     -0.00000000      0.00000000      0.00000000      0.01416806     -4.01830359      0.00062408      7.33141278      0.66945182      0.00000000      0.99981460      0.14354736      0.56856657      0.56856657      0.29050457      0.87997234      1.00000000    -10.00000000
      5.10033445     -0.00000000     -0.00000000      0.00000000      0.00000000      0.01279951     -4.09699239      0.00059556      7.21490333      0.70716590      0.00000000      0.99981460      0.13985206      0.56705072      0.56705072      0.28950572      0.87827002      1.00000000    -10.00000000
      5.21739130     -0.00000000     -0.00000000      0.00000000      0.00000000      0.01156029     -4.17420725      0.00056854      7.08578792      0.74744867      0.00000000      0.99981460      0.13631833      0.56557882      0.56557882      0.28857000      0.87632621      1.00000000    -10.00000000
      5.33444816     -0.00000000     -0.00000000      0.00000000      0.00000000      0.01043895     -4.24986632      0.00054291      6.94564201      0.79042315      0.00000000      0.99981460      0.13293991      0.56415147      0.56415147      0.28769741      0.87414485      1.00000000    -10.00000000
      5.45150502     -0.00000000     -0.00000000      0.00000000      0.00000000      0.00942493     -4.32388447      0.00051857      6.79598452      0.83621373      0.00000000      0.99981460      0.12970804      0.56276912      0.56276912      0.28687253      0.87172884      1.00000000    -10.00000000
      5.56856187     -0.00000000     -0.00000000      0.00000000      0.00000000      0.00850848     -4.39617189      0.00049543      6.63824118      0.88494812      0.00000000      0.99981460      0.12662131      0.56143262      0.56143262      0.28610423      0.86907981      1.00000000    -10.00000000
      5.68561873     -0.00000000     -0.00000000      0.00000000      0.00000000      0.00768061     -4.46663314      0.00047340      6.47373447      0.93675753      0.00000000      0.99981460      0.12367135      0.56014377      0.56014377      0.28538489      0.86619808      1.00000000    -10.00000000
      5.80267559     -0.00000000     -0.00000000      0.00000000      0.00000000      0.00693312     -4.53516655      0.00045243      6.30367866      0.99177676      0.00000000      0.99981460      0.12086755      0.55891709      0.55891709      0.28471153      0.86308269      1.00000000    -10.00000000
      5.91973244     -0.00000000     -0.00000000      0.00000000      0.00000000      0.00625848     -4.60166407      0.00043244      6.12918302      1.05014373      0.00000000      0.99981460      0.11814342      0.55768964      0.55768964      0.28408219      0.85973147      1.00000000    -10.00000000
      6.03678930     -0.00000000     -0.00000000      0.00000000      0.00000000      0.00564980     -4.66601134      0.00041338      5.95125924      1.11199855      0.00000000      0.99981460      0.11553084      0.55650130      0.55650130      0.28349355      0.85614117      1.00000000    -10.00000000
      6.15384615     -0.00000000     -0.00000000      0.00000000      0.00000000      0.00510080     -4.72808803      0.00039519      5.77082955      1.17748225      0.00000000      0.99981460      0.11302854      0.55535228      0.55535228      0.28294353      0.85230761      1.00000000    -10.00000000
      6.27090301     -0.00000000     -0.00000000      0.00000000      0.00000000      0.00460578     -4.78776828      0.00037782      5.58873973      1.24673419      0.00000000      0.99981460      0.11063082      0.55424342      0.55424342      0.28242991      0.84822591      1.00000000    -10.00000000
      6.38795987     -0.00000000     -0.00000000      0.00000000      0.00000000      0.00415952     -4.84492123      0.00036124      5.40575886      1.31989165      0.00000000      0.99981460      0.10833225      0.55317275      0.55317275      0.28195065      0.84389047      1.00000000    -10.00000000
      6.50501672     -0.00000000     -0.00000000      0.00000000      0.00000000      0.00375730     -4.89941163      0.00034539      5.22259398      1.39708588      0.00000000      0.99981460      0.10612759      0.55213894      0.55213894      0.28150385      0.83929532      1.00000000    -10.00000000
      6.62207358     -0.00000000     -0.00000000      0.00000000      0.00000000      0.00339482     -4.95110038      0.00033024      5.03989123      1.47844035      0.00000000      0.99981460      0.10401508      0.55114063      0.55114063      0.28108773      0.83443410      1.00000000    -10.00000000
      6.73913043     -0.00000000     -0.00000000      0.00000000      0.00000000      0.00306820     -4.99984521      0.00031575      4.85824078      1.56406787      0.00000000      0.99981460      0.10198628      0.55017651      0.55017651      0.28070066      0.82930029      1.00000000    -10.00000000
      6.85618729     -0.00000000     -0.00000000      0.00000000      0.00000000      0.00277391     -5.04550135      0.00030189      4.67817997      1.65406754      0.00000000      0.99981460      0.10003708      0.54924524      0.54924524      0.28034110      0.82388723      1.00000000    -10.00000000
      6.97324415     -0.00000000     -0.00000000      0.00000000      0.00000000      0.00250876     -5.08792221      0.00028863      4.50019602      1.74852161      0.00000000      0.99981460      0.09816447      0.54834558      0.54834558      0.28000764      0.81818830      1.00000000    -10.00000000
      7.09030100     -0.00000000     -0.00000000      0.00000000      0.00000000      0.00226987     -5.12696018      0.00027593      4.32472820      1.84749206      0.00000000      0.99981460      0.09636428      0.54747622      0.54747622      0.27970143      0.81219699      1.00000000    -10.00000000
      7.20735786     -0.00000000     -0.00000000      0.00000000      0.00000000      0.00205463     -5.16246748      0.00026376      4.15216986      1.95101701      0.00000000      0.99981460      0.09463282      0.54663595      0.54663595      0.27940430      0.80590702      1.00000000    -10.00000000
      7.32441472     -0.00000000     -0.00000000      0.00000000      0.00000000      0.00186068     -5.19429767      0.00025209      3.98287258      2.05910629      0.00000000      0.99981460      0.09296677      0.54582358      0.54582358      0.27915103      0.79931255      1.00000000    -10.00000000
      7.44147157     -0.00000000     -0.00000000      0.00000000      0.00000000      0.00168591     -5.22230374      0.00024091      3.81713681      2.17174104      0.00000000      0.99981460      0.09136285      0.54503797      0.54503797      0.27890959      0.79240781      1.00000000    -10.00000000
      7.55852843     -0.00000000     -0.00000000      0.00000000      0.00000000      0.00152839     -5.24634510      0.00023018      3.65523624      2.28886283      0.00000000      0.99981460      0.08981802      0.54427799      0.54427799      0.27868849      0.78518813      1.00000000    -10.00000000
      7.67558528     -0.00000000     -0.00000000      0.00000000      0.00000000      0.00138641     -5.26628290      0.00021988      3.49739728      2.41037666      0.00000000      0.99981460      0.08832939      0.54354259      0.54354259      0.27848628      0.77764917      1.00000000    -10.00000000
      7.79264214     -0.00000000     -0.00000000      0.00000000      0.00000000      0.00125841     -5.28198429      0.00020999      3.34381222      2.53614359      0.00000000      0.99981460      0.08689426      0.54283073      0.54283073      0.27830365      0.76978747      1.00000000    -10.00000000
      7.90969900     -0.00000000     -0.00000000      0.00000000      0.00000000      0.00114298     -5.29332316      0.00020049      3.19463909      2.66597778      0.00000000      0.99981460      0.08551008      0.54214143      0.54214143      0.27813824      0.76160047      1.00000000    -10.00000000
      8.02675585     -0.00000000     -0.00000000      0.00000000      0.00000000      0.00103887     -5.30018169      0.00019137      3.05000368      2.79964303      0.00000000      0.99981460      0.08417438      0.54147373      0.54147373      0.27798982      0.75308664      1.00000000    -10.00000000
      8.14381271     -0.00000000     -0.00000000      0.00000000      0.00000000      0.00094493     -5.30245178      0.00018260      2.91000167      2.93684974      0.00000000      0.99981460      0.08288494      0.54082673      0.54082673      0.27785770      0.74424563      1.00000000    -10.00000000
      8.26086957     -0.00000000     -0.00000000      0.00000000      0.00000000      0.00086016     -5.30003670      0.00017416      2.77470070      3.07725240      0.00000000      0.99981460      0.08163963      0.54019957      0.54019957      0.27774119      0.73507833      1.00000000    -10.00000000
      8.37792642     -0.00000000     -0.00000000      0.00000000      0.00000000      0.00078363     -5.29285267      0.00016605      2.64414271      3.22044754      0.00000000      0.99981460      0.08043646      0.53959141      0.53959141      0.27763972      0.72558704      1.00000000    -10.00000000
      8.49498328     -0.00000000     -0.00000000      0.00000000      0.00000000      0.00071451     -5.28083044      0.00015824      2.51834556      3.36597304      0.00000000      0.99981460      0.07927341      0.53900147      0.53900147      0.27755268      0.71577550      1.00000000    -10.00000000
      8.61204013     -0.00000000     -0.00000000      0.00000000      0.00000000      0.00065206     -5.26391695      0.00015074      2.39730560      3.51330753      0.00000000      0.99981460      0.07814883      0.53842898      0.53842898      0.27747954      0.70564909      1.00000000    -10.00000000
      8.72909699     -0.00000000     -0.00000000      0.00000000      0.00000000      0.00059562     -5.24207681      0.00014351      2.28099943      3.66187145      0.00000000      0.99981460      0.07706097      0.53787323      0.53787323      0.27741980      0.69521482      1.00000000    -10.00000000
      8.84615385     -0.00000000     -0.00000000      0.00000000      0.00000000      0.00054459     -5.21529380      0.00013656      2.16938588      3.81102905      0.00000000      0.99981460      0.07600825      0.53733352      0.53733352      0.27737295      0.68448146      1.00000000    -10.00000000
      8.96321070     -0.00000000     -0.00000000      0.00000000      0.00000000      0.00049842     -5.18357220      0.00012987      2.06240796      3.96009165      0.00000000      0.99981460      0.07498918      0.53680921      0.53680921      0.27733481      0.67345957      1.00000000    -10.00000000
      9.08026756     -0.00000000     -0.00000000      0.00000000      0.00000000      0.00045662     -5.14693801      0.00012343      1.95999466      4.10832218      0.00000000      0.99981460      0.07400234      0.53629967      0.53629967      0.27733268      0.66216155      1.00000000    -10.00000000
      9.19732441     -0.00000000     -0.00000000      0.00000000      0.00000000      0.00041878     -5.10543992      0.00011724      1.86206265      4.25494116      0.00000000      0.99981460      0.07304639      0.53580430      0.53580430      0.27730574      0.65060164      1.00000000    -10.00000000
      9.31438127     -0.00000000     -0.00000000      0.00000000      0.00000000      0.00038448     -5.05915018      0.00011129      1.76851796      4.39913387      0.00000000      0.99981460      0.07212007      0.53532253      0.53532253      0.27730634      0.63879591      1.00000000    -10.00000000
      9.43143813     -0.00000000     -0.00000000      0.00000000      0.00000000      0.00035339     -5.00816501      0.00010556      1.67925742      4.54005895      0.00000000      0.99981460      0.07122220      0.53485383      0.53485383      0.27731790      0.62676225      1.00000000    -10.00000000
      9.54849498     -0.00000000     -0.00000000      0.00000000      0.00000000      0.00032517     -4.95260505      0.00010006      1.59417030      4.67685805      0.00000000      0.99981460      0.07035163      0.53439769      0.53439769      0.27734008      0.61452030      1.00000000    -10.00000000
      9.66555184     -0.00000000     -0.00000000      0.00000000      0.00000000      0.00029956     -4.89261516      0.00009478      1.51313948      4.80866650      0.00000000      0.99981460      0.06950736      0.53395361      0.53395361      0.27737254      0.60209133      1.00000000    -10.00000000
      9.78260870     -0.00000000     -0.00000000      0.00000000      0.00000000      0.00027630     -4.82836410      0.00008971      1.43604276      4.93462509      0.00000000      0.99981460      0.06868833      0.53352112      0.53352112      0.27741492      0.58949817      1.00000000    -10.00000000
      9.89966555     -0.00000000     -0.00000000      0.00000000      0.00000000      0.00025514     -4.76004388      0.00008484      1.36275398      5.05389206      0.00000000      0.99981460      0.06789361      0.53309979      0.53309979      0.27746703      0.57676508      1.00000000    -10.00000000
     10.01672241     -0.00000000     -0.00000000      0.00000000      0.00000000      0.00023590     -4.68786866      0.00008018      1.29314414      5.16565555      0.00000000      0.99981460      0.06712229      0.53268918      0.53268918      0.27752874      0.56391751      1.00000000    -10.00000000
     10.13377926     -0.00000000     -0.00000000      0.00000000      0.00000000      0.00021837     -4.61207342      0.00007571      1.22708228      5.26914623      0.00000000      0.99981460      0.06637353      0.53228890      0.53228890      0.27765069      0.55098201      1.00000000    -10.00000000
     10.25083612     -0.00000000     -0.00000000      0.00000000      0.00000000      0.00020240     -4.53291226      0.00007143      1.16443634      5.36364940      0.00000000      0.99981460      0.06564652      0.53189856      0.53189856      0.27767881      0.53798595      1.00000000    -10.00000000
     10.36789298     -0.00000000     -0.00000000      0.00000000      0.00000000      0.00018784     -4.45065640      0.00006734      1.10507405      5.44851643      0.00000000      0.99981460      0.06494050      0.53151779      0.53151779      0.27776520      0.52495733      1.00000000    -10.00000000
     10.48494983     -0.00000000     -0.00000000      0.00000000      0.00000000      0.00017455     -4.36559197      0.00006343      1.04886344      5.52317555      0.00000000      0.99981460      0.06425476      0.53114625      0.53114625      0.27786379      0.51192452      1.00000000    -10.00000000
     10.60200669     -0.00000000     -0.00000000      0.00000000      0.00000000      0.00016240     -4.27801750      0.00005970      0.99567361      5.58714092      0.00000000      0.99981460      0.06359031      0.53078359      0.53078359      0.27796874      0.49891606      1.00000000    -10.00000000
     10.71906355     -0.00000000     -0.00000000      0.00000000      0.00000000      0.00015129     -4.18824123      0.00005615      0.94537520      5.64002048      0.00000000      0.99981460      0.06294135      0.53042951      0.53042951      0.27810477      0.48596034      1.00000000    -10.00000000
     10.83612040     -0.00000000     -0.00000000      0.00000000      0.00000000      0.00014113     -4.09657838      0.00005276      0.89784085      5.68152190      0.00000000      0.99981460      0.06231242      0.53008370      0.53008370      0.27820254      0.47308543      1.00000000    -10.00000000
     10.95317726     -0.00000000     -0.00000000      0.00000000      0.00000000      0.00013181     -4.00334820      0.00004953      0.85294564      5.71145670      0.00000000      0.99981460      0.06170122      0.52974586      0.52974586      0.27833099      0.46031876      1.00000000    -10.00000000
     11.07023411     -0.00000000     -0.00000000      0.00000000      0.00000000      0.00012327     -3.90887111      0.00004647      0.81056739      5.72974224      0.00000000      0.99981460      0.06110720      0.52941574      0.52941574      0.27846687      0.44768695      1.00000000    -10.00000000
     11.18729097     -0.00000000     -0.00000000      0.00000000      0.00000000      0.00011543     -3.81346580      0.00004357      0.77058698      5.73640168      0.00000000      0.99981460      0.06052980      0.52909304      0.52909304      0.27861010      0.43521555      1.00000000    -10.00000000
     11.30434783     -0.00000000     -0.00000000      0.00000000      0.00000000      0.00010822     -3.71744642      0.00004081      0.73288858      5.73156197      0.00000000      0.99981460      0.05996854      0.52877754      0.52877754      0.27876039      0.42292885      1.00000000    -10.00000000
     11.42140468     -0.00000000     -0.00000000      0.00000000      0.00000000      0.00010159     -3.62111993      0.00003820      0.69735981      5.71544980      0.00000000      0.99981460      0.05942264      0.52846898      0.52846898      0.27891764      0.41084972      1.00000000    -10.00000000
     11.53846154     -0.00000000     -0.00000000      0.00000000      0.00000000      0.00009548     -3.52478359      0.00003574      0.66389191      5.68838585      0.00000000      0.99981460      0.05889252      0.52816713      0.52816713      0.27908166      0.39899942      1.00000000    -10.00000000
     11.65551839     -0.00000000     -0.00000000      0.00000000      0.00000000      0.00008984     -3.42872267      0.00003340      0.63237986      5.65077733      0.00000000      0.99981460      0.05837688      0.52787178      0.52787178      0.27925231      0.38739749      1.00000000    -10.00000000
     11.77257525     -0.00000000     -0.00000000      0.00000000      0.00000000      0.00008465     -3.33320839      0.00003121      0.60272242      5.60310934      0.00000000      0.99981460      0.05787557      0.52758270      0.52758270      0.27942945      0.37606164      1.00000000    -10.00000000
     11.88963211     -0.00000000     -0.00000000      0.00000000      0.00000000      0.00007984     -3.23849616      0.00002913      0.57482217      5.54593492      0.00000000      0.99981460      0.05738822      0.52729971      0.52729971      0.27961291      0.36500767      1.00000000    -10.00000000
     12.00668896     -0.00000000     -0.00000000      0.00000000      0.00000000      0.00007540     -3.14482400      0.00002719      0.54858557      5.47986447      0.00000000      0.99981460      0.05691445      0.52702260      0.52702260      0.27980108      0.35424944      1.00000000    -10.00000000
     12.12374582     -0.00000000     -0.00000000      0.00000000      0.00000000      0.00007128     -3.05241132      0.00002535      0.52392289      5.40555446      0.00000000      0.99981460      0.05645389      0.52675120      0.52675120      0.27999831      0.34379882      1.00000000    -10.00000000
     12.24080268     -0.00000000     -0.00000000      0.00000000      0.00000000      0.00006746     -2.96145795      0.00002363      0.50074822      5.32369589      0.00000000      0.99981460      0.05600620      0.52648532      0.52648532      0.28019996      0.33366571      1.00000000    -10.00000000
     12.35785953     -0.00000000     -0.00000000      0.00000000      0.00000000      0.00006392     -2.87214332      0.00002202      0.47897938      5.23500264      0.00000000      0.99981460      0.05557106      0.52622479      0.52622479      0.28040742      0.32385805      1.00000000    -10.00000000
     12.47491639     -0.00000000     -0.00000000      0.00000000      0.00000000      0.00006062     -2.78462597      0.00002050      0.45853791      5.14019984      0.00000000      0.99981460      0.05514814      0.52596945      0.52596945      0.28062055      0.31438189      1.00000000    -10.00000000
     12.59197324     -0.00000000     -0.00000000      0.00000000      0.00000000      0.00005756     -2.69904316      0.00001909      0.43934891      5.04001250      0.00000000      0.99981460      0.05473715      0.52571914      0.52571914      0.28083921      0.30524142      1.00000000    -10.00000000
     12.70903010     -0.00000000     -0.00000000      0.00000000      0.00000000      0.00005470     -2.61551061      0.00001776      0.42134103      4.93515419      0.00000000      0.99981460      0.05433927      0.52547372      0.52547372      0.28106329      0.29643908      1.00000000    -10.00000000
     12.82608696     -0.00000000     -0.00000000      0.00000000      0.00000000      0.00005204     -2.53412225      0.00001653      0.40444631      4.82631601      0.00000000      0.99981460      0.05394982      0.52523303      0.52523303      0.28129270      0.28797563      1.00000000    -10.00000000
     12.94314381     -0.00000000     -0.00000000      0.00000000      0.00000000      0.00004955     -2.45494994      0.00001537      0.38860009      4.71415539      0.00000000      0.99981460      0.05358905      0.52499694      0.52499694      0.28152587      0.27985026      1.00000000    -10.00000000
     13.06020067     -0.00000000     -0.00000000      0.00000000      0.00000000      0.00004723     -2.37804301      0.00001429      0.37374091      4.59928460      0.00000000      0.99981460      0.05320692      0.52476532      0.52476532      0.28176700      0.27206070      1.00000000    -10.00000000
     13.17725753     -0.00000000     -0.00000000      0.00000000      0.00000000      0.00004505     -2.30342741      0.00001329      0.35981038      4.48225829      0.00000000      0.99981460      0.05285149      0.52453804      0.52453804      0.28201165      0.26460335      1.00000000    -10.00000000
     13.29431438     -0.00000000     -0.00000000      0.00000000      0.00000000      0.00004301     -2.23110437      0.00001235      0.34675312      4.36355958      0.00000000      0.99981460      0.05250645      0.52431497      0.52431497      0.28226118      0.25747341      1.00000000    -10.00000000
     13.41137124     -0.00000000     -0.00000000      0.00000000      0.00000000      0.00004109     -2.16104833      0.00001147      0.33451663      4.24358352      0.00000000      0.99981460      0.05217156      0.52409600      0.52409600      0.28251566      0.25066501      1.00000000    -10.00000000
     13.52842809     -0.00000000     -0.00000000      0.00000000      0.00000000      0.00003930     -2.09320369      0.00001066      0.32305130      4.12261712      0.00000000      0.99981460      0.05184661      0.52388100      0.52388100      0.28277440      0.24417141      1.00000000    -10.00000000
     13.64548495     -0.00000000     -0.00000000      0.00000000      0.00000000      0.00003761     -2.02748049      0.00000990      0.31231040      4.00081468      0.00000000      0.99981460      0.05153140      0.52366989      0.52366989      0.28303787      0.23798516      1.00000000    -10.00000000
     13.76254181     -0.00000000     -0.00000000      0.00000000      0.00000000      0.00003601     -1.96374864      0.00000919      0.30225026      3.87816804      0.00000000      0.99981460      0.05122572      0.52346253      0.52346253      0.28330579      0.23209844      1.00000000    -10.00000000
     13.87959866     -0.00000000     -0.00000000      0.00000000      0.00000000      0.00003451     -1.90183128      0.00000853      0.29283062      3.75447302      0.00000000      0.99981460      0.05092939      0.52325885      0.52325885      0.28357815      0.22650347      1.00000000    -10.00000000
     13.99665552     -0.00000000     -0.00000000      0.00000000      0.00000000      0.00003309     -1.84149865      0.00000790      0.28401534      3.62929713      0.00000000      0.99981460      0.05065622      0.52305873      0.52305873      0.28385469      0.22119310      1.00000000    -10.00000000
     14.11371237     -0.00000000     -0.00000000      0.00000000      0.00000000      0.00003175     -1.78246599      0.00000732      0.27577357      3.50196157      0.00000000      0.99981460      0.05036406      0.52286208      0.52286208      0.28410751      0.21616184      1.00000000    -10.00000000
     14.23076923     -0.00000000     -0.00000000      0.00000000      0.00000000      0.00003048     -1.72440181      0.00000676      0.26808169      3.37156319      0.00000000      0.99981460      0.05009472      0.52266881      0.52266881      0.28442018      0.21140727      1.00000000    -10.00000000
     14.34782609     -0.00000000     -0.00000000      0.00000000      0.00000000      0.00002928     -1.66695705      0.00000624      0.26092590      3.23707781      0.00000000      0.99981460      0.04983404      0.52247883      0.52247883      0.28470895      0.20693199      1.00000000    -10.00000000
     14.46488294     -0.00000000     -0.00000000      0.00000000      0.00000000      0.00002814     -1.60982678      0.00000573      0.25430515      3.09759513      0.00000000      0.99981460      0.04958187      0.52229207      0.52229207      0.28500162      0.20274584      1.00000000    -10.00000000
     14.58193980     -0.00000000     -0.00000000      0.00000000      0.00000000      0.00002705     -1.55284967      0.00000526      0.24823276      2.95271308      0.00000000      0.99981460      0.04933802      0.52210843      0.52210843      0.28529808      0.19886736      1.00000000    -10.00000000
     14.69899666     -0.00000000     -0.00000000      0.00000000      0.00000000      0.00002602     -1.49612875      0.00000480      0.24273409      2.80303601      0.00000000      0.99981460      0.04910243      0.52192783      0.52192783      0.28559824      0.19532263      1.00000000    -10.00000000
     14.81605351     -0.00000000     -0.00000000      0.00000000      0.00000000      0.00002504     -1.44012293      0.00000437      0.23783684      2.65058368      0.00000000      0.99981460      0.04887487      0.52175021      0.52175021      0.28590204      0.19213908      1.00000000    -10.00000000
     14.93311037     -0.00000000     -0.00000000      0.00000000      0.00000000      0.00002411     -1.38635020      0.00000397      0.23352942      2.50164572      0.00000000      0.99981460      0.04865526      0.52157547      0.52157547      0.28620936      0.18931808      1.00000000    -10.00000000
     15.05016722     -0.00000000     -0.00000000      0.00000000      0.00000000      0.00002322     -1.33431987      0.00000360      0.22982962      2.35469907      0.00000000      0.99981460      0.04844344      0.52140353      0.52140353      0.28652019      0.18687924      1.00000000    -10.00000000
     15.16722408     -0.00000000     -0.00000000      0.00000000      0.00000000      0.00002238     -1.28576166      0.00000327      0.22665403      2.21706792      0.00000000      0.99981460      0.04823927      0.52123436      0.52123436      0.28683437      0.18477421      1.00000000    -10.00000000
     15.28428094     -0.00000000     -0.00000000      0.00000000      0.00000000      0.00002159     -1.24134864      0.00000297      0.22389493      2.09201500      0.00000000      0.99981460      0.04804266      0.52106788      0.52106788      0.28714934      0.18293640      1.00000000    -10.00000000
     15.40133779     -0.00000000     -0.00000000      0.00000000      0.00000000      0.00002084     -1.20136719      0.00000272      0.22142560      1.98127705      0.00000000      0.99981460      0.04785348      0.52090402      0.52090402      0.28747258      0.18128456      1.00000000    -10.00000000
     15.51839465     -0.00000000     -0.00000000      0.00000000      0.00000000      0.00002012     -1.16574195      0.00000250      0.21912501      1.88510005      0.00000000      0.99981460      0.04767164      0.52074273      0.52074273      0.28779640      0.17973958      1.00000000    -10.00000000
     15.63545151     -0.00000000     -0.00000000      0.00000000      0.00000000      0.00001945     -1.13414256      0.00000231      0.21689556      1.80262812      0.00000000      0.99981460      0.04749700      0.52058394      0.52058394      0.28812330      0.17823679      1.00000000    -10.00000000
     15.75250836     -0.00000000     -0.00000000      0.00000000      0.00000000      0.00001880     -1.10610599      0.00000214      0.21466981      1.73238344      0.00000000      0.99981460      0.04732945      0.52042760      0.52042760      0.28845317      0.17673100      1.00000000    -10.00000000
     15.86956522     -0.00000000     -0.00000000      0.00000000      0.00000000      0.00001819     -1.08113369      0.00000200      0.21240848      1.67266301      0.00000000      0.99981460      0.04716893      0.52027364      0.52027364      0.28878584      0.17519548      1.00000000    -10.00000000
     15.98662207     -0.00000000     -0.00000000      0.00000000      0.00000000      0.00001761     -1.05875195      0.00000188      0.21009401      1.62179623      0.00000000      0.99981460      0.04701531      0.52012202      0.52012202      0.28912163      0.17361792      1.00000000    -10.00000000
     16.10367893     -0.00000000     -0.00000000      0.00000000      0.00000000      0.00001705     -1.03854142      0.00000177      0.20772341      1.57827872      0.00000000      0.99981460      0.04686929      0.51997267      0.51997267      0.28945914      0.17199585      1.00000000    -10.00000000
     16.22073579     -0.00000000     -0.00000000      0.00000000      0.00000000      0.00001651     -1.02014612      0.00000167      0.20530230      1.54082195      0.00000000      0.99981460      0.04672779      0.51982555      0.51982555      0.28980113      0.17033262      1.00000000    -10.00000000
     16.33779264     -0.00000000     -0.00000000      0.00000000      0.00000000      0.00001600     -1.00327126      0.00000159      0.20284055      1.50835465      0.00000000      0.99981460      0.04659398      0.51968061      0.51968061      0.29014486      0.16863461      1.00000000    -10.00000000
     16.45484950     -0.00000000     -0.00000000      0.00000000      0.00000000      0.00001551     -0.98767601      0.00000151      0.20034955      1.48000151      0.00000000      0.99981460      0.04646784      0.51953779      0.51953779      0.29049103      0.16690934      1.00000000    -10.00000000
     16.57190635     -0.00000000     -0.00000000      0.00000000      0.00000000      0.00001504     -0.97316495      0.00000144      0.19784057      1.45505385      0.00000000      0.99981460      0.04634936      0.51939706      0.51939706      0.29083909      0.16516436      1.00000000    -10.00000000
     16.68896321     -0.00000000     -0.00000000      0.00000000      0.00000000      0.00001459     -0.95957967      0.00000138      0.19532397      1.43294010      0.00000000      0.99981460      0.04623321      0.51925836      0.51925836      0.29125444      0.16340672      1.00000000    -10.00000000
     16.80602007     -0.00000000     -0.00000000      0.00000000      0.00000000      0.00001415     -0.94679158      0.00000132      0.19280881      1.41319930      0.00000000      0.99981460      0.04612532      0.51912165      0.51912165      0.29154462      0.16164268      1.00000000    -10.00000000
     16.92307692     -0.00000000     -0.00000000      0.00000000      0.00000000      0.00001374     -0.93469585      0.00000126      0.19030277      1.39545883      0.00000000      0.99981460      0.04602363      0.51898689      0.51898689      0.29190056      0.15987762      1.00000000    -10.00000000
     17.04013378     -0.00000000     -0.00000000      0.00000000      0.00000000      0.00001334     -0.92320654      0.00000121      0.18781224      1.37941635      0.00000000      0.99981460      0.04592806      0.51885403      0.51885403      0.29225847      0.15811610      1.00000000    -10.00000000
     17.15719064     -0.00000000     -0.00000000      0.00000000      0.00000000      0.00001295     -0.91225276      0.00000116      0.18534242      1.36482527      0.00000000      0.99981460      0.04583853      0.51872304      0.51872304      0.29261867      0.15636192      1.00000000    -10.00000000
     17.27424749     -0.00000000     -0.00000000      0.00000000      0.00000000      0.00001258     -0.90177558      0.00000112      0.18289750      1.35148332      0.00000000      0.99981460      0.04575494      0.51859388      0.51859388      0.29298095      0.15461821      1.00000000    -10.00000000
     17.39130435     -0.00000000     -0.00000000      0.00000000      0.00000000      0.00001222     -0.89172570      0.00000108      0.18048078      1.33922362      0.00000000      0.99981460      0.04567732      0.51846650      0.51846650      0.29334550      0.15288752      1.00000000    -10.00000000
     17.50836120     -0.00000000     -0.00000000      0.00000000      0.00000000      0.00001187     -0.88206152      0.00000104      0.17809487      1.32790761      0.00000000      0.99981460      0.04560551      0.51834087      0.51834087      0.29371166      0.15117192      1.00000000    -10.00000000
     17.62541806     -0.00000000     -0.00000000      0.00000000      0.00000000      0.00001154     -0.87274772      0.00000100      0.17574172      1.31741949      0.00000000      0.99981460      0.04555955      0.51821696      0.51821696      0.29407994      0.14947307      1.00000000    -10.00000000
     17.74247492     -0.00000000     -0.00000000      0.00000000      0.00000000      0.00001122     -0.86375406      0.00000097      0.17342282      1.30766193      0.00000000      0.99981460      0.04547908      0.51809472      0.51809472      0.29432716      0.14779227      1.00000000    -10.00000000
     17.85953177     -0.00000000     -0.00000000      0.00000000      0.00000000      0.00001091     -0.85505449      0.00000093      0.17113923      1.29855257      0.00000000      0.99981460      0.04542434      0.51797413      0.51797413      0.29482169      0.14613056      1.00000000    -10.00000000
     17.97658863     -0.00000000     -0.00000000      0.00000000      0.00000000      0.00001061     -0.84662640      0.00000090      0.16889167      1.29002133      0.00000000      0.99981460      0.04538129      0.51785515      0.51785515      0.29518020      0.14448873      1.00000000    -10.00000000
     18.09364548     -0.00000000     -0.00000000      0.00000000      0.00000000      0.00001033     -0.83845004      0.00000087      0.16668061      1.28200825      0.00000000      0.99981460      0.04533153      0.51773774      0.51773774      0.29557040      0.14286738      1.00000000    -10.00000000
     18.21070234     -0.00000000     -0.00000000      0.00000000      0.00000000      0.00001005     -0.83050805      0.00000084      0.16450626      1.27446168      0.00000000      0.99981460      0.04529334      0.51762189      0.51762189      0.29594743      0.14126696      1.00000000    -10.00000000
     18.32775920     -0.00000000     -0.00000000      0.00000000      0.00000000      0.00000978     -0.82278510      0.00000082      0.16236867      1.26733698      0.00000000      0.99981460      0.04526370      0.51750755      0.51750755      0.29632590      0.13968776      1.00000000    -10.00000000
     18.44481605     -0.00000000     -0.00000000      0.00000000      0.00000000      0.00000952     -0.81526753      0.00000079      0.16026774      1.26059529      0.00000000      0.99981460      0.04523308      0.51739469      0.51739469      0.29670607      0.13812997      1.00000000    -10.00000000
     18.56187291     -0.00000000     -0.00000000      0.00000000      0.00000000      0.00000927     -0.80794317      0.00000076      0.15820326      1.25420266      0.00000000      0.99981460      0.04521087      0.51728330      0.51728330      0.29708732      0.13659369      1.00000000    -10.00000000
     18.67892977     -0.00000000     -0.00000000      0.00000000      0.00000000      0.00000903     -0.80080105      0.00000074      0.15617489      1.24812928      0.00000000      0.99981460      0.04519389      0.51717333      0.51717333      0.29747016      0.13507895      1.00000000    -10.00000000
     18.79598662     -0.00000000     -0.00000000      0.00000000      0.00000000      0.00000879     -0.79383130      0.00000072      0.15418225      1.24234886      0.00000000      0.99981460      0.04518208      0.51706477      0.51706477      0.29785357      0.13358571      1.00000000    -10.00000000
     18.91304348     -0.00000000     -0.00000000      0.00000000      0.00000000      0.00000856     -0.78702496      0.00000070      0.15222489      1.23683812      0.00000000      0.99981460      0.04517601      0.51695757      0.51695757      0.29823988      0.13211387      1.00000000    -10.00000000
     19.03010033     -0.00000000     -0.00000000      0.00000000      0.00000000      0.00000835     -0.78037388      0.00000068      0.15030230      1.23157635      0.00000000      0.99981460      0.04521161      0.51685173      0.51685173      0.29862659      0.13066330      1.00000000    -10.00000000
     19.14715719     -0.00000000     -0.00000000      0.00000000      0.00000000      0.00000813     -0.77387060      0.00000066      0.14841394      1.22654507      0.00000000      0.99981460      0.04517714      0.51674721      0.51674721      0.29901466      0.12923384      1.00000000    -10.00000000
     19.26421405     -0.00000000     -0.00000000      0.00000000      0.00000000      0.00000793     -0.76750830      0.00000064      0.14655925      1.22172772      0.00000000      0.99981460      0.04518548      0.51664399      0.51664399      0.29940292      0.12782528      1.00000000    -10.00000000
     19.38127090     -0.00000000     -0.00000000      0.00000000      0.00000000      0.00000773     -0.76128069      0.00000062      0.14473765      1.21710941      0.00000000      0.99981460      0.04519874      0.51654204      0.51654204      0.29976810      0.12643740      1.00000000    -10.00000000
     19.49832776     -0.00000000     -0.00000000      0.00000000      0.00000000      0.00000754     -0.75518196      0.00000060      0.14294852      1.21267672      0.00000000      0.99981460      0.04521684      0.51644134      0.51644134      0.30018536      0.12506996      1.00000000    -10.00000000
     19.61538462     -0.00000000     -0.00000000      0.00000000      0.00000000      0.00000735     -0.74920674      0.00000058      0.14119127      1.20841750      0.00000000      0.99981460      0.04523587      0.51634187      0.51634187      0.30057772      0.12372271      1.00000000    -10.00000000
     19.73244147     -0.00000000     -0.00000000      0.00000000      0.00000000      0.00000717     -0.74335004      0.00000057      0.13946527      1.20432073      0.00000000      0.99981460      0.04526832      0.51624361      0.51624361      0.30097106      0.12239537      1.00000000    -10.00000000
     19.84949833     -0.00000000     -0.00000000      0.00000000      0.00000000      0.00000699     -0.73760722      0.00000055      0.13776992      1.20037636      0.00000000      0.99981460      0.04529992      0.51614653      0.51614653      0.30136527      0.12108768      1.00000000    -10.00000000
     19.96655518     -0.00000000     -0.00000000      0.00000000      0.00000000      0.00000682     -0.73197394      0.00000054      0.13610458      1.19657525      0.00000000      0.99981460      0.04533703      0.51605060      0.51605060      0.30180722      0.11979934      1.00000000    -10.00000000
     20.08361204     -0.00000000     -0.00000000      0.00000000      0.00000000      0.00000666     -0.72644615      0.00000052      0.13446865      1.19290902      0.00000000      0.99981460      0.04537882      0.51595582      0.51595582      0.30215633      0.11853007      1.00000000    -10.00000000
     20.20066890     -0.00000000     -0.00000000      0.00000000      0.00000000      0.00000650     -0.72102004      0.00000051      0.13286152      1.18936998      0.00000000      0.99981460      0.04541380      0.51586216      0.51586216      0.30255314      0.11727957      1.00000000    -10.00000000
     20.31772575     -0.00000000     -0.00000000      0.00000000      0.00000000      0.00000634     -0.71569204      0.00000050      0.13128258      1.18595109      0.00000000      0.99981460      0.04547606      0.51576960      0.51576960      0.30295068      0.11604756      1.00000000    -10.00000000
     20.43478261     -0.00000000     -0.00000000      0.00000000      0.00000000      0.00000619     -0.71045881      0.00000048      0.12973126      1.18264582      0.00000000      0.99981460      0.04553148      0.51567812      0.51567812      0.30334893      0.11483373      1.00000000    -10.00000000
     20.55183946     -0.00000000     -0.00000000      0.00000000      0.00000000      0.00000605     -0.70531714      0.00000047      0.12820694      1.17944818      0.00000000      0.99981460      0.04559133      0.51558770      0.51558770      0.30374786      0.11363778      1.00000000    -10.00000000
     20.66889632     -0.00000000     -0.00000000      0.00000000      0.00000000      0.00000591     -0.70026408      0.00000046      0.12670906      1.17635261      0.00000000      0.99981460      0.04565563      0.51549833      0.51549833      0.30414742      0.11245943      1.00000000    -10.00000000
     20.78595318     -0.00000000     -0.00000000      0.00000000      0.00000000      0.00000577     -0.69529677      0.00000045      0.12523707      1.17335397      0.00000000      0.99981460      0.04572433      0.51540998      0.51540998      0.30454747      0.11129838      1.00000000    -10.00000000
     20.90301003     -0.00000000     -0.00000000      0.00000000      0.00000000      0.00000564     -0.69041254      0.00000043      0.12379039      1.17044746      0.00000000      0.99981460      0.04579740      0.51532264      0.51532264      0.30494831      0.11015434      1.00000000    -10.00000000
     21.02006689     -0.00000000     -0.00000000      0.00000000      0.00000000      0.00000551     -0.68560884      0.00000042      0.12236848      1.16762865      0.00000000      0.99981460      0.04587469      0.51523629      0.51523629      0.30534957      0.10902701      1.00000000    -10.00000000
     21.13712375     -0.00000000     -0.00000000      0.00000000      0.00000000      0.00000538     -0.68088325      0.00000041      0.12097082      1.16489339      0.00000000      0.99981460      0.04595629      0.51515091      0.51515091      0.30575128      0.10791612      1.00000000    -10.00000000
     21.25418060     -0.00000000     -0.00000000      0.00000000      0.00000000      0.00000526     -0.67623348      0.00000040      0.11959688      1.16223782      0.00000000      0.99981460      0.04604215      0.51506649      0.51506649      0.30622844      0.10682138      1.00000000    -10.00000000
     21.37123746     -0.00000000     -0.00000000      0.00000000      0.00000000      0.00000514     -0.67165733      0.00000039      0.11824614      1.15965831      0.00000000      0.99981460      0.04613214      0.51498301      0.51498301      0.30655608      0.10574250      1.00000000    -10.00000000
     21.48829431     -0.00000000     -0.00000000      0.00000000      0.00000000      0.00000503     -0.66715271      0.00000038      0.11691811      1.15715150      0.00000000      0.99981460      0.04622632      0.51490046      0.51490046      0.30695618      0.10467922      1.00000000    -10.00000000
     21.60535117     -0.00000000     -0.00000000      0.00000000      0.00000000      0.00000491     -0.66271763      0.00000037      0.11561230      1.15471419      0.00000000      0.99981460      0.04632459      0.51481881      0.51481881      0.30736252      0.10363126      1.00000000    -10.00000000
     21.72240803     -0.00000000     -0.00000000      0.00000000      0.00000000      0.00000480     -0.65835019      0.00000036      0.11432824      1.15234343      0.00000000      0.99981460      0.04642696      0.51473806      0.51473806      0.30776603      0.10259835      1.00000000    -10.00000000
     21.83946488     -0.00000000     -0.00000000      0.00000000      0.00000000      0.00000470     -0.65404856      0.00000036      0.11306545      1.15003642      0.00000000      0.99981460      0.04653337      0.51465819      0.51465819      0.30816995      0.10158023      1.00000000    -10.00000000
     21.95652174     -0.00000000     -0.00000000      0.00000000      0.00000000      0.00000460     -0.64981099      0.00000035      0.11182347      1.14779051      0.00000000      0.99981460      0.04664376      0.51457919      0.51457919      0.30862160      0.10057664      1.00000000    -10.00000000
     22.07357860     -0.00000000     -0.00000000      0.00000000      0.00000000      0.00000450     -0.64563582      0.00000034      0.11060188      1.14560324      0.00000000      0.99981460      0.04674839      0.51450104      0.51450104      0.30897856      0.09958733      1.00000000    -10.00000000
     22.19063545     -0.00000000     -0.00000000      0.00000000      0.00000000      0.00000440     -0.64152144      0.00000033      0.10940023      1.14347226      0.00000000      0.99981460      0.04687648      0.51442372      0.51442372      0.30938308      0.09861205      1.00000000    -10.00000000
     22.30769231     -0.00000000     -0.00000000      0.00000000      0.00000000      0.00000430     -0.63746630      0.00000032      0.10821809      1.14139537      0.00000000      0.99981460      0.04695874      0.51434723      0.51434723      0.30978777      0.09765054      1.00000000    -10.00000000
     22.42474916     -0.00000000     -0.00000000      0.00000000      0.00000000      0.00000421     -0.63346895      0.00000032      0.10705506      1.13937048      0.00000000      0.99981460      0.04712479      0.51427156      0.51427156      0.31019291      0.09670256      1.00000000    -10.00000000
     22.54180602     -0.00000000     -0.00000000      0.00000000      0.00000000      0.00000412     -0.62952794      0.00000031      0.10591074      1.13739561      0.00000000      0.99981460      0.04725474      0.51419667      0.51419667      0.31059754      0.09576789      1.00000000    -10.00000000
     22.65886288     -0.00000000     -0.00000000      0.00000000      0.00000000      0.00000403     -0.62564193      0.00000030      0.10478472      1.13546889      0.00000000      0.99981460      0.04738846      0.51412258      0.51412258      0.31115577      0.09484628      1.00000000    -10.00000000
     22.77591973     -0.00000000     -0.00000000      0.00000000      0.00000000      0.00000395     -0.62180958      0.00000029      0.10367663      1.13358856      0.00000000      0.99981460      0.04752595      0.51404926      0.51404926      0.31140755      0.09393751      1.00000000    -10.00000000
     22.89297659     -0.00000000     -0.00000000      0.00000000      0.00000000      0.00000387     -0.61802963      0.00000029      0.10258609      1.13175293      0.00000000      0.99981460      0.04766718      0.51397670      0.51397670      0.31181259      0.09304134      1.00000000    -10.00000000
     23.01003344     -0.00000000     -0.00000000      0.00000000      0.00000000      0.00000379     -0.61430087      0.00000028      0.10151274      1.12996040      0.00000000      0.99981460      0.04781209      0.51390489      0.51390489      0.31221762      0.09215757      1.00000000    -10.00000000
     23.12709030     -0.00000000     -0.00000000      0.00000000      0.00000000      0.00000371     -0.61062211      0.00000028      0.10045622      1.12820945      0.00000000      0.99981460      0.04796073      0.51383381      0.51383381      0.31262205      0.09128597      1.00000000    -10.00000000
     23.24414716     -0.00000000     -0.00000000      0.00000000      0.00000000      0.00000363     -0.60699221      0.00000027      0.09941618      1.12649865      0.00000000      0.99981460      0.04811289      0.51376347      0.51376347      0.31302740      0.09042634      1.00000000    -10.00000000
     23.36120401     -0.00000000     -0.00000000      0.00000000      0.00000000      0.00000356     -0.60341009      0.00000026      0.09839229      1.12482661      0.00000000      0.99981460      0.04826872      0.51369383      0.51369383      0.31343230      0.08957846      1.00000000    -10.00000000
     23.47826087     -0.00000000     -0.00000000      0.00000000      0.00000000      0.00000348     -0.59987467      0.00000026      0.09738421      1.12319202      0.00000000      0.99981460      0.04842816      0.51362491      0.51362491      0.31379919      0.08874213      1.00000000    -10.00000000
     23.59531773     -0.00000000     -0.00000000      0.00000000      0.00000000      0.00000341     -0.59638494      0.00000025      0.09639163      1.12159364      0.00000000      0.99981460      0.04859102      0.51355667      0.51355667      0.31424152      0.08791715      1.00000000    -10.00000000
     23.71237458     -0.00000000     -0.00000000      0.00000000      0.00000000      0.00000335     -0.59293990      0.00000025      0.09541422      1.12003028      0.00000000      0.99981460      0.04875747      0.51348912      0.51348912      0.31464590      0.08710332      1.00000000    -10.00000000
     23.82943144     -0.00000000     -0.00000000      0.00000000      0.00000000      0.00000328     -0.58953860      0.00000024      0.09445168      1.11850080      0.00000000      0.99981460      0.04892738      0.51342224      0.51342224      0.31505001      0.08630046      1.00000000    -10.00000000
     23.94648829     -0.00000000     -0.00000000      0.00000000      0.00000000      0.00000321     -0.58618010      0.00000024      0.09350372      1.11700410      0.00000000      0.99981460      0.04910088      0.51335603      0.51335603      0.31545399      0.08550837      1.00000000    -10.00000000
     24.06354515     -0.00000000     -0.00000000      0.00000000      0.00000000      0.00000315     -0.58286352      0.00000023      0.09257004      1.11553916      0.00000000      0.99981460      0.04927750      0.51329047      0.51329047      0.31585769      0.08472687      1.00000000    -10.00000000
     24.18060201     -0.00000000     -0.00000000      0.00000000      0.00000000      0.00000309     -0.57958798      0.00000023      0.09165035      1.11410498      0.00000000      0.99981460      0.04942846      0.51322555      0.51322555      0.31626091      0.08395577      1.00000000    -10.00000000
     24.29765886     -0.00000000     -0.00000000      0.00000000      0.00000000      0.00000303     -0.57635263      0.00000022      0.09074438      1.11270060      0.00000000      0.99981460      0.04964115      0.51316126      0.51316126      0.31659345      0.08319491      1.00000000    -10.00000000
     24.41471572     -0.00000000     -0.00000000      0.00000000      0.00000000      0.00000297     -0.57315666      0.00000022      0.08985186      1.11132513      0.00000000      0.99981460      0.04983954      0.51309760      0.51309760      0.31706714      0.08244410      1.00000000    -10.00000000
     24.53177258     -0.00000000     -0.00000000      0.00000000      0.00000000      0.00000291     -0.56999928      0.00000021      0.08897252      1.10997767      0.00000000      0.99981460      0.05001810      0.51303456      0.51303456      0.31746967      0.08170318      1.00000000    -10.00000000
     24.64882943     -0.00000000     -0.00000000      0.00000000      0.00000000      0.00000285     -0.56687972      0.00000021      0.08810610      1.10865740      0.00000000      0.99981460      0.05021147      0.51297212      0.51297212      0.31787204      0.08097198      1.00000000    -10.00000000
     24.76588629     -0.00000000     -0.00000000      0.00000000      0.00000000      0.00000280     -0.56379723      0.00000020      0.08725236      1.10736352      0.00000000      0.99981460      0.05040811      0.51291028      0.51291028      0.31827381      0.08025033      1.00000000    -10.00000000
     24.88294314     -0.00000000     -0.00000000      0.00000000      0.00000000      0.00000274     -0.56075108      0.00000020      0.08641104      1.10609525      0.00000000      0.99981460      0.05060791      0.51284903      0.51284903      0.31867537      0.07953807      1.00000000    -10.00000000
     25.00000000     -0.00000000     -0.00000000      0.00000000      0.00000000      0.00000269     -0.55774058      0.00000020      0.08558190      1.10485185      0.00000000      0.99981460      0.05081088      0.51278836      0.51278836      0.31907608      0.07883505      1.00000000    -10.00000000
