    -10.00000000      0.00000000      0.00000000      0.00000000      0.00000000      0.02393496      0.00000197      0.01258822      0.00000000      2.35095498      0.99982366      0.99982366      0.50003162      0.50004182      0.50004182      0.49999488      0.00000000      3.40000000    -10.00000000
    -10.16722408      0.00000000      0.00000000      0.00000000      0.00000000      0.02386148     -0.07619344      0.01255977      0.00075000      2.35286491      1.00254779      0.99982366      0.49761976      0.50044370      0.50044370      0.49918722      0.00074944      3.40000000    -10.00000000
    -10.33444816      0.00000000      0.00000000      0.00000000      0.00000000      0.02392673     -0.15200620      0.01252017      0.00300265      2.33905011      1.00510038      0.99982366      0.49498508      0.50087728      0.50087728      0.49807192      0.00299366      3.40000000    -10.00000000
    -10.50167224      0.00000000      0.00000000      0.00000000      0.00000000      0.02404107     -0.22671140      0.01245473      0.00674645      2.31575724      1.00766220      0.99982366      0.49148945      0.50131249      0.50131249      0.49663766      0.00670124      3.40000000    -10.00000000
    -10.66889632      0.00000000      0.00000000      0.00000000      0.00000000      0.02419305     -0.29995888      0.01236405      0.01197188      2.28445497      1.01023787      0.99982366      0.48738044      0.50174640      0.50174640      0.49640369      0.01183025      3.40000000    -10.00000000
    -10.83612040      0.00000000      0.00000000      0.00000000      0.00000000      0.02438369     -0.37133389      0.01224901      0.01866537      2.24550510      1.01283199      0.99982366      0.48654078      0.50217467      0.50217467      0.49577302      0.01832336      3.40000000    -10.00000000
    -11.00334448      0.00000000      0.00000000      0.00000000      0.00000000      0.02461416     -0.44042848      0.01211071      0.02680867      2.19936394      1.01544922      0.99982366      0.48463022      0.50259709      0.50259709      0.49519083      0.02610873      3.40000000    -10.00000000
    -11.17056856      0.00000000      0.00000000      0.00000000      0.00000000      0.02488511     -0.50686291      0.01195043      0.03637860      2.14662690      1.01809419      0.99982366      0.48262054      0.50302493      0.50302493      0.49443145      0.03510165      3.40000000    -10.00000000
    -11.33779264      0.00000000      0.00000000      0.00000000      0.00000000      0.02519692     -0.57029454      0.01176964      0.04734689      2.08799028      1.02077156      0.99982366      0.48060771      0.50344604      0.50344604      0.49375899      0.04520650      3.40000000    -10.00000000
    -11.50501672      0.00000000      0.00000000      0.00000000      0.00000000      0.02554977     -0.63042226      0.01156994      0.05967986      2.02421559      1.02348601      0.99982366      0.47860109      0.50386301      0.50386301      0.49308621      0.05631877      3.40000000    -10.00000000
    -11.67224080      0.00000000      0.00000000      0.00000000      0.00000000      0.02594376     -0.68698888      0.01135302      0.07333810      1.95610091      1.02624222      0.99982366      0.47663598      0.50426333      0.50426333      0.49243730      0.06832712      3.40000000    -10.00000000
    -11.83946488      0.00000000      0.00000000      0.00000000      0.00000000      0.02637893     -0.73978209      0.01112067      0.08827605      1.88445704      1.02904491      0.99982366      0.47471796      0.50466218      0.50466218      0.49179482      0.08111549      3.40000000    -10.00000000
    -12.00668896      0.00000000      0.00000000      0.00000000      0.00000000      0.02685529     -0.78863424      0.01087469      0.10444154      1.81008719      1.03189878      0.99982366      0.47285098      0.50505021      0.50505021      0.49117031      0.09456503      3.40000000    -10.00000000
    -12.17391304      0.00000000      0.00000000      0.00000000      0.00000000      0.02737279     -0.83342119      0.01061691      0.12177529      1.73376979      1.03480859      0.99982366      0.47104535      0.50542871      0.50542871      0.49056849      0.10855586      3.40000000    -10.00000000
    -12.34113712      0.00000000      0.00000000      0.00000000      0.00000000      0.02793138     -0.87406026      0.01034914      0.14021028      1.65624429      1.03777909      0.99982366      0.46932347      0.50579717      0.50579717      0.48998686      0.12296879      3.40000000    -10.00000000
    -12.50836120      0.00000000      0.00000000      0.00000000      0.00000000      0.02853093     -0.91050761      0.01007315      0.15967123      1.57819990      1.04081506      0.99982366      0.46768651      0.50615569      0.50615569      0.48943014      0.13768663      3.40000000    -10.00000000
    -12.67558528      0.00000000      0.00000000      0.00000000      0.00000000      0.02917129     -0.94275517      0.00979065      0.18007388      1.50026726      1.04392130      0.99982366      0.46624228      0.50649817      0.50649817      0.48889142      0.15259543      3.40000000    -10.00000000
    -12.84280936      0.00000000      0.00000000      0.00000000      0.00000000      0.02985227     -0.97082715      0.00950328      0.20132446      1.42301278      1.04710260      0.99982366      0.46480433      0.50682585      0.50682585      0.48840368      0.16758541      3.40000000    -10.00000000
    -13.01003344      0.00000000      0.00000000      0.00000000      0.00000000      0.03057359     -0.99477643      0.00921257      0.22331900      1.34693555      1.05036379      0.99982366      0.46354201      0.50714074      0.50714074      0.48793702      0.18255173      3.40000000    -10.00000000
    -13.17725753      0.00000000      0.00000000      0.00000000      0.00000000      0.03133493     -1.01468085      0.00891995      0.24594280      1.27246639      1.05370970      0.99982366      0.46260537      0.50743947      0.50743947      0.48750004      0.19739494      3.40000000    -10.00000000
    -13.34448161      0.00000000      0.00000000      0.00000000      0.00000000      0.03213590     -1.03063949      0.00862676      0.26906988      1.19996889      1.05714517      0.99982366      0.46196242      0.50772163      0.50772163      0.48710005      0.21202132      3.40000000    -10.00000000
    -13.51170569      0.00000000      0.00000000      0.00000000      0.00000000      0.03297601     -1.04276936      0.00833421      0.29256264      1.12974171      1.06067502      0.99982366      0.46103214      0.50798634      0.50798634      0.48673960      0.22634311      3.40000000    -10.00000000
    -13.67892977      0.00000000      0.00000000      0.00000000      0.00000000      0.03385470     -1.05120125      0.00804341      0.31627106      1.06202268      1.06430410      0.99982366      0.45969877      0.50823152      0.50823152      0.48641837      0.24027806      3.40000000    -10.00000000
    -13.84615385      0.00000000      0.00000000      0.00000000      0.00000000      0.03477131     -1.05607717      0.00775534      0.34003271      0.99699303      1.06803723      0.99982366      0.45843082      0.50845631      0.50845631      0.48614141      0.25374956      3.40000000    -10.00000000
    -14.01337793      0.00000000      0.00000000      0.00000000      0.00000000      0.03572508     -1.05754754      0.00747087      0.36367277      0.93478240      1.07187921      0.99982366      0.45743261      0.50865936      0.50865936      0.48591025      0.26668624      3.40000000    -10.00000000
    -14.18060201      0.00000000      0.00000000      0.00000000      0.00000000      0.03671513     -1.05576810      0.00719078      0.38700366      0.87547452      1.07583484      0.99982366      0.45650299      0.50883991      0.50883991      0.48572729      0.27902137      3.40000000    -10.00000000
    -14.34782609      0.00000000      0.00000000      0.00000000      0.00000000      0.03774046     -1.05089776      0.00691573      0.40982535      0.81911263      1.07990886      0.99982366      0.45575184      0.50899633      0.50899633      0.48559536      0.29069228      3.40000000    -10.00000000
    -14.51505017      0.00000000      0.00000000      0.00000000      0.00000000      0.03879996     -1.04309656      0.00664630      0.43192578      0.76570486      1.08410600      0.99982366      0.45522129      0.50913165      0.50913165      0.48551617      0.30163978      3.40000000    -10.00000000
    -14.68227425      0.00000000      0.00000000      0.00000000      0.00000000      0.03989236     -1.03252393      0.00638297      0.45308150      0.71522952      1.08843090      0.99982366      0.45484779      0.50923331      0.50923331      0.48549792      0.31180735      3.40000000    -10.00000000
    -14.84949833      0.00000000      0.00000000      0.00000000      0.00000000      0.04101626     -1.01933719      0.00612612      0.47305861      0.66763993      1.09288817      0.99982366      0.45464612      0.50930607      0.50930607      0.48559089      0.32114038      3.40000000    -10.00000000
    -15.01672241      0.00000000      0.00000000      0.00000000      0.00000000      0.04217010     -1.00369038      0.00587609      0.49161409      0.62286899      1.09748233      0.99982366      0.45462648      0.50935708      0.50935708      0.48560429      0.32958531      3.40000000    -10.00000000
    -15.18394649      0.00000000      0.00000000      0.00000000      0.00000000      0.04335219     -0.98573324      0.00563313      0.50849751      0.58083326      1.10221782      0.99982366      0.45478701      0.50937501      0.50937501      0.48581347      0.33708873      3.40000000    -10.00000000
    -15.35117057      0.00000000      0.00000000      0.00000000      0.00000000      0.04456065     -0.96561050      0.00539742      0.52345313      0.54143667      1.10709897      0.99982366      0.45512803      0.50936501      0.50936501      0.48609682      0.34359648      3.40000000    -10.00000000
    -15.51839465      0.00000000      0.00000000      0.00000000      0.00000000      0.04579343     -0.94346132      0.00516910      0.53622259      0.50457369      1.11212999      0.99982366      0.45565377      0.50931502      0.50931502      0.48666794      0.34905266      3.40000000    -10.00000000
    -15.68561873      0.00000000      0.00000000      0.00000000      0.00000000      0.04704832     -0.91941886      0.00494825      0.54654801      0.47013221      1.11731498      0.99982366      0.45636491      0.50923398      0.50923398      0.48678290      0.35339867      3.40000000    -10.00000000
    -15.85284281      0.00000000      0.00000000      0.00000000      0.00000000      0.04832295     -0.89361011      0.00473490      0.55417585      0.43799592      1.12265784      0.99982366      0.45725883      0.50911976      0.50911976      0.48705586      0.35657217      3.40000000    -10.00000000
    -16.02006689      0.00000000      0.00000000      0.00000000      0.00000000      0.04961472     -0.86615570      0.00452905      0.55886119      0.40804634      1.12816236      0.99982366      0.45832886      0.50896801      0.50896801      0.48740023      0.35850606      3.40000000    -10.00000000
    -16.18729097      0.00000000      0.00000000      0.00000000      0.00000000      0.05092088     -0.83716987      0.00433067      0.56037280      0.38016457      1.13383210      0.99982366      0.45961579      0.50878068      0.50878068      0.48782722      0.35912751      3.40000000    -10.00000000
    -16.35451505      0.00000000      0.00000000      0.00000000      0.00000000      0.05223850     -0.80676057      0.00413968      0.55849882      0.35423264      1.13967043      0.99982366      0.46107324      0.50855451      0.50855451      0.48833830      0.35835691      3.40000000    -10.00000000
    -16.52173913      0.00000000      0.00000000      0.00000000      0.00000000      0.05356444     -0.77502949      0.00395599      0.55305310      0.33013467      1.14568049      0.99982366      0.46271869      0.50828990      0.50828990      0.48887131      0.35610701      3.40000000    -10.00000000
    -16.68896321      0.00000000      0.00000000      0.00000000      0.00000000      0.05489541     -0.74207226      0.00377948      0.54388227      0.30775775      1.15186517      0.99982366      0.46455469      0.50798525      0.50798525      0.48950910      0.35228222      3.40000000    -10.00000000
    -16.85618729      0.00000000      0.00000000      0.00000000      0.00000000      0.05622791     -0.70797854      0.00361002      0.53087335      0.28699265      1.15822708      0.99982366      0.46657412      0.50764143      0.50764143      0.49021418      0.34677810      3.40000000    -10.00000000
    -17.02341137      0.00000000      0.00000000      0.00000000      0.00000000      0.05755832     -0.67283232      0.00344746      0.51396216      0.26773432      1.16476857      0.99982366      0.46877980      0.50726864      0.50726864      0.49100340      0.33948151      3.40000000    -10.00000000
    -17.19063545      0.00000000      0.00000000      0.00000000      0.00000000      0.05888282     -0.63671203      0.00329163      0.49314222      0.24988227      1.17149164      0.99982366      0.47116141      0.50683061      0.50683061      0.49185938      0.33027143      3.40000000    -10.00000000
    -17.35785953      0.00000000      0.00000000      0.00000000      0.00000000      0.06019746     -0.59969085      0.00314236      0.46847422      0.23334079      1.17839797      0.99982366      0.47388996      0.50636262      0.50636262      0.49279036      0.31902107      3.40000000    -10.00000000
    -17.52508361      0.00000000      0.00000000      0.00000000      0.00000000      0.06149818     -0.56183689      0.00299947      0.44009604      0.21801910      1.18548890      0.99982366      0.47654774      0.50585475      0.50585475      0.49379127      0.30560187      3.40000000    -10.00000000
    -17.69230769      0.00000000      0.00000000      0.00000000      0.00000000      0.06278079     -0.52321349      0.00286276      0.40823311      0.20383143      1.19276536      0.99982366      0.47933641      0.50530436      0.50530436      0.49487666      0.28989029      3.40000000    -10.00000000
    -17.85953177      0.00000000      0.00000000      0.00000000      0.00000000      0.06404101     -0.48387945      0.00273205      0.37320901      0.19069695      1.20022790      0.99982366      0.48231066      0.50471360      0.50471360      0.49600649      0.27177874      3.40000000    -10.00000000
    -18.02675585      0.00000000      0.00000000      0.00000000      0.00000000      0.06527450     -0.44388928      0.00260715      0.33545633      0.17853972      1.20787663      0.99982366      0.48555845      0.50408032      0.50408032      0.49721445      0.25119229      3.40000000    -10.00000000
    -18.19397993      0.00000000      0.00000000      0.00000000      0.00000000      0.06647687     -0.40329348      0.00248785      0.29552734      0.16728856      1.21571127      0.99982366      0.48909243      0.50332647      0.50332647      0.49850759      0.22811355      3.40000000    -10.00000000
    -18.36120401      0.00000000      0.00000000      0.00000000      0.00000000      0.06764370     -0.36213877      0.00237396      0.25410456      0.15687693      1.22373103      0.99982366      0.49277313      0.50269902      0.50269902      0.49983790      0.20261832      3.40000000    -10.00000000
    -18.52842809      0.00000000      0.00000000      0.00000000      0.00000000      0.06877059     -0.32046834      0.00226529      0.21201079      0.14724271      1.23193466      0.99982366      0.49660007      0.50194842      0.50194842      0.50124232      0.17492484      3.40000000    -10.00000000
    -18.69565217      0.00000000      0.00000000      0.00000000      0.00000000      0.06985318     -0.27832211      0.00216164      0.17021849      0.13832803      1.24032043      0.99982366      0.50056119      0.50116106      0.50116106      0.50271045      0.14545873      3.40000000    -10.00000000
    -18.86287625      0.00000000      0.00000000      0.00000000      0.00000000      0.07088714     -0.23573691      0.00206282      0.12985819      0.13007904      1.24888610      0.99982366      0.50466327      0.50033807      0.50033807      0.50422679      0.11493318      3.40000000    -10.00000000
    -19.03010033      0.00000000      0.00000000      0.00000000      0.00000000      0.07186826     -0.19274674      0.00196865      0.09222569      0.12244573      1.25762892      0.99982366      0.50889856      0.49948011      0.49948011      0.50581712      0.08443831      3.40000000    -10.00000000
    -19.19732441      0.00000000      0.00000000      0.00000000      0.00000000      0.07279246     -0.14938294      0.00187893      0.05878772      0.11538169      1.26654561      0.99982366      0.51325219      0.49858866      0.49858866      0.50742599      0.05552362      3.40000000    -10.00000000
    -19.36454849      0.00000000      0.00000000      0.00000000      0.00000000      0.07365578     -0.10567443      0.00179349      0.03118582      0.10884391      1.27563237      0.99982366      0.51770098      0.49767857      0.49767857      0.50914169      0.03024268      3.40000000    -10.00000000
    -19.53177258      0.00000000      0.00000000      0.00000000      0.00000000      0.07445446     -0.06164782      0.00171214      0.01123817      0.10279254      1.28488486      0.99982366      0.52237585      0.49669960      0.49669960      0.51086250      0.01111327      3.40000000    -10.00000000
    -19.69899666      0.00000000      0.00000000      0.00000000      0.00000000      0.07518496     -0.01732765      0.00163472      0.00093902      0.09719073      1.29429820      0.99982366      0.52699710      0.49573762      0.49573762      0.51262955      0.00093814      3.40000000    -10.00000000
    -19.86622074      0.00000000      0.00000000      0.00000000      0.00000000      0.07584396      0.02726351      0.00156105      0.00245571      0.09200440      1.30386699      0.99982366      0.53177513      0.49473522      0.49473522      0.51441009      0.00244969      3.40000000    -10.00000000
    -20.03344482      0.00000000      0.00000000      0.00000000      0.00000000      0.07642844      0.07210487      0.00149097      0.01812274      0.08720206      1.31358530      0.99982366      0.53664496      0.49371030      0.49371030      0.51627703      0.01780016      3.40000000    -10.00000000
    -20.20066890      0.00000000      0.00000000      0.00000000      0.00000000      0.07693562      0.11717728      0.00142432      0.05043315      0.08275462      1.32344668      0.99982366      0.54159112      0.49266749      0.49266749      0.51816483      0.04801177      3.40000000    -10.00000000
    -20.36789298      0.00000000      0.00000000      0.00000000      0.00000000      0.07736310      0.16246314      0.00136094      0.10202675      0.07863523      1.33344416      0.99982366      0.54658805      0.49160697      0.49160697      0.52012214      0.09258101      3.40000000    -10.00000000
    -20.53511706      0.00000000      0.00000000      0.00000000      0.00000000      0.07770876      0.20794623      0.00130068      0.17567542      0.07481913      1.34357030      0.99982366      0.55168136      0.49053275      0.49053275      0.52210158      0.14942510      3.40000000    -10.00000000
    -20.70234114      0.00000000      0.00000000      0.00000000      0.00000000      0.07797088      0.25361163      0.00124339      0.27426542      0.07128346      1.35381719      0.99982366      0.55685586      0.48944193      0.48944193      0.52410460      0.21523414      3.40000000    -10.00000000
    -20.86956522      0.00000000      0.00000000      0.00000000      0.00000000      0.07814807      0.29944559      0.00118894      0.40077676      0.06800719      1.36417645      0.99982366      0.56197951      0.48835438      0.48835438      0.52612832      0.28611037      3.40000000    -10.00000000
    -21.03678930      0.00000000      0.00000000      0.00000000      0.00000000      0.07823937      0.34543542      0.00113719      0.55825983      0.06497090      1.37463929      0.99982366      0.56718596      0.48725844      0.48725844      0.52816649      0.35825850      3.40000000    -10.00000000
    -21.20401338      0.00000000      0.00000000      0.00000000      0.00000000      0.07824417      0.39156941      0.00108800      0.74980935      0.06215673      1.38519652      0.99982366      0.57241919      0.48615955      0.48615955      0.53021716      0.42850917      3.40000000    -10.00000000
    -21.37123746      0.00000000      0.00000000      0.00000000      0.00000000      0.07816229      0.43783673      0.00104125      0.97853595      0.05954827      1.39583859      0.99982366      0.57766550      0.48506643      0.48506643      0.53227148      0.49457577      3.40000000    -10.00000000
    -21.53846154      0.00000000      0.00000000      0.00000000      0.00000000      0.07799393      0.48422733      0.00099682      1.24753536      0.05713040      1.40655562      0.99982366      0.58293112      0.48396910      0.48396910      0.53432965      0.55506818      3.40000000    -10.00000000
    -21.70568562      0.00000000      0.00000000      0.00000000      0.00000000      0.07773969      0.53073185      0.00095459      1.55985541      0.05488927      1.41733744      0.99982366      0.58819299      0.48288366      0.48288366      0.53638676      0.60935294      3.40000000    -10.00000000
    -21.87290970      0.00000000      0.00000000      0.00000000      0.00000000      0.07740056      0.57734155      0.00091446      1.91846084      0.05281219      1.42817362      0.99982366      0.59345151      0.48186897      0.48186897      0.53843661      0.65735363      3.40000000    -10.00000000
    -22.04013378      0.00000000      0.00000000      0.00000000      0.00000000      0.07697792      0.62404827      0.00087632      2.32619611      0.05088755      1.43905353      0.99982366      0.59869220      0.48074741      0.48074741      0.54048066      0.69935627      3.40000000    -10.00000000
    -22.20735786      0.00000000      0.00000000      0.00000000      0.00000000      0.07647351      0.67084434      0.00084008      2.78574648      0.04910474      1.44996636      0.99982366      0.60391225      0.47970219      0.47970219      0.54251031      0.73585130      3.40000000    -10.00000000
    -22.37458194      0.00000000      0.00000000      0.00000000      0.00000000      0.07588940      0.71772263      0.00080564      3.29959802      0.04745410      1.46090118      0.99982366      0.60910679      0.47867090      0.47867090      0.54452366      0.76742012      3.40000000    -10.00000000
    -22.54180602      0.00000000      0.00000000      0.00000000      0.00000000      0.07522800      0.76467656      0.00077292      3.86999838      0.04592681      1.47184698      0.99982366      0.61426446      0.47767100      0.47767100      0.54651782      0.79466112      3.40000000    -10.00000000
    -22.70903010      0.00000000      0.00000000      0.00000000      0.00000000      0.07449199      0.81170017      0.00074182      4.49892101      0.04451480      1.48279273      0.99982366      0.61938038      0.47669072      0.47669072      0.54848847      0.81814614      3.40000000    -10.00000000
    -22.87625418      0.00000000      0.00000000      0.00000000      0.00000000      0.07368431      0.85878824      0.00071228      5.18803678      0.04321063      1.49372741      0.99982366      0.62444884      0.47573635      0.47573635      0.55043357      0.83839786      3.40000000    -10.00000000
    -23.04347826      0.00000000      0.00000000      0.00000000      0.00000000      0.07280814      0.90593644      0.00068422      5.93869734      0.04200740      1.50464003      0.99982366      0.62945585      0.47481044      0.47481044      0.55235023      0.85588073      3.40000000    -10.00000000
    -23.21070234      0.00000000      0.00000000      0.00000000      0.00000000      0.07186684      0.95314133      0.00065754      6.75193305      0.04089856      1.51551974      0.99982366      0.63441862      0.47391529      0.47391529      0.55423198      0.87099992      3.40000000    -10.00000000
    -23.37792642      0.00000000      0.00000000      0.00000000      0.00000000      0.07086399      1.00040039      0.00063219      7.62846546      0.03987788      1.52635583      0.99982366      0.63912872      0.47305163      0.47305163      0.55609514      0.88410454      3.40000000    -10.00000000
    -23.54515050      0.00000000      0.00000000      0.00000000      0.00000000      0.06980329      1.04771186      0.00060807      8.56872984      0.03893936      1.53713777      0.99982366      0.64412926      0.47222165      0.47222165      0.55789393      0.89549292      3.40000000    -10.00000000
    -23.71237458      0.00000000      0.00000000      0.00000000      0.00000000      0.06868862      1.09507453      0.00058511      9.57290110      0.03807723      1.54785527      0.99982366      0.64887626      0.47142790      0.47142790      0.55966834      0.90541858      3.40000000    -10.00000000
    -23.87959866      0.00000000      0.00000000      0.00000000      0.00000000      0.06752399      1.14248744      0.00056324     10.64091747      0.03728596      1.55849831      0.99982366      0.65354388      0.47066986      0.47066986      0.56136646      0.91409612      3.40000000    -10.00000000
    -24.04682274      0.00000000      0.00000000      0.00000000      0.00000000      0.06631352      1.18994971      0.00054237     11.77249934      0.03656033      1.56905717      0.99982366      0.65812627      0.46995104      0.46995104      0.56309540      0.92170679      3.40000000    -10.00000000
    -24.21404682      0.00000000      0.00000000      0.00000000      0.00000000      0.06506140      1.23746037      0.00052246     12.96716516      0.03589542      1.57952247      0.99982366      0.66258227      0.46926668      0.46926668      0.56473070      0.92840351      3.40000000    -10.00000000
    -24.38127090      0.00000000      0.00000000      0.00000000      0.00000000      0.06377189      1.28501834      0.00050342     14.22424751      0.03528668      1.58988523      0.99982366      0.66703949      0.46862220      0.46862220      0.56632770      0.93431531      3.40000000    -10.00000000
    -24.54849498      0.00000000      0.00000000      0.00000000      0.00000000      0.06244925      1.33262239      0.00048520     15.54291103      0.03472989      1.60013683      0.99982366      0.67135740      0.46801308      0.46801308      0.56787641      0.93955115      3.40000000    -10.00000000
    -24.71571906      0.00000000      0.00000000      0.00000000      0.00000000      0.06109772      1.38027124      0.00046774     16.92217238      0.03422112      1.61026910      0.99982366      0.67558085      0.46745253      0.46745253      0.56937683      0.94420319      3.40000000    -10.00000000
    -24.88294314      0.00000000      0.00000000      0.00000000      0.00000000      0.05972148      1.42796357      0.00045100     18.36091958      0.03375681      1.62027432      0.99982366      0.67971148      0.46693170      0.46693170      0.57082668      0.94834956      3.40000000    -10.00000000
    -25.05016722      0.00000000      0.00000000      0.00000000      0.00000000      0.05832467      1.47569804      0.00043493     19.85792917      0.03333363      1.63014521      0.99982366      0.68376172      0.46645070      0.46645070      0.57222570      0.95205660      3.40000000    -10.00000000
    -25.21739130      0.00000000      0.00000000      0.00000000      0.00000000      0.05691130      1.52347334      0.00041949     21.41187921      0.03294856      1.63987500      0.99982366      0.68766869      0.46600845      0.46600845      0.57357277      0.95538081      3.40000000    -10.00000000
    -25.38461538      0.00000000      0.00000000      0.00000000      0.00000000      0.05548527      1.57128816      0.00040464     23.02135764      0.03259885      1.64945738      0.99982366      0.69150617      0.46560597      0.46560597      0.57486784      0.95837038      3.40000000    -10.00000000
    -25.55183946      0.00000000      0.00000000      0.00000000      0.00000000      0.05405036      1.61914121      0.00039034     24.68486611      0.03228198      1.65888657      0.99982366      0.69526500      0.46524156      0.46524156      0.57608678      0.96106657      3.40000000    -10.00000000
    -25.71906355      0.00000000      0.00000000      0.00000000      0.00000000      0.05261019      1.66703121      0.00037657     26.40081996      0.03199570      1.66815728      0.99982366      0.69885469      0.46491626      0.46491626      0.57730134      0.96350474      3.40000000    -10.00000000
    -25.88628763      0.00000000      0.00000000      0.00000000      0.00000000      0.05116822      1.71495691      0.00036330     28.16754504      0.03173795      1.67726472      0.99982366      0.70237916      0.46462805      0.46462805      0.57844011      0.96571532      3.40000000    -10.00000000
    -26.05351171      0.00000000      0.00000000      0.00000000      0.00000000      0.04972774      1.76291706      0.00035050     29.98327188      0.03150694      1.68620462      0.99982366      0.70580025      0.46437625      0.46437625      0.57952627      0.96772452      3.40000000    -10.00000000
    -26.22073579      0.00000000      0.00000000      0.00000000      0.00000000      0.04829186      1.81091039      0.00033816     31.84612814      0.03130104      1.69497320      0.99982366      0.70912969      0.46416036      0.46416036      0.58055888      0.96955501      3.40000000    -10.00000000
    -26.38795987      0.00000000      0.00000000      0.00000000      0.00000000      0.04686351      1.85893568      0.00032625     33.75412921      0.03111883      1.70356719      0.99982366      0.71228411      0.46397939      0.46397939      0.58153969      0.97122644      3.40000000    -10.00000000
    -26.55518395      0.00000000      0.00000000      0.00000000      0.00000000      0.04544543      1.90699168      0.00031475     35.70516792      0.03095908      1.71198378      0.99982366      0.71533688      0.46383183      0.46383183      0.58246930      0.97275588      3.40000000    -10.00000000
    -26.72240803      0.00000000      0.00000000      0.00000000      0.00000000      0.04404016      1.95507717      0.00030365     37.69700310      0.03082070      1.72022068      0.99982366      0.71829771      0.46371705      0.46371705      0.58344374      0.97415821      3.40000000    -10.00000000
    -26.88963211      0.00000000      0.00000000      0.00000000      0.00000000      0.04265006      2.00319091      0.00029294     39.72724868      0.03070278      1.72827601      0.99982366      0.72115579      0.46363370      0.46363370      0.58417650      0.97544641      3.40000000    -10.00000000
    -27.05685619      0.00000000      0.00000000      0.00000000      0.00000000      0.04127728      2.05133169      0.00028261     41.79335952      0.03060455      1.73614837      0.99982366      0.72391151      0.46358035      0.46358035      0.58495590      0.97663189      3.40000000    -10.00000000
    -27.22408027      0.00000000      0.00000000      0.00000000      0.00000000      0.03992380      2.09949829      0.00027263     43.89262400      0.03052538      1.74383678      0.99982366      0.72656481      0.46355610      0.46355610      0.58568570      0.97772463      3.40000000    -10.00000000
    -27.39130435      0.00000000      0.00000000      0.00000000      0.00000000      0.03859139      2.14769013      0.00026300     46.02345211      0.03046390      1.75134068      0.99982366      0.72913858      0.46355939      0.46355939      0.58636674      0.97873402      3.40000000    -10.00000000
    -27.55852843      0.00000000      0.00000000      0.00000000      0.00000000      0.03728167      2.19590411      0.00025373     48.17885853      0.03042228      1.75865991      0.99982366      0.73155994      0.46358903      0.46358903      0.58699990      0.97966606      3.40000000    -10.00000000
    -27.72575251      0.00000000      0.00000000      0.00000000      0.00000000      0.03599605      2.24414094      0.00024478     50.35947708      0.03039769      1.76579465      0.99982366      0.73390528      0.46364479      0.46364479      0.58759179      0.98052940      3.40000000    -10.00000000
    -27.89297659      0.00000000      0.00000000      0.00000000      0.00000000      0.03473577      2.29239881      0.00023616     52.56053655      0.03039080      1.77274547      0.99982366      0.73614526      0.46372202      0.46372202      0.58813489      0.98132954      3.40000000    -10.00000000
    -28.06020067      0.00000000      0.00000000      0.00000000      0.00000000      0.03350193      2.34067656      0.00022785     54.77837284      0.03040151      1.77951327      0.99982366      0.73829614      0.46382282      0.46382282      0.58863466      0.98207190      3.40000000    -10.00000000
    -28.22742475      0.00000000      0.00000000      0.00000000      0.00000000      0.03229545      2.38897305      0.00021985     57.00913328      0.03042983      1.78609923      0.99982366      0.74034395      0.46394450      0.46394450      0.58909233      0.98276134      3.40000000    -10.00000000
    -28.39464883      0.00000000      0.00000000      0.00000000      0.00000000      0.03111710      2.43728716      0.00021215     59.24878910      0.03047582      1.79250486      0.99982366      0.74229855      0.46408602      0.46408602      0.58950820      0.98340216      3.40000000    -10.00000000
    -28.56187291      0.00000000      0.00000000      0.00000000      0.00000000      0.02996752      2.48561781      0.00020474     61.49315343      0.03053961      1.79873192      0.99982366      0.74415168      0.46424606      0.46424606      0.58982928      0.98399825      3.40000000    -10.00000000
    -28.72909699      0.00000000      0.00000000      0.00000000      0.00000000      0.02884721      2.53396396      0.00019761     63.73790843      0.03062137      1.80478240      0.99982366      0.74588809      0.46442302      0.46442302      0.59021850      0.98455310      3.40000000    -10.00000000
    -28.89632107      0.00000000      0.00000000      0.00000000      0.00000000      0.02775655      2.58232461      0.00019076     65.97864015      0.03072132      1.81065856      0.99982366      0.74758820      0.46461711      0.46461711      0.59051813      0.98506987      3.40000000    -10.00000000
    -29.06354515      0.00000000      0.00000000      0.00000000      0.00000000      0.02669578      2.63069881      0.00018418     68.21087762      0.03083970      1.81636282      0.99982366      0.74917091      0.46482608      0.46482608      0.59075627      0.98555140      3.40000000    -10.00000000
    -29.23076923      0.00000000      0.00000000      0.00000000      0.00000000      0.02566505      2.67908569      0.00017785     70.43017675      0.03097676      1.82189781      0.99982366      0.75064980      0.46504882      0.46504882      0.59100611      0.98600031      3.40000000    -10.00000000
    -29.39799331      0.00000000      0.00000000      0.00000000      0.00000000      0.02466442      2.72748441      0.00017178     72.63200020      0.03113279      1.82726632      0.99982366      0.75207338      0.46528401      0.46528401      0.59119768      0.98641895      3.40000000    -10.00000000
    -29.56521739      0.00000000      0.00000000      0.00000000      0.00000000      0.02369383      2.77589425      0.00016595     74.81214605      0.03130799      1.83247128      0.99982366      0.75364450      0.46553119      0.46553119      0.59128901      0.98680950      3.40000000    -10.00000000
    -29.73244147      0.00000000      0.00000000      0.00000000      0.00000000      0.02275315      2.82431454      0.00016035     76.96636295      0.03150262      1.83751578      0.99982366      0.75463850      0.46578877      0.46578877      0.59148230      0.98717396      3.40000000    -10.00000000
    -29.89966555      0.00000000      0.00000000      0.00000000      0.00000000      0.02184218      2.87274470      0.00015498     79.09072742      0.03171685      1.84240298      0.99982366      0.75579980      0.46605599      0.46605599      0.59157831      0.98751416      3.40000000    -10.00000000
    -30.06688963      0.00000000      0.00000000      0.00000000      0.00000000      0.02096063      2.92118423      0.00014982     81.18160965      0.03195080      1.84713616      0.99982366      0.75688248      0.46633176      0.46633176      0.59164298      0.98783183      3.40000000    -10.00000000
    -30.23411371      0.00000000      0.00000000      0.00000000      0.00000000      0.02010817      2.96963272      0.00014487     83.23554039      0.03220462      1.85171868      0.99982366      0.75788815      0.46661526      0.46661526      0.59168295      0.98812853      3.40000000    -10.00000000
    -30.40133779      0.00000000      0.00000000      0.00000000      0.00000000      0.01928440      3.01809053      0.00014011     85.25135221      0.03247766      1.85615395      0.99982366      0.75881957      0.46690564      0.46690564      0.59169402      0.98840598      3.40000000    -10.00000000
    -30.56856187      0.00000000      0.00000000      0.00000000      0.00000000      0.01848887      3.06655210      0.00013558     87.20341507      0.03277847      1.86044544      0.99982366      0.75967861      0.46720209      0.46720209      0.59167913      0.98866257      3.40000000    -10.00000000
    -30.73578595      0.00000000      0.00000000      0.00000000      0.00000000      0.01772110      3.11502903      0.00013116     89.14824976      0.03308513      1.86459666      0.99982366      0.76046693      0.46750370      0.46750370      0.59163931      0.98890716      3.40000000    -10.00000000
    -30.90301003      0.00000000      0.00000000      0.00000000      0.00000000      0.01698056      3.16351077      0.00012695     91.02876091      0.03341808      1.86861114      0.99982366      0.76118795      0.46781021      0.46781021      0.59157705      0.98913383      3.40000000    -10.00000000
    -31.07023411      0.00000000      0.00000000      0.00000000      0.00000000      0.01626669      3.21200049      0.00012289     92.86136774      0.03377051      1.87249244      0.99982366      0.76183933      0.46812007      0.46812007      0.59148956      0.98934599      3.40000000    -10.00000000
    -31.23745819      0.00000000      0.00000000      0.00000000      0.00000000      0.01557891      3.26049813      0.00011899     94.64507310      0.03414219      1.87624410      0.99982366      0.76242787      0.46843329      0.46843329      0.59138199      0.98954468      3.40000000    -10.00000000
    -31.40468227      0.00000000      0.00000000      0.00000000      0.00000000      0.01491661      3.30900367      0.00011524     96.37916401      0.03453288      1.87986967      0.99982366      0.76295321      0.46874899      0.46874899      0.59125357      0.98973086      3.40000000    -10.00000000
    -31.57190635      0.00000000      0.00000000      0.00000000      0.00000000      0.01427915      3.35751710      0.00011162     98.06322220      0.03494233      1.88337269      0.99982366      0.76341629      0.46906672      0.46906672      0.59110572      0.98990544      3.40000000    -10.00000000
    -31.73913043      0.00000000      0.00000000      0.00000000      0.00000000      0.01366591      3.40603874      0.00010813     99.69812465      0.03536989      1.88675666      0.99982366      0.76382786      0.46938575      0.46938575      0.59093892      0.99006933      3.40000000    -10.00000000
    -31.90635452      0.00000000      0.00000000      0.00000000      0.00000000      0.01307624      3.45456662      0.00010478    101.27452764      0.03581859      1.89002506      0.99982366      0.76417214      0.46970549      0.46970549      0.59075497      0.99022239      3.40000000    -10.00000000
    -32.07357860      0.00000000      0.00000000      0.00000000      0.00000000      0.01250946      3.50310442      0.00010153    102.81462734      0.03628046      1.89318134      0.99982366      0.76451062      0.47002523      0.47002523      0.59055414      0.99036745      3.40000000    -10.00000000
    -32.24080268      0.00000000      0.00000000      0.00000000      0.00000000      0.01196493      3.55164906      0.00009840    104.29889612      0.03676223      1.89622890      0.99982366      0.76470269      0.47034219      0.47034219      0.59034029      0.99050322      3.40000000    -10.00000000
    -32.40802676      0.00000000      0.00000000      0.00000000      0.00000000      0.01144197      3.60020055      0.00009538    105.72874453      0.03726334      1.89917110      0.99982366      0.76489480      0.47066426      0.47066426      0.59010443      0.99063045      3.40000000    -10.00000000
    -32.57525084      0.00000000      0.00000000      0.00000000      0.00000000      0.01093993      3.64876085      0.00009246    107.11986321      0.03777829      1.90201124      0.99982366      0.76503589      0.47098555      0.47098555      0.58985973      0.99075101      3.40000000    -10.00000000
    -32.74247492      0.00000000      0.00000000      0.00000000      0.00000000      0.01045814      3.69732792      0.00008963    108.45827364      0.03831199      1.90475255      0.99982366      0.76512826      0.47130566      0.47130566      0.58961280      0.99086410      3.40000000    -10.00000000
    -32.90969900      0.00000000      0.00000000      0.00000000      0.00000000      0.00999594      3.74590176      0.00008691    109.74792826      0.03886315      1.90739824      0.99982366      0.76517583      0.47162433      0.47162433      0.58932891      0.99097049      3.40000000    -10.00000000
    -33.07692308      0.00000000      0.00000000      0.00000000      0.00000000      0.00955269      3.79448166      0.00008426    110.99323198      0.03943029      1.90995143      0.99982366      0.76517815      0.47194126      0.47194126      0.58928410      0.99107089      3.40000000    -10.00000000
    -33.24414716      0.00000000      0.00000000      0.00000000      0.00000000      0.00912775      3.84306866      0.00008171    112.18761002      0.04001593      1.91241516      0.99982366      0.76514084      0.47225616      0.47225616      0.58875089      0.99116511      3.40000000    -10.00000000
    -33.41137124      0.00000000      0.00000000      0.00000000      0.00000000      0.00872047      3.89166167      0.00007924    113.33492452      0.04061888      1.91479244      0.99982366      0.76505612      0.47256880      0.47256880      0.58844582      0.99125377      3.40000000    -10.00000000
    -33.57859532      0.00000000      0.00000000      0.00000000      0.00000000      0.00833025      3.94026031      0.00007685    114.43533946      0.04123929      1.91708619      0.99982366      0.76493542      0.47287892      0.47287892      0.58813097      0.99133714      3.40000000    -10.00000000
    -33.74581940      0.00000000      0.00000000      0.00000000      0.00000000      0.00795646      3.98886458      0.00007454    115.48670434      0.04187821      1.91929925      0.99982366      0.76478595      0.47318635      0.47318635      0.58780705      0.99141533      3.40000000    -10.00000000
    -33.91304348      0.00000000      0.00000000      0.00000000      0.00000000      0.00759852      4.03747267      0.00007230    116.49583739      0.04253342      1.92143442      0.99982366      0.76458809      0.47349085      0.47349085      0.58747472      0.99148906      3.40000000    -10.00000000
    -34.08026756      0.00000000      0.00000000      0.00000000      0.00000000      0.00725583      4.08608545      0.00007014    117.45597519      0.04320771      1.92349439      0.99982366      0.76434963      0.47379224      0.47379224      0.58713466      0.99155805      3.40000000    -10.00000000
    -34.24749164      0.00000000      0.00000000      0.00000000      0.00000000      0.00692782      4.13470195      0.00006804    118.36930824      0.04390064      1.92548180      0.99982366      0.76408327      0.47409037      0.47409037      0.58678724      0.99162264      3.40000000    -10.00000000
    -34.41471572      0.00000000      0.00000000      0.00000000      0.00000000      0.00661395      4.18332162      0.00006601    119.23573065      0.04461261      1.92739921      0.99982366      0.76378548      0.47438504      0.47438504      0.58643301      0.99168300      3.40000000    -10.00000000
    -34.58193980      0.00000000      0.00000000      0.00000000      0.00000000      0.00631365      4.23194392      0.00006405    120.05507252      0.04534410      1.92924912      0.99982366      0.76345625      0.47467599      0.47467599      0.58607289      0.99173930      3.40000000    -10.00000000
    -34.74916388      0.00000000      0.00000000      0.00000000      0.00000000      0.00602642      4.28056830      0.00006214    120.82731529      0.04609558      1.93103393      0.99982366      0.76309699      0.47496284      0.47496284      0.58570630      0.99179166      3.40000000    -10.00000000
    -34.91638796      0.00000000      0.00000000      0.00000000      0.00000000      0.00575172      4.32919414      0.00006031    121.55211195      0.04686764      1.93275600      0.99982366      0.76285667      0.47524376      0.47524376      0.58532364      0.99184021      3.40000000    -10.00000000
    -35.08361204      0.00000000      0.00000000      0.00000000      0.00000000      0.00548907      4.37782109      0.00005853    122.22834776      0.04766127      1.93441760      0.99982366      0.76229689      0.47552573      0.47552573      0.58495892      0.99188498      3.40000000    -10.00000000
    -35.25083612      0.00000000      0.00000000      0.00000000      0.00000000      0.00523798      4.42644809      0.00005680    122.85793342      0.04847625      1.93602093      0.99982366      0.76185564      0.47580362      0.47580362      0.58457796      0.99192623      3.40000000    -10.00000000
    -35.41806020      0.00000000      0.00000000      0.00000000      0.00000000      0.00499799      4.47507470      0.00005514    123.43935742      0.04931380      1.93756813      0.99982366      0.76144597      0.47607679      0.47607679      0.58419351      0.99196396      3.40000000    -10.00000000
    -35.58528428      0.00000000      0.00000000      0.00000000      0.00000000      0.00476863      4.52370032      0.00005353    123.97382300      0.05017405      1.93906125      0.99982366      0.76090127      0.47634580      0.47634580      0.58380514      0.99199832      3.40000000    -10.00000000
    -35.75250836      0.00000000      0.00000000      0.00000000      0.00000000      0.00454948      4.57232450      0.00005197    124.45895052      0.05105867      1.94050231      0.99982366      0.76039350      0.47661437      0.47661437      0.58341373      0.99202927      3.40000000    -10.00000000
    -35.91973244      0.00000000      0.00000000      0.00000000      0.00000000      0.00434012      4.62094648      0.00005046    124.89565826      0.05196800      1.94189322      0.99982366      0.75970757      0.47687900      0.47687900      0.58320323      0.99205691      3.40000000    -10.00000000
    -36.08695652      0.00000000      0.00000000      0.00000000      0.00000000      0.00414012      4.66956564      0.00004900    125.28386727      0.05290288      1.94323586      0.99982366      0.75931121      0.47713966      0.47713966      0.58262271      0.99208133      3.40000000    -10.00000000
    -36.25418060      0.00000000      0.00000000      0.00000000      0.00000000      0.00394910      4.71818132      0.00004759    125.62344397      0.05386418      1.94453203      0.99982366      0.75874321      0.47739639      0.47739639      0.58222374      0.99210257      3.40000000    -10.00000000
    -36.42140468      0.00000000      0.00000000      0.00000000      0.00000000      0.00376668      4.76679289      0.00004622    125.91426483      0.05485284      1.94578347      0.99982366      0.75816169      0.47764915      0.47764915      0.58182291      0.99212067      3.40000000    -10.00000000
    -36.58862876      0.00000000      0.00000000      0.00000000      0.00000000      0.00359249      4.81539971      0.00004490    126.15645591      0.05586975      1.94699186      0.99982366      0.75754981      0.47789799      0.47789799      0.58142019      0.99213567      3.40000000    -10.00000000
    -36.75585284      0.00000000      0.00000000      0.00000000      0.00000000      0.00342618      4.86400111      0.00004362    126.34996849      0.05691591      1.94815882      0.99982366      0.75690843      0.47814283      0.47814283      0.58101694      0.99214762      3.40000000    -10.00000000
    -36.92307692      0.00000000      0.00000000      0.00000000      0.00000000      0.00326742      4.91259644      0.00004239    126.49488388      0.05799235      1.94928591      0.99982366      0.75628482      0.47838390      0.47838390      0.58061152      0.99215655      3.40000000    -10.00000000
    -37.09030100      0.00000000      0.00000000      0.00000000      0.00000000      0.00311587      4.96118504      0.00004120    126.59129399      0.05910014      1.95037465      0.99982366      0.75563047      0.47862102      0.47862102      0.58020564      0.99216247      3.40000000    -10.00000000
    -37.25752508      0.00000000      0.00000000      0.00000000      0.00000000      0.00297122      5.00976622      0.00004004    126.63932958      0.06024040      1.95142648      0.99982366      0.75496073      0.47885430      0.47885430      0.57979993      0.99216542      3.40000000    -10.00000000
    -37.42474916      0.00000000      0.00000000      0.00000000      0.00000000      0.00283316      5.05833934      0.00003892    126.63923338      0.06141425      1.95244281      0.99982366      0.75428148      0.47908376      0.47908376      0.57939339      0.99216542      3.40000000    -10.00000000
    -37.59197324      0.00000000      0.00000000      0.00000000      0.00000000      0.00270142      5.10690369      0.00003785    126.59126168      0.06262289      1.95342498      0.99982366      0.75358460      0.47930945      0.47930945      0.57898657      0.99216247      3.40000000    -10.00000000
    -37.75919732      0.00000000      0.00000000      0.00000000      0.00000000      0.00257572      5.15545858      0.00003680    126.49558377      0.06386762      1.95437430      0.99982366      0.75287689      0.47953140      0.47953140      0.57857982      0.99215659      3.40000000    -10.00000000
    -37.92642140      0.00000000      0.00000000      0.00000000      0.00000000      0.00245578      5.20400331      0.00003579    126.35264775      0.06514968      1.95529201      0.99982366      0.75215893      0.47974963      0.47974963      0.57817314      0.99214779      3.40000000    -10.00000000
    -38.09364548      0.00000000      0.00000000      0.00000000      0.00000000      0.00234135      5.25253719      0.00003482    126.16280366      0.06647042      1.95617932      0.99982366      0.75143369      0.47996422      0.47996422      0.57776727      0.99213607      3.40000000    -10.00000000
    -38.26086957      0.00000000      0.00000000      0.00000000      0.00000000      0.00223218      5.30105949      0.00003387    125.92649414      0.06783124      1.95703739      0.99982366      0.75068991      0.48017519      0.48017519      0.57736193      0.99212142      3.40000000    -10.00000000
    -38.42809365      0.00000000      0.00000000      0.00000000      0.00000000      0.00212805      5.34956948      0.00003296    125.64419134      0.06923358      1.95786732      0.99982366      0.74994184      0.48038258      0.48038258      0.57695695      0.99210386      3.40000000    -10.00000000
    -38.59531773      0.00000000      0.00000000      0.00000000      0.00000000      0.00202872      5.39806643      0.00003208    125.31640424      0.07067894      1.95867020      0.99982366      0.74918430      0.48058648      0.48058648      0.57656062      0.99208337      3.40000000    -10.00000000
    -38.76254181      0.00000000      0.00000000      0.00000000      0.00000000      0.00193398      5.44654958      0.00003122    124.94372297      0.07216888      1.95944705      0.99982366      0.74841894      0.48078689      0.48078689      0.57615010      0.99205995      3.40000000    -10.00000000
    -38.92976589      0.00000000      0.00000000      0.00000000      0.00000000      0.00184362      5.49501818      0.00003040    124.52676636      0.07370502      1.96019887      0.99982366      0.74764490      0.48098390      0.48098390      0.57574828      0.99203357      3.40000000    -10.00000000
    -39.09698997      0.00000000      0.00000000      0.00000000      0.00000000      0.00175744      5.54347144      0.00002960    124.06620794      0.07528902      1.96092660      0.99982366      0.74686417      0.48117753      0.48117753      0.57534788      0.99200424      3.40000000    -10.00000000
    -39.26421405      0.00000000      0.00000000      0.00000000      0.00000000      0.00167526      5.59190859      0.00002883    123.56274670      0.07692262      1.96163117      0.99982366      0.74608229      0.48136785      0.48136785      0.57494789      0.99197192      3.40000000    -10.00000000
    -39.43143813      0.00000000      0.00000000      0.00000000      0.00000000      0.00159689      5.64032880      0.00002808    123.01714106      0.07860763      1.96231345      0.99982366      0.74502375      0.48155488      0.48155488      0.57445744      0.99193660      3.40000000    -10.00000000
    -39.59866221      0.00000000      0.00000000      0.00000000      0.00000000      0.00152217      5.68873127      0.00002736    122.43017517      0.08034593      1.96297429      0.99982366      0.74448378      0.48173876      0.48173876      0.57458969      0.99189825      3.40000000    -10.00000000
    -39.76588629      0.00000000      0.00000000      0.00000000      0.00000000      0.00145091      5.73711515      0.00002666    121.80268795      0.08213945      1.96361451      0.99982366      0.74367909      0.48191946      0.48191946      0.57376053      0.99185686      3.40000000    -10.00000000
    -39.93311037      0.00000000      0.00000000      0.00000000      0.00000000      0.00138298      5.78547959      0.00002599    121.13556545      0.08399019      1.96423488      0.99982366      0.74286719      0.48209705      0.48209705      0.57336708      0.99181238      3.40000000    -10.00000000
    -40.10033445      0.00000000      0.00000000      0.00000000      0.00000000      0.00131820      5.83382371      0.00002533    120.42972181      0.08590025      1.96483616      0.99982366      0.74205571      0.48227160      0.48227160      0.57297596      0.99176478      3.40000000    -10.00000000
    -40.26755853      0.00000000      0.00000000      0.00000000      0.00000000      0.00125645      5.88214663      0.00002470    119.68608184      0.08787181      1.96541907      0.99982366      0.74123816      0.48244316      0.48244316      0.57258713      0.99171404      3.40000000    -10.00000000
    -40.43478261      0.00000000      0.00000000      0.00000000      0.00000000      0.00119757      5.93044742      0.00002409    118.90564907      0.08990709      1.96598429      0.99982366      0.74041572      0.48261179      0.48261179      0.57220073      0.99166011      3.40000000    -10.00000000
    -40.60200669      0.00000000      0.00000000      0.00000000      0.00000000      0.00114145      5.97872516      0.00002349    118.08943140      0.09200844      1.96653251      0.99982366      0.73958712      0.48277752      0.48277752      0.57181533      0.99160295      3.40000000    -10.00000000
    -40.76923077      0.00000000      0.00000000      0.00000000      0.00000000      0.00108794      6.02697888      0.00002292    117.23847550      0.09417827      1.96706434      0.99982366      0.73876346      0.48294043      0.48294043      0.57143225      0.99154252      3.40000000    -10.00000000
    -40.93645485      0.00000000      0.00000000      0.00000000      0.00000000      0.00103693      6.07520761      0.00002237    116.35385569      0.09641908      1.96758042      0.99982366      0.73793282      0.48310055      0.48310055      0.57105123      0.99147876      3.40000000    -10.00000000
    -41.10367893      0.00000000      0.00000000      0.00000000      0.00000000      0.00098831      6.12341032      0.00002183    115.43666615      0.09873348      1.96808132      0.99982366      0.73710042      0.48325795      0.48325795      0.57067281      0.99141164      3.40000000    -10.00000000
    -41.27090301      0.00000000      0.00000000      0.00000000      0.00000000      0.00094196      6.17158600      0.00002131    114.48803054      0.10112418      1.96856761      0.99982366      0.73626556      0.48341268      0.48341268      0.57029636      0.99134109      3.40000000    -10.00000000
    -41.43812709      0.00000000      0.00000000      0.00000000      0.00000000      0.00089779      6.21973359      0.00002081    113.50910616      0.10359394      1.96903984      0.99982366      0.73542213      0.48356478      0.48356478      0.56992225      0.99126707      3.40000000    -10.00000000
    -41.60535117      0.00000000      0.00000000      0.00000000      0.00000000      0.00085567      6.26785198      0.00002032    112.50103933      0.10614571      1.96949853      0.99982366      0.73459160      0.48371431      0.48371431      0.56955034      0.99118951      3.40000000    -10.00000000
    -41.77257525      0.00000000      0.00000000      0.00000000      0.00000000      0.00081554      6.31594008      0.00001985    111.46502049      0.10878247      1.96994418      0.99982366      0.73375224      0.48386132      0.48386132      0.56918090      0.99110835      3.40000000    -10.00000000
    -41.93979933      0.00000000      0.00000000      0.00000000      0.00000000      0.00077728      6.36399672      0.00001939    110.40224785      0.11150735      1.97037726      0.99982366      0.73291450      0.48400585      0.48400585      0.56881383      0.99102352      3.40000000    -10.00000000
    -42.10702341      0.00000000      0.00000000      0.00000000      0.00000000      0.00074082      6.41202073      0.00001895    109.31393034      0.11432359      1.97079825      0.99982366      0.73207265      0.48414797      0.48414797      0.56844944      0.99093496      3.40000000    -10.00000000
    -42.27424749      0.00000000      0.00000000      0.00000000      0.00000000      0.00070606      6.46001090      0.00001852    108.20128675      0.11723454      1.97120757      0.99982366      0.73122520      0.48428771      0.48428771      0.56807587      0.99084260      3.40000000    -10.00000000
    -42.44147157      0.00000000      0.00000000      0.00000000      0.00000000      0.00067294      6.50796598      0.00001810    107.06554191      0.12024370      1.97160567      0.99982366      0.73039098      0.48442512      0.48442512      0.56772691      0.99074636      3.40000000    -10.00000000
    -42.60869565      0.00000000      0.00000000      0.00000000      0.00000000      0.00064137      6.55588468      0.00001770    105.90793331      0.12335468      1.97199295      0.99982366      0.72955021      0.48456026      0.48456026      0.56736967      0.99064616      3.40000000    -10.00000000
    -42.77591973      0.00000000      0.00000000      0.00000000      0.00000000      0.00061128      6.60376568      0.00001731    104.72969114      0.12657123      1.97236979      0.99982366      0.72870957      0.48469316      0.48469316      0.56701452      0.99054192      3.40000000    -10.00000000
    -42.94314381      0.00000000      0.00000000      0.00000000      0.00000000      0.00058260      6.65160762      0.00001693    103.53206142      0.12989723      1.97273659      0.99982366      0.72786949      0.48482387      0.48482387      0.56666215      0.99043356      3.40000000    -10.00000000
    -43.11036789      0.00000000      0.00000000      0.00000000      0.00000000      0.00055528      6.69940911      0.00001656    102.31627827      0.13333672      1.97309369      0.99982366      0.72703000      0.48495245      0.48495245      0.56631224      0.99032098      3.40000000    -10.00000000
    -43.27759197      0.00000000      0.00000000      0.00000000      0.00000000      0.00052923      6.74716869      0.00001621    101.08357616      0.13689388      1.97344144      0.99982366      0.72619264      0.48507892      0.48507892      0.56596456      0.99020410      3.40000000    -10.00000000
    -43.44481605      0.00000000      0.00000000      0.00000000      0.00000000      0.00050441      6.79488545      0.00001586     99.83602608      0.14057190      1.97378019      0.99982366      0.72535464      0.48520333      0.48520333      0.56562001      0.99008291      3.40000000    -10.00000000
    -43.61204013      0.00000000      0.00000000      0.00000000      0.00000000      0.00048075      6.84255615      0.00001553     98.57232517      0.14437874      1.97411024      0.99982366      0.72451801      0.48532574      0.48532574      0.56527760      0.98995705      3.40000000    -10.00000000
    -43.77926421      0.00000000      0.00000000      0.00000000      0.00000000      0.00045821      6.89018092      0.00001520     97.29621103      0.14831560      1.97443191      0.99982366      0.72368309      0.48544617      0.48544617      0.56493785      0.98982667      3.40000000    -10.00000000
    -43.94648829      0.00000000      0.00000000      0.00000000      0.00000000      0.00043672      6.93775756      0.00001489     96.00804503      0.15238847      1.97474549      0.99982366      0.72285016      0.48556467      0.48556467      0.56460038      0.98969158      3.40000000    -10.00000000
    -44.11371237      0.00000000      0.00000000      0.00000000      0.00000000      0.00041625      6.98528440      0.00001458     94.70901533      0.15660239      1.97505126      0.99982366      0.72201613      0.48568128      0.48568128      0.56426579      0.98955166      3.40000000    -10.00000000
    -44.28093645      0.00000000      0.00000000      0.00000000      0.00000000      0.00039673      7.03275970      0.00001429     93.40029718      0.16096254      1.97534950      0.99982366      0.72115909      0.48579603      0.48579603      0.56395929      0.98940681      3.40000000    -10.00000000
    -44.44816054      0.00000000      0.00000000      0.00000000      0.00000000      0.00037814      7.08018169      0.00001400     92.08305035      0.16547432      1.97564047      0.99982366      0.72035505      0.48590897      0.48590897      0.56360321      0.98925691      3.40000000    -10.00000000
    -44.61538462      0.00000000      0.00000000      0.00000000      0.00000000      0.00036042      7.12754851      0.00001372     90.75841419      0.17014335      1.97592442      0.99982366      0.71953059      0.48602014      0.48602014      0.56327663      0.98910182      3.40000000    -10.00000000
    -44.78260870      0.00000000      0.00000000      0.00000000      0.00000000      0.00034353      7.17485827      0.00001345     89.42751091      0.17497541      1.97620159      0.99982366      0.71870610      0.48612958      0.48612958      0.56295168      0.98894142      3.40000000    -10.00000000
    -44.94983278      0.00000000      0.00000000      0.00000000      0.00000000      0.00032743      7.22210902      0.00001318     88.09144133      0.17997653      1.97647220      0.99982366      0.71788375      0.48623729      0.48623729      0.56263010      0.98877558      3.40000000    -10.00000000
    -45.11705686      0.00000000      0.00000000      0.00000000      0.00000000      0.00031210      7.26929872      0.00001293     86.75128291      0.18515295      1.97673649      0.99982366      0.71706331      0.48634335      0.48634335      0.56231024      0.98860416      3.40000000    -10.00000000
    -45.28428094      0.00000000      0.00000000      0.00000000      0.00000000      0.00029748      7.31642529      0.00001268     85.40809606      0.19051113      1.97699467      0.99982366      0.71624396      0.48644777      0.48644777      0.56199299      0.98842701      3.40000000    -10.00000000
    -45.45150502      0.00000000      0.00000000      0.00000000      0.00000000      0.00028355      7.36348659      0.00001244     84.06290747      0.19605779      1.97724695      0.99982366      0.71543137      0.48655060      0.48655060      0.56167843      0.98824399      3.40000000    -10.00000000
    -45.61872910      0.00000000      0.00000000      0.00000000      0.00000000      0.00027028      7.41048038      0.00001220     82.71672302      0.20179988      1.97749351      0.99982366      0.71469427      0.48665186      0.48665186      0.56136623      0.98805496      3.40000000    -10.00000000
    -45.78595318      0.00000000      0.00000000      0.00000000      0.00000000      0.00025763      7.45740437      0.00001197     81.37052525      0.20774462      1.97773455      0.99982366      0.71380879      0.48675158      0.48675158      0.56111871      0.98785974      3.40000000    -10.00000000
    -45.95317726      0.00000000      0.00000000      0.00000000      0.00000000      0.00024557      7.50425620      0.00001175     80.02526502      0.21389946      1.97797025      0.99982366      0.71300874      0.48684981      0.48684981      0.56074860      0.98765817      3.40000000    -10.00000000
    -46.12040134      0.00000000      0.00000000      0.00000000      0.00000000      0.00023408      7.55103342      0.00001153     78.68186977      0.22027217      1.97820080      0.99982366      0.71219724      0.48694656      0.48694656      0.56044449      0.98745009      3.40000000    -10.00000000
    -46.28762542      0.00000000      0.00000000      0.00000000      0.00000000      0.00022313      7.59773349      0.00001132     77.34123223      0.22687076      1.97842634      0.99982366      0.71139570      0.48704187      0.48704187      0.56014202      0.98723533      3.40000000    -10.00000000
    -46.45484950      0.00000000      0.00000000      0.00000000      0.00000000      0.00021270      7.64435382      0.00001112     76.00422089      0.23370358      1.97864706      0.99982366      0.71059744      0.48713577      0.48713577      0.55984268      0.98701370      3.40000000    -10.00000000
    -46.62207358      0.00000000      0.00000000      0.00000000      0.00000000      0.00020276      7.69089172      0.00001092     74.67167385      0.24077923      1.97886310      0.99982366      0.70980170      0.48722829      0.48722829      0.55954463      0.98678502      3.40000000    -10.00000000
    -46.78929766      0.00000000      0.00000000      0.00000000      0.00000000      0.00019328      7.73734440      0.00001073     73.34439718      0.24810666      1.97907461      0.99982366      0.70900933      0.48731946      0.48731946      0.55925040      0.98654909      3.40000000    -10.00000000
    -46.95652174      0.00000000      0.00000000      0.00000000      0.00000000      0.00018425      7.78370899      0.00001054     72.02316872      0.25569514      1.97928173      0.99982366      0.70821979      0.48740930      0.48740930      0.55895671      0.98630572      3.40000000    -10.00000000
    -47.12374582      0.00000000      0.00000000      0.00000000      0.00000000      0.00017564      7.82998253      0.00001036     70.70873442      0.26355425      1.97948462      0.99982366      0.70743392      0.48749784      0.48749784      0.55866691      0.98605470      3.40000000    -10.00000000
    -47.29096990      0.00000000      0.00000000      0.00000000      0.00000000      0.00016744      7.87616196      0.00001018     69.40181093      0.27169396      1.97968339      0.99982366      0.70665117      0.48758510      0.48758510      0.55838021      0.98579582      3.40000000    -10.00000000
    -47.45819398      0.00000000      0.00000000      0.00000000      0.00000000      0.00015962      7.92224411      0.00001000     68.10308262      0.28012455      1.97987817      0.99982366      0.70587027      0.48767113      0.48767113      0.55821268      0.98552887      3.40000000    -10.00000000
    -47.62541806      0.00000000      0.00000000      0.00000000      0.00000000      0.00015217      7.96822571      0.00000983     66.81320388      0.28885671      1.98006910      0.99982366      0.70509488      0.48775591      0.48775591      0.55780906      0.98525361      3.40000000    -10.00000000
    -47.79264214      0.00000000      0.00000000      0.00000000      0.00000000      0.00014508      8.01410340      0.00000967     65.53279812      0.29790149      1.98025628      0.99982366      0.70432160      0.48783953      0.48783953      0.55752731      0.98496982      3.40000000    -10.00000000
    -47.95986622      0.00000000      0.00000000      0.00000000      0.00000000      0.00013831      8.05987370      0.00000951     64.26245841      0.30727034      1.98043983      0.99982366      0.70355220      0.48792197      0.48792197      0.55724913      0.98467726      3.40000000    -10.00000000
    -48.12709030      0.00000000      0.00000000      0.00000000      0.00000000      0.00013186      8.10553299      0.00000935     63.00274722      0.31697512      1.98061987      0.99982366      0.70278595      0.48800324      0.48800324      0.55697252      0.98437567      3.40000000    -10.00000000
    -48.29431438      0.00000000      0.00000000      0.00000000      0.00000000      0.00012572      8.15107674      0.00000920     61.75446637      0.32702662      1.98079649      0.99982366      0.70202210      0.48808343      0.48808343      0.55671929      0.98406488      3.40000000    -10.00000000
    -48.46153846      0.00000000      0.00000000      0.00000000      0.00000000      0.00011986      8.19650464      0.00000905     60.51777367      0.33743952      1.98096981      0.99982366      0.70126350      0.48816245      0.48816245      0.55642580      0.98374454      3.40000000    -10.00000000
    -48.62876254      0.00000000      0.00000000      0.00000000      0.00000000      0.00011428      8.24180713      0.00000890     59.29255742      0.34823003      1.98113990      0.99982366      0.70050795      0.48824041      0.48824041      0.55615825      0.98341420      3.40000000    -10.00000000
    -48.79598662      0.00000000      0.00000000      0.00000000      0.00000000      0.00010896      8.28698404      0.00000876     58.08038744      0.35940574      1.98130688      0.99982366      0.69975600      0.48831732      0.48831732      0.55588818      0.98307391      3.40000000    -10.00000000
    -48.96321070      0.00000000      0.00000000      0.00000000      0.00000000      0.00010389      8.33203013      0.00000862     56.88120852      0.37098330      1.98147084      0.99982366      0.69900732      0.48839319      0.48839319      0.55562279      0.98272324      3.40000000    -10.00000000
    -49.13043478      0.00000000      0.00000000      0.00000000      0.00000000      0.00009905      8.37694101      0.00000849     55.69541378      0.38297726      1.98163185      0.99982366      0.69826169      0.48846804      0.48846804      0.55535943      0.98236189      3.40000000    -10.00000000
    -49.29765886      0.00000000      0.00000000      0.00000000      0.00000000      0.00009445      8.42171219      0.00000835     54.52336026      0.39540275      1.98179000      0.99982366      0.69752064      0.48854189      0.48854189      0.55509829      0.98198956      3.40000000    -10.00000000
    -49.46488294      0.00000000      0.00000000      0.00000000      0.00000000      0.00009006      8.46633900      0.00000823     53.36538053      0.40827539      1.98194538      0.99982366      0.69678285      0.48861476      0.48861476      0.55483898      0.98160594      3.40000000    -10.00000000
    -49.63210702      0.00000000      0.00000000      0.00000000      0.00000000      0.00008587      8.51081664      0.00000810     52.22178030      0.42161136      1.98209807      0.99982366      0.69589077      0.48868668      0.48868668      0.55458192      0.98121070      3.40000000    -10.00000000
    -49.79933110      0.00000000      0.00000000      0.00000000      0.00000000      0.00008189      8.55514015      0.00000798     51.09283999      0.43542737      1.98224813      0.99982366      0.69531666      0.48875764      0.48875764      0.55432675      0.98080350      3.40000000    -10.00000000
    -49.96655518      0.00000000      0.00000000      0.00000000      0.00000000      0.00007808      8.59930414      0.00000786     49.97886310      0.44974025      1.98239564      0.99982366      0.69458954      0.48882769      0.48882769      0.55407402      0.98038403      3.40000000    -10.00000000
    -50.13377926      0.00000000      0.00000000      0.00000000      0.00000000      0.00007446      8.64330410      0.00000774     48.87993139      0.46456930      1.98254068      0.99982366      0.69386607      0.48889683      0.48889683      0.55382313      0.97995186      3.40000000    -10.00000000
    -50.30100334      0.00000000      0.00000000      0.00000000      0.00000000      0.00007101      8.68713379      0.00000762     47.79639970      0.47993160      1.98268330      0.99982366      0.69314613      0.48896508      0.48896508      0.55357409      0.97950668      3.40000000    -10.00000000
    -50.46822742      0.00000000      0.00000000      0.00000000      0.00000000      0.00006772      8.73078783      0.00000751     46.72840405      0.49584670      1.98282358      0.99982366      0.69242988      0.48903246      0.48903246      0.55332751      0.97904812      3.40000000    -10.00000000
    -50.63545151      0.00000000      0.00000000      0.00000000      0.00000000      0.00006458      8.77426023      0.00000740     45.67612668      0.51233410      1.98296158      0.99982366      0.69171718      0.48909898      0.48909898      0.55308249      0.97857577      3.40000000    -10.00000000
    -50.80267559      0.00000000      0.00000000      0.00000000      0.00000000      0.00006159      8.81754547      0.00000729     44.63963561      0.52941505      1.98309735      0.99982366      0.69090912      0.48916466      0.48916466      0.55283912      0.97808922      3.40000000    -10.00000000
    -50.96989967      0.00000000      0.00000000      0.00000000      0.00000000      0.00005874      8.86063686      0.00000719     43.61912113      0.54710978      1.98323096      0.99982366      0.69029109      0.48922952      0.48922952      0.55214149      0.97758808      3.40000000    -10.00000000
    -51.13712375      0.00000000      0.00000000      0.00000000      0.00000000      0.00005602      8.90352806      0.00000709     42.61467058      0.56544014      1.98336247      0.99982366      0.68960158      0.48929357      0.48929357      0.55217444      0.97707194      3.40000000    -10.00000000
    -51.30434783      0.00000000      0.00000000      0.00000000      0.00000000      0.00005343      8.94621269      0.00000699     41.62633269      0.58442905      1.98349192      0.99982366      0.68890353      0.48935683      0.48935683      0.55220694      0.97654032      3.40000000    -10.00000000
    -51.47157191      0.00000000      0.00000000      0.00000000      0.00000000      0.00005096      8.98868380      0.00000689     40.65418388      0.60409949      1.98361937      0.99982366      0.68820944      0.48941931      0.48941931      0.55188771      0.97599281      3.40000000    -10.00000000
    -51.63879599      0.00000000      0.00000000      0.00000000      0.00000000      0.00004861      9.03093438      0.00000679     39.69826577      0.62447542      1.98374487      0.99982366      0.68751841      0.48948103      0.48948103      0.55165388      0.97542893      3.40000000    -10.00000000
    -51.80602007      0.00000000      0.00000000      0.00000000      0.00000000      0.00004637      9.07295716      0.00000670     38.75860284      0.64558156      1.98386848      0.99982366      0.68683246      0.48954199      0.48954199      0.55143412      0.97484821      3.40000000    -10.00000000
    -51.97324415      0.00000000      0.00000000      0.00000000      0.00000000      0.00004423      9.11474466      0.00000660     37.83520290      0.66744342      1.98399023      0.99982366      0.68614360      0.48960222      0.48960222      0.55119346      0.97425017      3.40000000    -10.00000000
    -52.14046823      0.00000000      0.00000000      0.00000000      0.00000000      0.00004219      9.15628916      0.00000651     36.92805813      0.69008730      1.98411018      0.99982366      0.68546969      0.48966173      0.48966173      0.55096585      0.97363429      3.40000000    -10.00000000
    -52.30769231      0.00000000      0.00000000      0.00000000      0.00000000      0.00004025      9.19758269      0.00000642     36.03714544      0.71354034      1.98422836      0.99982366      0.68479300      0.48972052      0.48972052      0.55073974      0.97300008      3.40000000    -10.00000000
    -52.47491639      0.00000000      0.00000000      0.00000000      0.00000000      0.00003839      9.23861705      0.00000634     35.16242789      0.73783047      1.98434483      0.99982366      0.68412100      0.48977863      0.48977863      0.55051589      0.97234699      3.40000000    -10.00000000
    -52.64214047      0.00000000      0.00000000      0.00000000      0.00000000      0.00003663      9.27938378      0.00000625     34.30385466      0.76298651      1.98445962      0.99982366      0.68345228      0.48983604      0.48983604      0.55029356      0.97167448      3.40000000    -10.00000000
    -52.80936455      0.00000000      0.00000000      0.00000000      0.00000000      0.00003494      9.31987413      0.00000617     33.46136087      0.78903815      1.98457277      0.99982366      0.68278719      0.48989278      0.48989278      0.55007245      0.97098199      3.40000000    -10.00000000
    -52.97658863      0.00000000      0.00000000      0.00000000      0.00000000      0.00003334      9.36007913      0.00000609     32.63487142      0.81601594      1.98468433      0.99982366      0.68212579      0.48994887      0.48994887      0.54985427      0.97026895      3.40000000    -10.00000000
    -53.14381271      0.00000000      0.00000000      0.00000000      0.00000000      0.00003181      9.39998949      0.00000601     31.82429809      0.84395135      1.98479432      0.99982366      0.68146786      0.49000430      0.49000430      0.54963648      0.96953476      3.40000000    -10.00000000
    -53.31103679      0.00000000      0.00000000      0.00000000      0.00000000      0.00003035      9.43959560      0.00000593     31.02953538      0.87287693      1.98490279      0.99982366      0.68081433      0.49005910      0.49005910      0.54942110      0.96877882      3.40000000    -10.00000000
    -53.47826087      0.00000000      0.00000000      0.00000000      0.00000000      0.00002896      9.47888781      0.00000585     30.25049465      0.90282545      1.98500977      0.99982366      0.68016320      0.49011327      0.49011327      0.54920720      0.96800051      3.40000000    -10.00000000
    -53.64548495      0.00000000      0.00000000      0.00000000      0.00000000      0.00002763      9.51785577      0.00000577     29.48703675      0.93383171      1.98511529      0.99982366      0.67951615      0.49016682      0.49016682      0.54899525      0.96719917      3.40000000    -10.00000000
    -53.81270903      0.00000000      0.00000000      0.00000000      0.00000000      0.00002637      9.55648912      0.00000570     28.73904047      0.96593073      1.98521939      0.99982366      0.67887235      0.49021977      0.49021977      0.54878556      0.96637417      3.40000000    -10.00000000
    -53.97993311      0.00000000      0.00000000      0.00000000      0.00000000      0.00002516      9.59477708      0.00000562     28.00636956      0.99915870      1.98532211      0.99982366      0.67823283      0.49027213      0.49027213      0.54857602      0.96552481      3.40000000    -10.00000000
    -54.14715719      0.00000000      0.00000000      0.00000000      0.00000000      0.00002401      9.63270860      0.00000555     27.28887982      1.03355275      1.98542346      0.99982366      0.67759648      0.49032390      0.49032390      0.54836885      0.96465042      3.40000000    -10.00000000
    -54.31438127      0.00000000      0.00000000      0.00000000      0.00000000      0.00002291      9.67027225      0.00000548     26.58641953      1.06915103      1.98552348      0.99982366      0.67696386      0.49037510      0.49037510      0.54816328      0.96375028      3.40000000    -10.00000000
    -54.48160535      0.00000000      0.00000000      0.00000000      0.00000000      0.00002187      9.70745632      0.00000541     25.89882991      1.10599269      1.98562220      0.99982366      0.67633437      0.49042573      0.49042573      0.54796120      0.96282366      3.40000000    -10.00000000
    -54.64882943      0.00000000      0.00000000      0.00000000      0.00000000      0.00002087      9.74424872      0.00000534     25.22594646      1.14411785      1.98571965      0.99982366      0.67523941      0.49047581      0.49047581      0.54775691      0.96186982      3.40000000    -10.00000000
    -54.81605351      0.00000000      0.00000000      0.00000000      0.00000000      0.00001992      9.78063702      0.00000527     24.56759704      1.18356772      1.98581585      0.99982366      0.67533925      0.49052534      0.49052534      0.54757403      0.96088799      3.40000000    -10.00000000
    -54.98327759      0.00000000      0.00000000      0.00000000      0.00000000      0.00001901      9.81660849      0.00000521     23.92360989      1.22438426      1.98591084      0.99982366      0.67446557      0.49057434      0.49057434      0.54735679      0.95987740      3.40000000    -10.00000000
    -55.15050167      0.00000000      0.00000000      0.00000000      0.00000000      0.00001815      9.85214994      0.00000514     23.29380000      1.26661082      1.98600463      0.99982366      0.67385211      0.49062281      0.49062281      0.54715900      0.95883723      3.40000000    -10.00000000
    -55.31772575      0.00000000      0.00000000      0.00000000      0.00000000      0.00001733      9.88724788      0.00000508     22.67798358      1.31029148      1.98609725      0.99982366      0.67324059      0.49067075      0.49067075      0.54696313      0.95776667      3.40000000    -10.00000000
    -55.48494983      0.00000000      0.00000000      0.00000000      0.00000000      0.00001654      9.92188843      0.00000502     22.07597142      1.35547142      1.98618873      0.99982366      0.67260987      0.49071820      0.49071820      0.54676791      0.95666488      3.40000000    -10.00000000
    -55.65217391      0.00000000      0.00000000      0.00000000      0.00000000      0.00001579      9.95605733      0.00000495     21.48757082      1.40219678      1.98627909      0.99982366      0.67202608      0.49076513      0.49076513      0.54657470      0.95553099      3.40000000    -10.00000000
    -55.81939799      0.00000000      0.00000000      0.00000000      0.00000000      0.00001508      9.98973992      0.00000489     20.91258589      1.45051470      1.98636835      0.99982366      0.67142821      0.49081158      0.49081158      0.54638329      0.95436413      3.40000000    -10.00000000
    -55.98662207      0.00000000      0.00000000      0.00000000      0.00000000      0.00001440     10.02292118      0.00000483     20.35081853      1.50047325      1.98645654      0.99982366      0.67082675      0.49085754      0.49085754      0.54619256      0.95316339      3.40000000    -10.00000000
    -56.15384615      0.00000000      0.00000000      0.00000000      0.00000000      0.00001375     10.05558561      0.00000477     19.80206608      1.55212159      1.98654367      0.99982366      0.67023921      0.49090302      0.49090302      0.54601107      0.95192785      3.40000000    -10.00000000
    -56.32107023      0.00000000      0.00000000      0.00000000      0.00000000      0.00001313     10.08771741      0.00000471     19.26612707      1.60550959      1.98662976      0.99982366      0.66964201      0.49094803      0.49094803      0.54581418      0.95065658      3.40000000    -10.00000000
    -56.48829431      0.00000000      0.00000000      0.00000000      0.00000000      0.00001253     10.11930029      0.00000466     18.74279613      1.66068818      1.98671484      0.99982366      0.66905225      0.49099257      0.49099257      0.54563070      0.94934861      3.40000000    -10.00000000
    -56.65551839      0.00000000      0.00000000      0.00000000      0.00000000      0.00001197     10.15031758      0.00000460     18.23186710      1.71770913      1.98679893      0.99982366      0.66846691      0.49103666      0.49103666      0.54544541      0.94800297      3.40000000    -10.00000000
    -56.82274247      0.00000000      0.00000000      0.00000000      0.00000000      0.00001143     10.18075216      0.00000454     17.73313236      1.77662506      1.98688204      0.99982366      0.66788564      0.49108031      0.49108031      0.54526282      0.94661864      3.40000000    -10.00000000
    -56.98996656      0.00000000      0.00000000      0.00000000      0.00000000      0.00001092     10.21058655      0.00000449     17.24638471      1.83748931      1.98696420      0.99982366      0.66730732      0.49112351      0.49112351      0.54508015      0.94519462      3.40000000    -10.00000000
    -57.15719064      0.00000000      0.00000000      0.00000000      0.00000000      0.00001043     10.23980274      0.00000443     16.77141462      1.90035612      1.98704542      0.99982366      0.66673226      0.49116628      0.49116628      0.54489960      0.94372986      3.40000000    -10.00000000
    -57.32441472      0.00000000      0.00000000      0.00000000      0.00000000      0.00000996     10.26838237      0.00000438     16.30801352      1.96528035      1.98712572      0.99982366      0.66616045      0.49120861      0.49120861      0.54472038      0.94222329      3.40000000    -10.00000000
    -57.49163880      0.00000000      0.00000000      0.00000000      0.00000000      0.00000952     10.29630661      0.00000433     15.85597245      2.03231752      1.98720511      0.99982366      0.66559235      0.49125053      0.49125053      0.54454244      0.94067385      3.40000000    -10.00000000
    -57.65886288      0.00000000      0.00000000      0.00000000      0.00000000      0.00000909     10.32355620      0.00000427     15.41508269      2.10152375      1.98728362      0.99982366      0.66502655      0.49129204      0.49129204      0.54436550      0.93908042      3.40000000    -10.00000000
    -57.82608696      0.00000000      0.00000000      0.00000000      0.00000000      0.00000869     10.35011144      0.00000422     14.98513597      2.17295570      1.98736126      0.99982366      0.66438783      0.49133313      0.49133313      0.54419058      0.93744188      3.40000000    -10.00000000
    -57.99331104      0.00000000      0.00000000      0.00000000      0.00000000      0.00000830     10.37595219      0.00000417     14.56592460      2.24667046      1.98743804      0.99982366      0.66390550      0.49137382      0.49137382      0.54401657      0.93575711      3.40000000    -10.00000000
    -58.16053512      0.00000000      0.00000000      0.00000000      0.00000000      0.00000793     10.40105787      0.00000412     14.15724175      2.32272549      1.98751398      0.99982366      0.66335729      0.49141412      0.49141412      0.54384383      0.93402494      3.40000000    -10.00000000
    -58.32775920      0.00000000      0.00000000      0.00000000      0.00000000      0.00000758     10.42540746      0.00000407     13.75888159      2.40117853      1.98758910      0.99982366      0.66279635      0.49145403      0.49145403      0.54367229      0.93224419      3.40000000    -10.00000000
    -58.49498328      0.00000000      0.00000000      0.00000000      0.00000000      0.00000724     10.44897952      0.00000402     13.37063945      2.48208750      1.98766340      0.99982366      0.66224641      0.49149355      0.49149355      0.54350265      0.93041367      3.40000000    -10.00000000
    -58.66220736      0.00000000      0.00000000      0.00000000      0.00000000      0.00000692     10.47175215      0.00000397     12.99231201      2.56551039      1.98773691      0.99982366      0.66170129      0.49153270      0.49153270      0.54333318      0.92853218      3.40000000    -10.00000000
    -58.82943144      0.00000000      0.00000000      0.00000000      0.00000000      0.00000662     10.49370304      0.00000393     12.62369743      2.65150514      1.98780964      0.99982366      0.66115790      0.49157147      0.49157147      0.54316546      0.92659849      3.40000000    -10.00000000
    -58.99665552      0.00000000      0.00000000      0.00000000      0.00000000      0.00000633     10.51480945      0.00000388     12.26459548      2.74012954      1.98788160      0.99982366      0.66061743      0.49160987      0.49160987      0.54299911      0.92461135      3.40000000    -10.00000000
    -59.16387960      0.00000000      0.00000000      0.00000000      0.00000000      0.00000605     10.53504821      0.00000383     11.91480770      2.83144106      1.98795280      0.99982366      0.66008029      0.49164791      0.49164791      0.54286299      0.92256950      3.40000000    -10.00000000
    -59.33110368      0.00000000      0.00000000      0.00000000      0.00000000      0.00000578     10.55439574      0.00000378     11.57413749      2.92549676      1.98802326      0.99982366      0.65954614      0.49168560      0.49168560      0.54266945      0.92047168      3.40000000    -10.00000000
    -59.49832776      0.00000000      0.00000000      0.00000000      0.00000000      0.00000553     10.57282808      0.00000374     11.24239019      3.02235306      1.98809299      0.99982366      0.65901459      0.49172293      0.49172293      0.54250723      0.91831660      3.40000000    -10.00000000
    -59.66555184      0.00000000      0.00000000      0.00000000      0.00000000      0.00000529     10.59032086      0.00000369     10.91937332      3.12206566      1.98816200      0.99982366      0.65848645      0.49175992      0.49175992      0.54234454      0.91610297      3.40000000    -10.00000000
    -59.83277592      0.00000000      0.00000000      0.00000000      0.00000000      0.00000506     10.60684932      0.00000365     10.60489644      3.22468930      1.98823031      0.99982366      0.65796019      0.49179657      0.49179657      0.54218405      0.91382948      3.40000000    -10.00000000
    -60.00000000      0.00000000      0.00000000      0.00000000      0.00000000      0.00000484     10.62238833      0.00000360     10.29877132      3.33027765      1.98829792      0.99982366      0.65743896      0.49183288      0.49183288      0.54202453      0.91149480      3.40000000    -10.00000000
