    -10.00000000      0.00000000      0.00000000      0.00000000      0.00000000      0.03348897      0.00000144      0.01324097      0.00000000      1.22634737      0.99983646      0.99983646      0.50002183      0.50002786      0.50002786      0.49999670      0.00000000      4.90000000    -10.00000000
    -10.16722408      0.00000000      0.00000000      0.00000000      0.00000000      0.03339103     -0.02522123      0.01321763      0.00015748      1.22777620      1.00379701      0.99983646      0.49964195      0.50014562      0.50014562      0.49984317      0.00015746      4.90000000    -10.00000000
    -10.33444816      0.00000000      0.00000000      0.00000000      0.00000000      0.03342098     -0.05037820      0.01319607      0.00062992      1.22467544      1.00759690      0.99983646      0.49893814      0.50029062      0.50029062      0.49930254      0.00062952      4.90000000    -10.00000000
    -10.50167224      0.00000000      0.00000000      0.00000000      0.00000000      0.03348043     -0.07528952      0.01316034      0.00141325      1.21919035      1.01140215      0.99983646      0.49729538      0.50043231      0.50043231      0.49912778      0.00141126      4.90000000    -10.00000000
    -10.66889632      0.00000000      0.00000000      0.00000000      0.00000000      0.03355916     -0.09987513      0.01311056      0.00250225      1.21172904      1.01521541      0.99983646      0.49678669      0.50057407      0.50057407      0.49924051      0.00249600      4.90000000    -10.00000000
    -10.83612040      0.00000000      0.00000000      0.00000000      0.00000000      0.03365661     -0.12403882      0.01304695      0.00388958      1.20235836      1.01903936      0.99983646      0.49709282      0.50071279      0.50071279      0.49924301      0.00387451      4.90000000    -10.00000000
    -11.00334448      0.00000000      0.00000000      0.00000000      0.00000000      0.03377312     -0.14768304      0.01296980      0.00556577      1.19112541      1.02287665      0.99983646      0.49693942      0.50084982      0.50084982      0.49921876      0.00553496      4.90000000    -10.00000000
    -11.17056856      0.00000000      0.00000000      0.00000000      0.00000000      0.03390893     -0.17071177      0.01287945      0.00751917      1.17809075      1.02672994      0.99983646      0.49697359      0.50098094      0.50098094      0.49918195      0.00746305      4.90000000    -10.00000000
    -11.33779264      0.00000000      0.00000000      0.00000000      0.00000000      0.03406416     -0.19303249      0.01277632      0.00973596      1.16333188      1.03060186      0.99983646      0.49684668      0.50110487      0.50110487      0.49914440      0.00964208      4.90000000    -10.00000000
    -11.50501672      0.00000000      0.00000000      0.00000000      0.00000000      0.03423872     -0.21455749      0.01266086      0.01220023      1.14694053      1.03449503      0.99983646      0.49671555      0.50123694      0.50123694      0.49910334      0.01205318      4.90000000    -10.00000000
    -11.67224080      0.00000000      0.00000000      0.00000000      0.00000000      0.03443249     -0.23520468      0.01253356      0.01489402      1.12901972      1.03841207      0.99983646      0.49657254      0.50136064      0.50136064      0.49906529      0.01467544      4.90000000    -10.00000000
    -11.83946488      0.00000000      0.00000000      0.00000000      0.00000000      0.03464524     -0.25489817      0.01239500      0.01779741      1.10968122      1.04235557      0.99983646      0.49647508      0.50147862      0.50147862      0.49902984      0.01748620      4.90000000    -10.00000000
    -12.00668896      0.00000000      0.00000000      0.00000000      0.00000000      0.03487671     -0.27356866      0.01224575      0.02088858      1.08904341      1.04632809      0.99983646      0.49633986      0.50159069      0.50159069      0.49899991      0.02046118      4.90000000    -10.00000000
    -12.17391304      0.00000000      0.00000000      0.00000000      0.00000000      0.03512660     -0.29115358      0.01208644      0.02414393      1.06722943      1.05033220      0.99983646      0.49627883      0.50169637      0.50169637      0.49897473      0.02357474      4.90000000    -10.00000000
    -12.34113712      0.00000000      0.00000000      0.00000000      0.00000000      0.03539456     -0.30759721      0.01191773      0.02753809      1.04436547      1.05437042      0.99983646      0.49622479      0.50179540      0.50179540      0.49892688      0.02680007      4.90000000    -10.00000000
    -12.50836120      0.00000000      0.00000000      0.00000000      0.00000000      0.03568022     -0.32285060      0.01174029      0.03104402      1.02057916      1.05844525      0.99983646      0.49625012      0.50188979      0.50188979      0.49895110      0.03010931      4.90000000    -10.00000000
    -12.67558528      0.00000000      0.00000000      0.00000000      0.00000000      0.03598317     -0.33687157      0.01155480      0.03463313      0.99599817      1.06255916      0.99983646      0.49633719      0.50197145      0.50197145      0.49895521      0.03347382      4.90000000    -10.00000000
    -12.84280936      0.00000000      0.00000000      0.00000000      0.00000000      0.03630295     -0.34962454      0.01136196      0.03827529      0.97074879      1.06671460      0.99983646      0.49652605      0.50204755      0.50204755      0.49896512      0.03686430      4.90000000    -10.00000000
    -13.01003344      0.00000000      0.00000000      0.00000000      0.00000000      0.03663910     -0.36108037      0.01116247      0.04193902      0.94495481      1.07091397      0.99983646      0.49705089      0.50211485      0.50211485      0.49898491      0.04025093      4.90000000    -10.00000000
    -13.17725753      0.00000000      0.00000000      0.00000000      0.00000000      0.03699109     -0.37121624      0.01095702      0.04559157      0.91873641      1.07515964      0.99983646      0.49716534      0.50217293      0.50217293      0.49906252      0.04360361      4.90000000    -10.00000000
    -13.34448161      0.00000000      0.00000000      0.00000000      0.00000000      0.03735837     -0.38001528      0.01074631      0.04919907      0.89220924      1.07945395      0.99983646      0.49694095      0.50222149      0.50222149      0.49905957      0.04689203      4.90000000    -10.00000000
    -13.51170569      0.00000000      0.00000000      0.00000000      0.00000000      0.03774036     -0.38746686      0.01053099      0.05272685      0.86548362      1.08379918      0.99983646      0.49688504      0.50226269      0.50226269      0.49911547      0.05008597      4.90000000    -10.00000000
    -13.67892977      0.00000000      0.00000000      0.00000000      0.00000000      0.03813643     -0.39356508      0.01031175      0.05613926      0.83866394      1.08819758      0.99983646      0.49667343      0.50229154      0.50229154      0.49918635      0.05315516      4.90000000    -10.00000000
    -13.84615385      0.00000000      0.00000000      0.00000000      0.00000000      0.03854594     -0.39830938      0.01008923      0.05940019      0.81184812      1.09265134      0.99983646      0.49664587      0.50231064      0.50231064      0.49927268      0.05606964      4.90000000    -10.00000000
    -14.01337793      0.00000000      0.00000000      0.00000000      0.00000000      0.03896820     -0.40170450      0.00986404      0.06247336      0.78512723      1.09716261      0.99983646      0.49667660      0.50231749      0.50231749      0.49937166      0.05879993      4.90000000    -10.00000000
    -14.18060201      0.00000000      0.00000000      0.00000000      0.00000000      0.03940248     -0.40375924      0.00963679      0.06532239      0.75858523      1.10173348      0.99983646      0.49677488      0.50231704      0.50231704      0.49951179      0.06131702      4.90000000    -10.00000000
    -14.34782609      0.00000000      0.00000000      0.00000000      0.00000000      0.03984804     -0.40448652      0.00940806      0.06791117      0.73229889      1.10636598      0.99983646      0.49693181      0.50229918      0.50229918      0.49963956      0.06359253      4.90000000    -10.00000000
    -14.51505017      0.00000000      0.00000000      0.00000000      0.00000000      0.04030409     -0.40390295      0.00917838      0.07020421      0.70633768      1.11106208      0.99983646      0.49715280      0.50227200      0.50227200      0.49980276      0.06559889      4.90000000    -10.00000000
    -14.68227425      0.00000000      0.00000000      0.00000000      0.00000000      0.04076982     -0.40202843      0.00894829      0.07216698      0.68076388      1.11582367      0.99983646      0.49742857      0.50223192      0.50223192      0.49999084      0.06730946      4.90000000    -10.00000000
    -14.84949833      0.00000000      0.00000000      0.00000000      0.00000000      0.04124438     -0.39888580      0.00871826      0.07376631      0.65563268      1.12065260      0.99983646      0.49777213      0.50217923      0.50217923      0.50022101      0.06869867      4.90000000    -10.00000000
    -15.01672241      0.00000000      0.00000000      0.00000000      0.00000000      0.04172690     -0.39450046      0.00848877      0.07497084      0.63099241      1.12555063      0.99983646      0.49816902      0.50211253      0.50211253      0.50057846      0.06974221      4.90000000    -10.00000000
    -15.18394649      0.00000000      0.00000000      0.00000000      0.00000000      0.04221648     -0.38890002      0.00826024      0.07575149      0.60688480      1.13051944      0.99983646      0.49862976      0.50203853      0.50203853      0.50068696      0.07041728      4.90000000    -10.00000000
    -15.35117057      0.00000000      0.00000000      0.00000000      0.00000000      0.04271219     -0.38211399      0.00803308      0.07608196      0.58334530      1.13556063      0.99983646      0.49915239      0.50194201      0.50194201      0.50082773      0.07070276      4.90000000    -10.00000000
    -15.51839465      0.00000000      0.00000000      0.00000000      0.00000000      0.04321308     -0.37417345      0.00780765      0.07593932      0.56040338      1.14067572      0.99983646      0.49973110      0.50183421      0.50183421      0.50099157      0.07057955      4.90000000    -10.00000000
    -15.68561873      0.00000000      0.00000000      0.00000000      0.00000000      0.04371816     -0.36511074      0.00758430      0.07530459      0.53808297      1.14586615      0.99983646      0.50039653      0.50171449      0.50171449      0.50117906      0.07003094      4.90000000    -10.00000000
    -15.85284281      0.00000000      0.00000000      0.00000000      0.00000000      0.04422643     -0.35495924      0.00736334      0.07416344      0.51640281      1.15113325      0.99983646      0.50107506      0.50158188      0.50158188      0.50145846      0.06904298      4.90000000    -10.00000000
    -16.02006689      0.00000000      0.00000000      0.00000000      0.00000000      0.04473687     -0.34375308      0.00714506      0.07250685      0.49537683      1.15647826      0.99983646      0.50183751      0.50143157      0.50143157      0.50162105      0.06760502      4.90000000    -10.00000000
    -16.18729097      0.00000000      0.00000000      0.00000000      0.00000000      0.04524843     -0.33152694      0.00692971      0.07033187      0.47501461      1.16190233      0.99983646      0.50266436      0.50126815      0.50126815      0.50187554      0.06571034      4.90000000    -10.00000000
    -16.35451505      0.00000000      0.00000000      0.00000000      0.00000000      0.04576003     -0.31831581      0.00671752      0.06764249      0.45532174      1.16740650      0.99983646      0.50353918      0.50108985      0.50108985      0.50215350      0.06335687      4.90000000    -10.00000000
    -16.52173913      0.00000000      0.00000000      0.00000000      0.00000000      0.04627059     -0.30415484      0.00650871      0.06445040      0.43630017      1.17299168      0.99983646      0.50443392      0.50089704      0.50089704      0.50244882      0.06054805      4.90000000    -10.00000000
    -16.68896321      0.00000000      0.00000000      0.00000000      0.00000000      0.04677899     -0.28907912      0.00630345      0.06077599      0.41794867      1.17865870      0.99983646      0.50549948      0.50068249      0.50068249      0.50276775      0.05729389      4.90000000    -10.00000000
    -16.85618729      0.00000000      0.00000000      0.00000000      0.00000000      0.04728412     -0.27312356      0.00610191      0.05664926      0.40026311      1.18440826      0.99983646      0.50672727      0.50046630      0.50046630      0.50308332      0.05361217      4.90000000    -10.00000000
    -17.02341137      0.00000000      0.00000000      0.00000000      0.00000000      0.04778484     -0.25632273      0.00590421      0.05211089      0.38323684      1.19024094      0.99983646      0.50765643      0.50023103      0.50023103      0.50346824      0.04952985      4.90000000    -10.00000000
    -17.19063545      0.00000000      0.00000000      0.00000000      0.00000000      0.04828000     -0.23871075      0.00571049      0.04721326      0.36686096      1.19615719      0.99983646      0.50881598      0.49997862      0.49997862      0.50384885      0.04508466      4.90000000    -10.00000000
    -17.35785953      0.00000000      0.00000000      0.00000000      0.00000000      0.04876844     -0.22032115      0.00552084      0.04202159      0.35112470      1.20215734      0.99983646      0.51003725      0.49971265      0.49971265      0.50424763      0.04032699      4.90000000    -10.00000000
    -17.52508361      0.00000000      0.00000000      0.00000000      0.00000000      0.04924900     -0.20118680      0.00533533      0.03661517      0.33601561      1.20824159      0.99983646      0.51130860      0.49943285      0.49943285      0.50467138      0.03532185      4.90000000    -10.00000000
    -17.69230769      0.00000000      0.00000000      0.00000000      0.00000000      0.04972053     -0.18133982      0.00515404      0.03108852      0.32151987      1.21441001      0.99983646      0.51261475      0.49913743      0.49913743      0.50509131      0.03015117      4.90000000    -10.00000000
    -17.85953177      0.00000000      0.00000000      0.00000000      0.00000000      0.05018185     -0.16081152      0.00497702      0.02555275      0.30762250      1.22066252      0.99983646      0.51390016      0.49882870      0.49882870      0.50556570      0.02491608      4.90000000    -10.00000000
    -18.02675585      0.00000000      0.00000000      0.00000000      0.00000000      0.05063182     -0.13963232      0.00480429      0.02013687      0.29430760      1.22699892      0.99983646      0.51536198      0.49850512      0.49850512      0.50604883      0.01973938      4.90000000    -10.00000000
    -18.19397993      0.00000000      0.00000000      0.00000000      0.00000000      0.05106930     -0.11783173      0.00463589      0.01498916      0.28155852      1.23341885      0.99983646      0.51695321      0.49816828      0.49816828      0.50654115      0.01476780      4.90000000    -10.00000000
    -18.36120401      0.00000000      0.00000000      0.00000000      0.00000000      0.05149315     -0.09543832      0.00447182      0.01027867      0.26935807      1.23992182      0.99983646      0.51857606      0.49782071      0.49782071      0.50705818      0.01017410      4.90000000    -10.00000000
    -18.52842809      0.00000000      0.00000000      0.00000000      0.00000000      0.05190227     -0.07247967      0.00431207      0.00619667      0.25768864      1.24650717      0.99983646      0.52024697      0.49745919      0.49745919      0.50758841      0.00615851      4.90000000    -10.00000000
    -18.69565217      0.00000000      0.00000000      0.00000000      0.00000000      0.05229557     -0.04898240      0.00415665      0.00295820      0.24653238      1.25317413      0.99983646      0.52198061      0.49708292      0.49708292      0.50813608      0.00294948      4.90000000    -10.00000000
    -18.86287625      0.00000000      0.00000000      0.00000000      0.00000000      0.05267198     -0.02497212      0.00400552      0.00080363      0.23587131      1.25992175      0.99983646      0.52371708      0.49669485      0.49669485      0.50869856      0.00080299      4.90000000    -10.00000000
    -19.03010033      0.00000000      0.00000000      0.00000000      0.00000000      0.05303046     -0.00047346      0.00385867      0.00000030      0.22568743      1.26674893      0.99983646      0.52554648      0.49629667      0.49629667      0.50927622      0.00000030      4.90000000    -10.00000000
    -19.19732441      0.00000000      0.00000000      0.00000000      0.00000000      0.05337002      0.02448994      0.00371604      0.00084415      0.21596282      1.27365445      0.99983646      0.52737266      0.49588680      0.49588680      0.50981973      0.00084343      4.90000000    -10.00000000
    -19.36454849      0.00000000      0.00000000      0.00000000      0.00000000      0.05368969      0.04989540      0.00357761      0.00366138      0.20667971      1.28063690      0.99983646      0.52926236      0.49545258      0.49545258      0.51047452      0.00364802      4.90000000    -10.00000000
    -19.53177258      0.00000000      0.00000000      0.00000000      0.00000000      0.05398853      0.07572120      0.00344332      0.00881018      0.19782061      1.28769475      0.99983646      0.53104686      0.49503502      0.49503502      0.51105305      0.00873324      4.90000000    -10.00000000
    -19.69899666      0.00000000      0.00000000      0.00000000      0.00000000      0.05426566      0.10194657      0.00331312      0.01668244      0.18936827      1.29482630      0.99983646      0.53315764      0.49459814      0.49459814      0.51172162      0.01640870      4.90000000    -10.00000000
    -19.86622074      0.00000000      0.00000000      0.00000000      0.00000000      0.05452025      0.12855162      0.00318694      0.02770543      0.18130583      1.30202971      0.99983646      0.53516326      0.49414299      0.49414299      0.51224317      0.02695853      4.90000000    -10.00000000
    -20.03344482      0.00000000      0.00000000      0.00000000      0.00000000      0.05475151      0.15551738      0.00306473      0.04234358      0.17361682      1.30930298      0.99983646      0.53722581      0.49368762      0.49368762      0.51298909      0.04062344      4.90000000    -10.00000000
    -20.20066890      0.00000000      0.00000000      0.00000000      0.00000000      0.05495869      0.18282573      0.00294642      0.06110020      0.16628516      1.31664399      0.99983646      0.53928437      0.49322020      0.49322020      0.51369007      0.05758194      4.90000000    -10.00000000
    -20.36789298      0.00000000      0.00000000      0.00000000      0.00000000      0.05514112      0.21045937      0.00283193      0.08451916      0.15929526      1.32405045      0.99983646      0.54139386      0.49274611      0.49274611      0.51452682      0.07793238      4.90000000    -10.00000000
    -20.53511706      0.00000000      0.00000000      0.00000000      0.00000000      0.05529817      0.23840180      0.00272120      0.11318660      0.15263199      1.33151994      0.99983646      0.54353045      0.49226408      0.49226408      0.51511461      0.10167801      4.90000000    -10.00000000
    -20.70234114      0.00000000      0.00000000      0.00000000      0.00000000      0.05542928      0.26663730      0.00261415      0.14773256      0.14628072      1.33904989      0.99983646      0.54569597      0.49177879      0.49177879      0.51581876      0.12871689      4.90000000    -10.00000000
    -20.86956522      0.00000000      0.00000000      0.00000000      0.00000000      0.05553395      0.29515086      0.00251071      0.18883260      0.14022732      1.34663763      0.99983646      0.54789462      0.49129020      0.49129020      0.51654707      0.15883868      4.90000000    -10.00000000
    -21.03678930      0.00000000      0.00000000      0.00000000      0.00000000      0.05561174      0.32392815      0.00241078      0.23720931      0.13445816      1.35428033      0.99983646      0.55030343      0.49079407      0.49079407      0.51728221      0.19172933      4.90000000    -10.00000000
    -21.20401338      0.00000000      0.00000000      0.00000000      0.00000000      0.05566228      0.35295553      0.00231431      0.29363374      0.12896016      1.36197504      0.99983646      0.55233926      0.49029626      0.49029626      0.51802437      0.22698367      4.90000000    -10.00000000
    -21.37123746      0.00000000      0.00000000      0.00000000      0.00000000      0.05568528      0.38221995      0.00222120      0.35892669      0.12372072      1.36971870      0.99983646      0.55459417      0.48979515      0.48979515      0.51861838      0.26412513      4.90000000    -10.00000000
    -21.53846154      0.00000000      0.00000000      0.00000000      0.00000000      0.05568051      0.41170893      0.00213138      0.43395990      0.11872782      1.37750812      0.99983646      0.55686786      0.48929119      0.48929119      0.51952804      0.30263043      4.90000000    -10.00000000
    -21.70568562      0.00000000      0.00000000      0.00000000      0.00000000      0.05564780      0.44141053      0.00204476      0.51965691      0.11396991      1.38534002      0.99983646      0.55914482      0.48878616      0.48878616      0.52028591      0.34195673      4.90000000    -10.00000000
    -21.87290970      0.00000000      0.00000000      0.00000000      0.00000000      0.05558707      0.47131333      0.00196127      0.61699382      0.10943598      1.39321100      0.99983646      0.56145591      0.48827999      0.48827999      0.52104691      0.38156845      4.90000000    -10.00000000
    -22.04013378      0.00000000      0.00000000      0.00000000      0.00000000      0.05549830      0.50140638      0.00188084      0.72699965      0.10511556      1.40111759      0.99983646      0.56376800      0.48777443      0.48777443      0.52181163      0.42096109      4.90000000    -10.00000000
    -22.20735786      0.00000000      0.00000000      0.00000000      0.00000000      0.05538154      0.53167919      0.00180337      0.85075637      0.10099866      1.40905621      0.99983646      0.56608208      0.48727090      0.48727090      0.52257717      0.45968037      4.90000000    -10.00000000
    -22.37458194      0.00000000      0.00000000      0.00000000      0.00000000      0.05523691      0.56212177      0.00172880      0.98939864      0.09707581      1.41702320      0.99983646      0.56841483      0.48676813      0.48676813      0.52334416      0.49733554      4.90000000    -10.00000000
    -22.54180602      0.00000000      0.00000000      0.00000000      0.00000000      0.05506459      0.59272465      0.00165705      1.14411328      0.09333799      1.42501484      0.99983646      0.57073959      0.48626779      0.48626779      0.52410980      0.53360673      4.90000000    -10.00000000
    -22.70903010      0.00000000      0.00000000      0.00000000      0.00000000      0.05486478      0.62347893      0.00158804      1.31613855      0.08977666      1.43302734      0.99983646      0.57278538      0.48577063      0.48577063      0.52487430      0.56824690      4.90000000    -10.00000000
    -22.87625418      0.00000000      0.00000000      0.00000000      0.00000000      0.05463778      0.65437638      0.00152170      1.50676347      0.08638367      1.44105685      0.99983646      0.57539655      0.48527500      0.48527500      0.52563802      0.60107924      4.90000000    -10.00000000
    -23.04347826      0.00000000      0.00000000      0.00000000      0.00000000      0.05438390      0.68540951      0.00145795      1.71732748      0.08315122      1.44909948      0.99983646      0.57772321      0.48478981      0.48478981      0.52639827      0.63199136      4.90000000    -10.00000000
    -23.21070234      0.00000000      0.00000000      0.00000000      0.00000000      0.05410349      0.71657158      0.00139672      1.94922035      0.08007183      1.45715129      0.99983646      0.58009555      0.48430509      0.48430509      0.52715642      0.66092734      4.90000000    -10.00000000
    -23.37792642      0.00000000      0.00000000      0.00000000      0.00000000      0.05379696      0.74785664      0.00133793      2.20388251      0.07713825      1.46520831      0.99983646      0.58235594      0.48382757      0.48382757      0.52790667      0.68787869      4.90000000    -10.00000000
    -23.54515050      0.00000000      0.00000000      0.00000000      0.00000000      0.05346475      0.77925936      0.00128149      2.48280523      0.07434348      1.47326656      0.99983646      0.58466160      0.48335659      0.48335659      0.52865729      0.71287513      4.90000000    -10.00000000
    -23.71237458      0.00000000      0.00000000      0.00000000      0.00000000      0.05310738      0.81077494      0.00122733      2.78753059      0.07168074      1.48132204      0.99983646      0.58695434      0.48289288      0.48289288      0.52940098      0.73597573      4.90000000    -10.00000000
    -23.87959866      0.00000000      0.00000000      0.00000000      0.00000000      0.05272541      0.84239890      0.00117537      3.11965051      0.06914347      1.48937075      0.99983646      0.58923049      0.48243675      0.48243675      0.53013734      0.75726096      4.90000000    -10.00000000
    -24.04682274      0.00000000      0.00000000      0.00000000      0.00000000      0.05231949      0.87412694      0.00112553      3.48080520      0.06672534      1.49740868      0.99983646      0.59149352      0.48198923      0.48198923      0.53086656      0.77682583      4.90000000    -10.00000000
    -24.21404682      0.00000000      0.00000000      0.00000000      0.00000000      0.05189032      0.90595484      0.00107774      3.87268086      0.06442032      1.50543186      0.99983646      0.59374761      0.48155022      0.48155022      0.53158807      0.79477416      4.90000000    -10.00000000
    -24.38127090      0.00000000      0.00000000      0.00000000      0.00000000      0.05143866      0.93787843      0.00103191      4.29700722      0.06222265      1.51343633      0.99983646      0.59597328      0.48112223      0.48112223      0.53230093      0.81121415      4.90000000    -10.00000000
    -24.54849498      0.00000000      0.00000000      0.00000000      0.00000000      0.05096532      0.96989360      0.00098798      4.75555494      0.06012686      1.52141814      0.99983646      0.59819487      0.48069888      0.48069888      0.53296333      0.82625481      4.90000000    -10.00000000
    -24.71571906      0.00000000      0.00000000      0.00000000      0.00000000      0.05047115      1.00199631      0.00094587      5.25013297      0.05812774      1.52937342      0.99983646      0.60036673      0.48028872      0.48028872      0.53369919      0.84000340      4.90000000    -10.00000000
    -24.88294314      0.00000000      0.00000000      0.00000000      0.00000000      0.04995704      1.03418265      0.00090551      5.78258572      0.05622040      1.53729832      0.99983646      0.60253484      0.47989270      0.47989270      0.53438312      0.85256360      4.90000000    -10.00000000
    -25.05016722      0.00000000      0.00000000      0.00000000      0.00000000      0.04942392      1.06644882      0.00086685      6.35478995      0.05440018      1.54518905      0.99983646      0.60467492      0.47950769      0.47950769      0.53505639      0.86403419      4.90000000    -10.00000000
    -25.21739130      0.00000000      0.00000000      0.00000000      0.00000000      0.04887271      1.09879118      0.00082980      6.96865121      0.05266270      1.55304190      0.99983646      0.60678984      0.47913406      0.47913406      0.53571811      0.87450825      4.90000000    -10.00000000
    -25.38461538      0.00000000      0.00000000      0.00000000      0.00000000      0.04830438      1.13120622      0.00079432      7.62609979      0.05100381      1.56085322      0.99983646      0.60887910      0.47877303      0.47877303      0.53636790      0.88407275      4.90000000    -10.00000000
    -25.55183946      0.00000000      0.00000000      0.00000000      0.00000000      0.04771992      1.16369059      0.00076033      8.32908622      0.04941960      1.56861942      0.99983646      0.61094201      0.47842243      0.47842243      0.53701329      0.89280837      4.90000000    -10.00000000
    -25.71906355      0.00000000      0.00000000      0.00000000      0.00000000      0.04712030      1.19624109      0.00072779      9.07957623      0.04790638      1.57633703      0.99983646      0.61293545      0.47808509      0.47808509      0.53763018      0.90078948      4.90000000    -10.00000000
    -25.88628763      0.00000000      0.00000000      0.00000000      0.00000000      0.04650652      1.22885465      0.00069663      9.87954537      0.04646068      1.58400265      0.99983646      0.61498670      0.47776053      0.47776053      0.53824190      0.90808439      4.90000000    -10.00000000
    -26.05351171      0.00000000      0.00000000      0.00000000      0.00000000      0.04587959      1.26152836      0.00066681     10.73097322      0.04507922      1.59161298      0.99983646      0.61697947      0.47744866      0.47744866      0.53884880      0.91475558      4.90000000    -10.00000000
    -26.22073579      0.00000000      0.00000000      0.00000000      0.00000000      0.04524051      1.29425943      0.00063826     11.63583713      0.04375892      1.59916483      0.99983646      0.61887933      0.47714976      0.47714976      0.53942432      0.92086001      4.90000000    -10.00000000
    -26.38795987      0.00000000      0.00000000      0.00000000      0.00000000      0.04459028      1.32704520      0.00061094     12.59610569      0.04249684      1.60665511      0.99983646      0.62073318      0.47686416      0.47686416      0.53999426      0.92644953      4.90000000    -10.00000000
    -26.55518395      0.00000000      0.00000000      0.00000000      0.00000000      0.04392990      1.35988316      0.00058481     13.61373175      0.04129025      1.61408084      0.99983646      0.62256523      0.47659184      0.47659184      0.54054962      0.93157121      4.90000000    -10.00000000
    -26.72240803      0.00000000      0.00000000      0.00000000      0.00000000      0.04326037      1.39277091      0.00055980     14.69064498      0.04013655      1.62143918      0.99983646      0.62436892      0.47633289      0.47633289      0.54109036      0.93626776      4.90000000    -10.00000000
    -26.88963211      0.00000000      0.00000000      0.00000000      0.00000000      0.04258266      1.42570616      0.00053589     15.82874408      0.03903329      1.62872738      0.99983646      0.62613768      0.47608979      0.47608979      0.54161773      0.94057786      4.90000000    -10.00000000
    -27.05685619      0.00000000      0.00000000      0.00000000      0.00000000      0.04189775      1.45868675      0.00051301     17.02988843      0.03797815      1.63594283      0.99983646      0.62787723      0.47585530      0.47585530      0.54213263      0.94453654      4.90000000    -10.00000000
    -27.22408027      0.00000000      0.00000000      0.00000000      0.00000000      0.04120658      1.49171060      0.00049114     18.29588933      0.03696895      1.64308304      0.99983646      0.62956986      0.47563660      0.47563660      0.54262301      0.94817549      4.90000000    -10.00000000
    -27.39130435      0.00000000      0.00000000      0.00000000      0.00000000      0.04051011      1.52477577      0.00047023     19.62850069      0.03600363      1.65014567      0.99983646      0.63122300      0.47543124      0.47543124      0.54310120      0.95152338      4.90000000    -10.00000000
    -27.55852843      0.00000000      0.00000000      0.00000000      0.00000000      0.03980924      1.55788038      0.00045025     21.02940931      0.03508025      1.65712848      0.99983646      0.63284007      0.47523925      0.47523925      0.54356639      0.95460614      4.90000000    -10.00000000
    -27.72575251      0.00000000      0.00000000      0.00000000      0.00000000      0.03910488      1.59102266      0.00043114     22.50022453      0.03419695      1.66402938      0.99983646      0.63441757      0.47506048      0.47506048      0.54401522      0.95744722      4.90000000    -10.00000000
    -27.89297659      0.00000000      0.00000000      0.00000000      0.00000000      0.03839789      1.62420094      0.00041289     24.04246763      0.03335201      1.67084641      0.99983646      0.63595459      0.47489437      0.47489437      0.54444829      0.96006783      4.90000000    -10.00000000
    -28.06020067      0.00000000      0.00000000      0.00000000      0.00000000      0.03768914      1.65741360      0.00039545     25.65756070      0.03254378      1.67757774      0.99983646      0.63745211      0.47474171      0.47474171      0.54486492      0.96248719      4.90000000    -10.00000000
    -28.22742475      0.00000000      0.00000000      0.00000000      0.00000000      0.03697944      1.69065912      0.00037878     27.34681477      0.03177071      1.68422170      0.99983646      0.63890524      0.47460215      0.47460215      0.54526724      0.96472267      4.90000000    -10.00000000
    -28.39464883      0.00000000      0.00000000      0.00000000      0.00000000      0.03626959      1.72393605      0.00036287     29.11141840      0.03103133      1.69077670      0.99983646      0.64032436      0.47447468      0.47447468      0.54565334      0.96679001      4.90000000    -10.00000000
    -28.56187291      0.00000000      0.00000000      0.00000000      0.00000000      0.03556036      1.75724302      0.00034767     30.95242534      0.03032428      1.69724134      0.99983646      0.64169679      0.47435883      0.47435883      0.54605611      0.96870347      4.90000000    -10.00000000
    -28.72909699      0.00000000      0.00000000      0.00000000      0.00000000      0.03485249      1.79057870      0.00033315     32.87074236      0.02964823      1.70361433      0.99983646      0.64303205      0.47425844      0.47425844      0.54637804      0.97047599      4.90000000    -10.00000000
    -28.89632107      0.00000000      0.00000000      0.00000000      0.00000000      0.03414668      1.82394186      0.00031929     34.86713224      0.02900195      1.70989449      0.99983646      0.64432485      0.47416725      0.47416725      0.54671728      0.97211932      4.90000000    -10.00000000
    -29.06354515      0.00000000      0.00000000      0.00000000      0.00000000      0.03344363      1.85733130      0.00030605     36.94212516      0.02838431      1.71608079      0.99983646      0.64557601      0.47408922      0.47408922      0.54704029      0.97364407      4.90000000    -10.00000000
    -29.23076923      0.00000000      0.00000000      0.00000000      0.00000000      0.03274397      1.89074589      0.00029342     39.09616016      0.02779417      1.72217235      0.99983646      0.64678664      0.47402269      0.47402269      0.54734935      0.97505996      4.90000000    -10.00000000
    -29.39799331      0.00000000      0.00000000      0.00000000      0.00000000      0.03204832      1.92418456      0.00028136     41.32941883      0.02723050      1.72816836      0.99983646      0.64795442      0.47396741      0.47396741      0.54764251      0.97637577      4.90000000    -10.00000000
    -29.56521739      0.00000000      0.00000000      0.00000000      0.00000000      0.03135726      1.95764630      0.00026985     43.64189546      0.02669232      1.73406818      0.99983646      0.64908286      0.47392313      0.47392313      0.54792089      0.97759952      4.90000000    -10.00000000
    -29.73244147      0.00000000      0.00000000      0.00000000      0.00000000      0.03067136      1.99113013      0.00025887     46.03336667      0.02617870      1.73987126      0.99983646      0.65017112      0.47388953      0.47388953      0.54818438      0.97873850      4.90000000    -10.00000000
    -29.89966555      0.00000000      0.00000000      0.00000000      0.00000000      0.02999112      2.02463513      0.00024839     48.50338630      0.02568875      1.74557719      0.99983646      0.65121578      0.47386172      0.47386172      0.54843294      0.97979936      4.90000000    -10.00000000
    -30.06688963      0.00000000      0.00000000      0.00000000      0.00000000      0.02931705      2.05816044      0.00023840     51.05128595      0.02522164      1.75118565      0.99983646      0.65222317      0.47385355      0.47385355      0.54866747      0.98078818      4.90000000    -10.00000000
    -30.23411371      0.00000000      0.00000000      0.00000000      0.00000000      0.02864959      2.09170522      0.00022886     53.67613411      0.02477657      1.75669646      0.99983646      0.65318854      0.47385002      0.47385002      0.54888822      0.98171048      4.90000000    -10.00000000
    -30.40133779      0.00000000      0.00000000      0.00000000      0.00000000      0.02798917      2.12526869      0.00021976     56.37678525      0.02435280      1.76210951      0.99983646      0.65399870      0.47385628      0.47385628      0.54909333      0.98257135      4.90000000    -10.00000000
    -30.56856187      0.00000000      0.00000000      0.00000000      0.00000000      0.02733620      2.15885012      0.00021108     59.15184446      0.02394960      1.76742481      0.99983646      0.65500410      0.47387172      0.47387172      0.54928591      0.98337541      4.90000000    -10.00000000
    -30.73578595      0.00000000      0.00000000      0.00000000      0.00000000      0.02669104      2.19244882      0.00020280     61.99967189      0.02356628      1.77264248      0.99983646      0.65581489      0.47389625      0.47389625      0.54946461      0.98412690      4.90000000    -10.00000000
    -30.90301003      0.00000000      0.00000000      0.00000000      0.00000000      0.02605403      2.22606412      0.00019490     64.91840884      0.02320219      1.77776271      0.99983646      0.65665302      0.47392918      0.47392918      0.54938176      0.98482973      4.90000000    -10.00000000
    -31.07023411      0.00000000      0.00000000      0.00000000      0.00000000      0.02542547      2.25969542      0.00018736     67.90595356      0.02285670      1.78278581      0.99983646      0.65744486      0.47397039      0.47397039      0.54978235      0.98548747      4.90000000    -10.00000000
    -31.23745819      0.00000000      0.00000000      0.00000000      0.00000000      0.02480565      2.29334213      0.00018018     70.95997580      0.02252920      1.78771216      0.99983646      0.65819079      0.47401921      0.47401921      0.54992182      0.98610339      4.90000000    -10.00000000
    -31.40468227      0.00000000      0.00000000      0.00000000      0.00000000      0.02419483      2.32700372      0.00017332     74.07795436      0.02221911      1.79254221      0.99983646      0.65889132      0.47407593      0.47407593      0.55001974      0.98668051      4.90000000    -10.00000000
    -31.57190635      0.00000000      0.00000000      0.00000000      0.00000000      0.02359322      2.36067968      0.00016678     77.25717135      0.02192587      1.79727652      0.99983646      0.65954679      0.47413996      0.47413996      0.55016351      0.98722162      4.90000000    -10.00000000
    -31.73913043      0.00000000      0.00000000      0.00000000      0.00000000      0.02300104      2.39436955      0.00016054     80.49475249      0.02164892      1.80191570      0.99983646      0.66016924      0.47421099      0.47421099      0.55026613      0.98772927      4.90000000    -10.00000000
    -31.90635452      0.00000000      0.00000000      0.00000000      0.00000000      0.02241847      2.42807289      0.00015459     83.78762947      0.02138775      1.80646043      0.99983646      0.66072431      0.47428872      0.47428872      0.55035740      0.98820583      4.90000000    -10.00000000
    -32.07357860      0.00000000      0.00000000      0.00000000      0.00000000      0.02184566      2.46178930      0.00014891     87.13259701      0.02114183      1.81091148      0.99983646      0.66129199      0.47437283      0.47437283      0.55043705      0.98865346      4.90000000    -10.00000000
    -32.24080268      0.00000000      0.00000000      0.00000000      0.00000000      0.02128270      2.49552201      0.00014346     90.53842378      0.02090795      1.81526967      0.99983646      0.66182576      0.47446297      0.47446297      0.55050597      0.98907563      4.90000000    -10.00000000
    -32.40802676      0.00000000      0.00000000      0.00000000      0.00000000      0.02072981      2.52925983      0.00013831     93.96569811      0.02069374      1.81953585      0.99983646      0.66231192      0.47455900      0.47455900      0.55056323      0.98946988      4.90000000    -10.00000000
    -32.57525084      0.00000000      0.00000000      0.00000000      0.00000000      0.02018699      2.56301330      0.00013336     97.44701912      0.02049060      1.82371098      0.99983646      0.66276983      0.47466049      0.47466049      0.55059464      0.98984225      4.90000000    -10.00000000
    -32.74247492      0.00000000      0.00000000      0.00000000      0.00000000      0.01965433      2.59677848      0.00012864    100.96690699      0.02030076      1.82779603      0.99983646      0.66319303      0.47476717      0.47476717      0.55064718      0.99019290      4.90000000    -10.00000000
    -32.90969900      0.00000000      0.00000000      0.00000000      0.00000000      0.01913188      2.63055512      0.00012413    104.52188631      0.02012376      1.83179202      0.99983646      0.66358497      0.47487879      0.47487879      0.55067402      0.99052329      4.90000000    -10.00000000
    -33.07692308      0.00000000      0.00000000      0.00000000      0.00000000      0.01861969      2.66434294      0.00011982    108.10849165      0.01995915      1.83570003      0.99983646      0.66394654      0.47499505      0.47499505      0.55070407      0.99083481      4.90000000    -10.00000000
    -33.24414716      0.00000000      0.00000000      0.00000000      0.00000000      0.01811777      2.69814170      0.00011570    111.72318780      0.01980650      1.83952117      0.99983646      0.66427646      0.47511566      0.47511566      0.55069846      0.99112871      4.90000000    -10.00000000
    -33.41137124      0.00000000      0.00000000      0.00000000      0.00000000      0.01762612      2.73195120      0.00011175    115.36288223      0.01966533      1.84325658      0.99983646      0.66457695      0.47524046      0.47524046      0.55069572      0.99140619      4.90000000    -10.00000000
    -33.57859532      0.00000000      0.00000000      0.00000000      0.00000000      0.01714473      2.76577149      0.00010798    119.02695516      0.01953479      1.84690746      0.99983646      0.66484878      0.47536904      0.47536904      0.55067453      0.99166854      4.90000000    -10.00000000
    -33.74581940      0.00000000      0.00000000      0.00000000      0.00000000      0.01667357      2.79960149      0.00010437    122.70327205      0.01941591      1.85047499      0.99983646      0.66509203      0.47550126      0.47550126      0.55066995      0.99191614      4.90000000    -10.00000000
    -33.91304348      0.00000000      0.00000000      0.00000000      0.00000000      0.01621261      2.83344189      0.00010092    126.39767600      0.01930683      1.85396043      0.99983646      0.66531541      0.47563692      0.47563692      0.55064151      0.99215056      4.90000000    -10.00000000
    -34.08026756      0.00000000      0.00000000      0.00000000      0.00000000      0.01576178      2.86729220      0.00009761    130.10411309      0.01920766      1.85736503      0.99983646      0.66549689      0.47577565      0.47577565      0.55060660      0.99237247      4.90000000    -10.00000000
    -34.24749164      0.00000000      0.00000000      0.00000000      0.00000000      0.01532103      2.90115223      0.00009444    133.81963558      0.01911801      1.86069007      0.99983646      0.66571431      0.47591767      0.47591767      0.55056390      0.99258268      4.90000000    -10.00000000
    -34.41471572      0.00000000      0.00000000      0.00000000      0.00000000      0.01489028      2.93502326      0.00009139    137.55076871      0.01903626      1.86393684      0.99983646      0.66579710      0.47606169      0.47606169      0.55051375      0.99278243      4.90000000    -10.00000000
    -34.58193980      0.00000000      0.00000000      0.00000000      0.00000000      0.01446946      2.96890210      0.00008847    141.27577348      0.01896468      1.86710666      0.99983646      0.66562618      0.47620828      0.47620828      0.55045601      0.99297140      4.90000000    -10.00000000
    -34.74916388      0.00000000      0.00000000      0.00000000      0.00000000      0.01405846      3.00278888      0.00008568    144.99282442      0.01890273      1.87020085      0.99983646      0.66599478      0.47635729      0.47635729      0.55039158      0.99315035      4.90000000    -10.00000000
    -34.91638796      0.00000000      0.00000000      0.00000000      0.00000000      0.01365719      3.03668601      0.00008299    148.71733695      0.01884776      1.87322074      0.99983646      0.66605832      0.47650807      0.47650807      0.55026036      0.99332075      4.90000000    -10.00000000
    -35.08361204      0.00000000      0.00000000      0.00000000      0.00000000      0.01326553      3.07059201      0.00008041    152.43853717      0.01880057      1.87616768      0.99983646      0.66609729      0.47666097      0.47666097      0.55024373      0.99348273      4.90000000    -10.00000000
    -35.25083612      0.00000000      0.00000000      0.00000000      0.00000000      0.01288338      3.10450661      0.00007793    156.15275594      0.01876105      1.87904301      0.99983646      0.66611601      0.47681524      0.47681524      0.55015962      0.99363676      4.90000000    -10.00000000
    -35.41806020      0.00000000      0.00000000      0.00000000      0.00000000      0.01251059      3.13843055      0.00007554    159.86511926      0.01872806      1.88184808      0.99983646      0.66611133      0.47697062      0.47697062      0.55007072      0.99378361      4.90000000    -10.00000000
    -35.58528428      0.00000000      0.00000000      0.00000000      0.00000000      0.01214707      3.17235892      0.00007327    163.51034300      0.01870858      1.88458423      0.99983646      0.66608375      0.47712630      0.47712630      0.54997499      0.99392135      4.90000000    -10.00000000
    -35.75250836      0.00000000      0.00000000      0.00000000      0.00000000      0.01179266      3.20630118      0.00007104    167.24127266      0.01868472      1.88725283      0.99983646      0.66604287      0.47728589      0.47728589      0.54987433      0.99405616      4.90000000    -10.00000000
    -35.91973244      0.00000000      0.00000000      0.00000000      0.00000000      0.01144723      3.24024768      0.00006892    170.90110211      0.01867382      1.88985521      0.99983646      0.66597283      0.47744648      0.47744648      0.54976876      0.99418270      4.90000000    -10.00000000
    -36.08695652      0.00000000      0.00000000      0.00000000      0.00000000      0.01111064      3.27420344      0.00006687    174.55840463      0.01866775      1.89239271      0.99983646      0.66589050      0.47760792      0.47760792      0.54965723      0.99430389      4.90000000    -10.00000000
    -36.25418060      0.00000000      0.00000000      0.00000000      0.00000000      0.01078274      3.30816380      0.00006492    178.14855746      0.01867296      1.89486668      0.99983646      0.66578798      0.47777005      0.47777005      0.54954236      0.99441804      4.90000000    -10.00000000
    -36.42140468      0.00000000      0.00000000      0.00000000      0.00000000      0.01046339      3.34213382      0.00006301    181.76189729      0.01867955      1.89727844      0.99983646      0.66568216      0.47793277      0.47793277      0.54941454      0.99452840      4.90000000    -10.00000000
    -36.58862876      0.00000000      0.00000000      0.00000000      0.00000000      0.01015243      3.37611282      0.00006117    185.39099143      0.01868817      1.89962931      0.99983646      0.66552856      0.47809568      0.47809568      0.54929719      0.99463493      4.90000000    -10.00000000
    -36.75585284      0.00000000      0.00000000      0.00000000      0.00000000      0.00984972      3.41009678      0.00005940    188.95683139      0.01870649      1.90192061      0.99983646      0.66537165      0.47825939      0.47825939      0.54916736      0.99473565      4.90000000    -10.00000000
    -36.92307692      0.00000000      0.00000000      0.00000000      0.00000000      0.00955509      3.44408591      0.00005771    192.46284947      0.01873366      1.90415362      0.99983646      0.66520001      0.47842305      0.47842305      0.54903526      0.99483105      4.90000000    -10.00000000
    -37.09030100      0.00000000      0.00000000      0.00000000      0.00000000      0.00926840      3.47808481      0.00005606    196.01107650      0.01875950      1.90632965      0.99983646      0.66501182      0.47858678      0.47858678      0.54889780      0.99492414      4.90000000    -10.00000000
    -37.25752508      0.00000000      0.00000000      0.00000000      0.00000000      0.00898949      3.51208712      0.00005448    199.46515722      0.01879685      1.90844996      0.99983646      0.66480815      0.47875048      0.47875048      0.54876161      0.99501160      4.90000000    -10.00000000
    -37.42474916      0.00000000      0.00000000      0.00000000      0.00000000      0.00871819      3.54609796      0.00005294    202.94698223      0.01883390      1.91051581      0.99983646      0.66458974      0.47891405      0.47891405      0.54869782      0.99509676      4.90000000    -10.00000000
    -37.59197324      0.00000000      0.00000000      0.00000000      0.00000000      0.00845435      3.58011387      0.00005146    206.37118179      0.01887844      1.91252845      0.99983646      0.66435583      0.47907734      0.47907734      0.54846703      0.99517773      4.90000000    -10.00000000
    -37.75919732      0.00000000      0.00000000      0.00000000      0.00000000      0.00819782      3.61413484      0.00005002    209.78205209      0.01892613      1.91448912      0.99983646      0.66411035      0.47924038      0.47924038      0.54831696      0.99525576      4.90000000    -10.00000000
    -37.92642140      0.00000000      0.00000000      0.00000000      0.00000000      0.00794843      3.64816225      0.00004865    213.09860918      0.01898406      1.91639901      0.99983646      0.66380306      0.47940295      0.47940295      0.54816398      0.99532926      4.90000000    -10.00000000
    -38.09364548      0.00000000      0.00000000      0.00000000      0.00000000      0.00770603      3.68219510      0.00004730    216.45929682      0.01903965      1.91825933      0.99983646      0.66357736      0.47956499      0.47956499      0.54800826      0.99540144      4.90000000    -10.00000000
    -38.26086957      0.00000000      0.00000000      0.00000000      0.00000000      0.00747046      3.71623322      0.00004601    219.74342778      0.01910344      1.92007127      0.99983646      0.66329216      0.47972645      0.47972645      0.54784994      0.99546985      4.90000000    -10.00000000
    -38.42809365      0.00000000      0.00000000      0.00000000      0.00000000      0.00724157      3.75027642      0.00004477    222.95651141      0.01917467      1.92183597      0.99983646      0.66299474      0.47988720      0.47988720      0.54769326      0.99553485      4.90000000    -10.00000000
    -38.59531773      0.00000000      0.00000000      0.00000000      0.00000000      0.00701920      3.78432529      0.00004355    226.18596372      0.01924566      1.92355459      0.99983646      0.66268541      0.48004713      0.48004713      0.54752611      0.99559832      4.90000000    -10.00000000
    -38.76254181      0.00000000      0.00000000      0.00000000      0.00000000      0.00680320      3.81837739      0.00004239    229.33418413      0.01932460      1.92522824      0.99983646      0.66236608      0.48020620      0.48020620      0.54730199      0.99565848      4.90000000    -10.00000000
    -38.92976589      0.00000000      0.00000000      0.00000000      0.00000000      0.00659341      3.85243481      0.00004125    232.46123149      0.01940625      1.92685804      0.99983646      0.66203267      0.48036411      0.48036411      0.54719358      0.99571663      4.90000000    -10.00000000
    -39.09698997      0.00000000      0.00000000      0.00000000      0.00000000      0.00638969      3.88649664      0.00004015    235.57174091      0.01949014      1.92844507      0.99983646      0.66169297      0.48051928      0.48051928      0.54702445      0.99577295      4.90000000    -10.00000000
    -39.26421405      0.00000000      0.00000000      0.00000000      0.00000000      0.00619189      3.92056269      0.00003909    238.58600752      0.01958273      1.92999040      0.99983646      0.66134360      0.48067675      0.48067675      0.54685356      0.99582613      4.90000000    -10.00000000
    -39.43143813      0.00000000      0.00000000      0.00000000      0.00000000      0.00599986      3.95463334      0.00003806    241.59686683      0.01967626      1.93149507      0.99983646      0.66098431      0.48083316      0.48083316      0.54668102      0.99587794      4.90000000    -10.00000000
    -39.59866221      0.00000000      0.00000000      0.00000000      0.00000000      0.00581345      3.98870687      0.00003707    244.53119980      0.01977659      1.93296011      0.99983646      0.66061652      0.48098838      0.48098838      0.54650697      0.99592720      4.90000000    -10.00000000
    -39.76588629      0.00000000      0.00000000      0.00000000      0.00000000      0.00563253      4.02278467      0.00003610    247.45432642      0.01987834      1.93438654      0.99983646      0.66024028      0.48114227      0.48114227      0.54633076      0.99597512      4.90000000    -10.00000000
    -39.93311037      0.00000000      0.00000000      0.00000000      0.00000000      0.00545696      4.05686608      0.00003516    250.30789087      0.01998611      1.93577533      0.99983646      0.65985425      0.48129377      0.48129377      0.54617175      0.99602082      4.90000000    -10.00000000
    -40.10033445      0.00000000      0.00000000      0.00000000      0.00000000      0.00528659      4.09095095      0.00003426    253.09459753      0.02009959      1.93712746      0.99983646      0.65946216      0.48144616      0.48144616      0.54549304      0.99606446      4.90000000    -10.00000000
    -40.26755853      0.00000000      0.00000000      0.00000000      0.00000000      0.00512128      4.12503912      0.00003338    255.85076735      0.02021580      1.93844388      0.99983646      0.65906352      0.48159799      0.48159799      0.54567688      0.99610669      4.90000000    -10.00000000
    -40.43478261      0.00000000      0.00000000      0.00000000      0.00000000      0.00496092      4.15913045      0.00003252    258.57209693      0.02033504      1.93972551      0.99983646      0.65865913      0.48174860      0.48174860      0.54585395      0.99614751      4.90000000    -10.00000000
    -40.60200669      0.00000000      0.00000000      0.00000000      0.00000000      0.00480535      4.19322480      0.00003170    261.22506843      0.02045987      1.94097327      0.99983646      0.65824537      0.48189795      0.48189795      0.54543686      0.99618648      4.90000000    -10.00000000
    -40.76923077      0.00000000      0.00000000      0.00000000      0.00000000      0.00465447      4.22732203      0.00003090    263.82580233      0.02058898      1.94218804      0.99983646      0.65782671      0.48204602      0.48204602      0.54525523      0.99622393      4.90000000    -10.00000000
    -40.93645485      0.00000000      0.00000000      0.00000000      0.00000000      0.00450813      4.26142200      0.00003012    266.37341894      0.02072238      1.94337070      0.99983646      0.65740142      0.48219280      0.48219280      0.54507314      0.99625991      4.90000000    -10.00000000
    -41.10367893      0.00000000      0.00000000      0.00000000      0.00000000      0.00436621      4.29552457      0.00002936    268.86719735      0.02086009      1.94452209      0.99983646      0.65697192      0.48233810      0.48233810      0.54488977      0.99629447      4.90000000    -10.00000000
    -41.27090301      0.00000000      0.00000000      0.00000000      0.00000000      0.00422860      4.32962963      0.00002863    271.30636418      0.02100211      1.94564304      0.99983646      0.65653417      0.48248237      0.48248237      0.54470618      0.99632767      4.90000000    -10.00000000
    -41.43812709      0.00000000      0.00000000      0.00000000      0.00000000      0.00409518      4.36373702      0.00002792    273.69019125      0.02114849      1.94673438      0.99983646      0.65609273      0.48262514      0.48262514      0.54452217      0.99635954      4.90000000    -10.00000000
    -41.60535117      0.00000000      0.00000000      0.00000000      0.00000000      0.00396582      4.39784663      0.00002723    276.01802028      0.02129925      1.94779689      0.99983646      0.65564585      0.48276656      0.48276656      0.54433775      0.99639013      4.90000000    -10.00000000
    -41.77257525      0.00000000      0.00000000      0.00000000      0.00000000      0.00384041      4.43195833      0.00002656    278.28915121      0.02145441      1.94883135      0.99983646      0.65519359      0.48290661      0.48290661      0.54415319      0.99641948      4.90000000    -10.00000000
    -41.93979933      0.00000000      0.00000000      0.00000000      0.00000000      0.00371885      4.46607200      0.00002591    280.50296507      0.02161402      1.94983851      0.99983646      0.65495642      0.48304526      0.48304526      0.54396798      0.99644764      4.90000000    -10.00000000
    -42.10702341      0.00000000      0.00000000      0.00000000      0.00000000      0.00360102      4.50018751      0.00002528    282.65502262      0.02177840      1.95081913      0.99983646      0.65427963      0.48318252      0.48318252      0.54378287      0.99647459      4.90000000    -10.00000000
    -42.27424749      0.00000000      0.00000000      0.00000000      0.00000000      0.00348682      4.53430474      0.00002467    284.75621686      0.02194672      1.95177391      0.99983646      0.65381630      0.48331841      0.48331841      0.54359759      0.99650051      4.90000000    -10.00000000
    -42.44147157      0.00000000      0.00000000      0.00000000      0.00000000      0.00337615      4.56842359      0.00002408    286.79450707      0.02211991      1.95270356      0.99983646      0.65334880      0.48345288      0.48345288      0.54341225      0.99652530      4.90000000    -10.00000000
    -42.60869565      0.00000000      0.00000000      0.00000000      0.00000000      0.00326889      4.60254392      0.00002350    288.76670315      0.02229822      1.95360876      0.99983646      0.65287949      0.48358599      0.48358599      0.54323010      0.99654895      4.90000000    -10.00000000
    -42.77591973      0.00000000      0.00000000      0.00000000      0.00000000      0.00316496      4.63666563      0.00002294    290.69177285      0.02248021      1.95449020      0.99983646      0.65240459      0.48371762      0.48371762      0.54304190      0.99657172      4.90000000    -10.00000000
    -42.94314381      0.00000000      0.00000000      0.00000000      0.00000000      0.00306425      4.67078861      0.00002239    292.54975034      0.02266743      1.95534851      0.99983646      0.65192513      0.48384788      0.48384788      0.54282251      0.99659342      4.90000000    -10.00000000
    -43.11036789      0.00000000      0.00000000      0.00000000      0.00000000      0.00296667      4.70491274      0.00002186    294.34670333      0.02285943      1.95618435      0.99983646      0.65144904      0.48397674      0.48397674      0.54267144      0.99661415      4.90000000    -10.00000000
    -43.27759197      0.00000000      0.00000000      0.00000000      0.00000000      0.00287214      4.73903792      0.00002135    296.08218882      0.02305630      1.95699831      0.99983646      0.65096494      0.48410419      0.48410419      0.54248660      0.99663393      4.90000000    -10.00000000
    -43.44481605      0.00000000      0.00000000      0.00000000      0.00000000      0.00278055      4.77316402      0.00002085    297.75568506      0.02325810      1.95779102      0.99983646      0.65048196      0.48423024      0.48423024      0.54229672      0.99665278      4.90000000    -10.00000000
    -43.61204013      0.00000000      0.00000000      0.00000000      0.00000000      0.00269183      4.80729096      0.00002036    299.36704928      0.02346488      1.95856306      0.99983646      0.64999484      0.48435490      0.48435490      0.54211786      0.99667074      4.90000000    -10.00000000
    -43.77926421      0.00000000      0.00000000      0.00000000      0.00000000      0.00260588      4.84141863      0.00001989    300.91581828      0.02367673      1.95931500      0.99983646      0.64951140      0.48447815      0.48447815      0.54193428      0.99668782      4.90000000    -10.00000000
    -43.94648829      0.00000000      0.00000000      0.00000000      0.00000000      0.00252263      4.87554691      0.00001943    302.40168523      0.02389373      1.96004741      0.99983646      0.64901582      0.48460002      0.48460002      0.54174561      0.99670404      4.90000000    -10.00000000
    -44.11371237      0.00000000      0.00000000      0.00000000      0.00000000      0.00244200      4.90967571      0.00001899    303.82435484      0.02411596      1.96076082      0.99983646      0.64852388      0.48472050      0.48472050      0.54156807      0.99671942      4.90000000    -10.00000000
    -44.28093645      0.00000000      0.00000000      0.00000000      0.00000000      0.00236390      4.94380492      0.00001855    305.18357145      0.02434350      1.96145576      0.99983646      0.64824655      0.48483961      0.48483961      0.54138460      0.99673399      4.90000000    -10.00000000
    -44.44816054      0.00000000      0.00000000      0.00000000      0.00000000      0.00228826      4.97793445      0.00001813    306.47906744      0.02457644      1.96213276      0.99983646      0.64753564      0.48495735      0.48495735      0.54120254      0.99674775      4.90000000    -10.00000000
    -44.61538462      0.00000000      0.00000000      0.00000000      0.00000000      0.00221500      5.01206418      0.00001772    307.71067491      0.02481488      1.96279231      0.99983646      0.64703981      0.48507372      0.48507372      0.54102070      0.99676072      4.90000000    -10.00000000
    -44.78260870      0.00000000      0.00000000      0.00000000      0.00000000      0.00214406      5.04619404      0.00001732    308.87819328      0.02505891      1.96343490      0.99983646      0.64654345      0.48518875      0.48518875      0.54084042      0.99677293      4.90000000    -10.00000000
    -44.94983278      0.00000000      0.00000000      0.00000000      0.00000000      0.00207536      5.08032400      0.00001693    309.98327497      0.02530848      1.96406100      0.99983646      0.64604217      0.48530243      0.48530243      0.54065928      0.99678439      4.90000000    -10.00000000
    -45.11705686      0.00000000      0.00000000      0.00000000      0.00000000      0.00200883      5.11445368      0.00001656    311.02032348      0.02556414      1.96467109      0.99983646      0.64554708      0.48541477      0.48541477      0.54048009      0.99679508      4.90000000    -10.00000000
    -45.28428094      0.00000000      0.00000000      0.00000000      0.00000000      0.00194441      5.14858328      0.00001619    311.99479413      0.02582555      1.96526560      0.99983646      0.64504750      0.48552579      0.48552579      0.54030017      0.99680506      4.90000000    -10.00000000
    -45.45150502      0.00000000      0.00000000      0.00000000      0.00000000      0.00188203      5.18271261      0.00001583    312.90469741      0.02609298      1.96584498      0.99983646      0.64454825      0.48563550      0.48563550      0.54012163      0.99681432      4.90000000    -10.00000000
    -45.61872910      0.00000000      0.00000000      0.00000000      0.00000000      0.00182164      5.21684156      0.00001549    313.75001728      0.02636653      1.96640965      0.99983646      0.64404797      0.48574390      0.48574390      0.53994361      0.99682288      4.90000000    -10.00000000
    -45.78595318      0.00000000      0.00000000      0.00000000      0.00000000      0.00176316      5.25097004      0.00001515    314.53076375      0.02664633      1.96696003      0.99983646      0.64354921      0.48585101      0.48585101      0.53976638      0.99683074      4.90000000    -10.00000000
    -45.95317726      0.00000000      0.00000000      0.00000000      0.00000000      0.00170654      5.28509796      0.00001482    315.24694681      0.02693250      1.96749651      0.99983646      0.64304919      0.48595684      0.48595684      0.53958978      0.99683791      4.90000000    -10.00000000
    -46.12040134      0.00000000      0.00000000      0.00000000      0.00000000      0.00165173      5.31922522      0.00001450    315.89859443      0.02722517      1.96801949      0.99983646      0.64254915      0.48606140      0.48606140      0.53940530      0.99684442      4.90000000    -10.00000000
    -46.28762542      0.00000000      0.00000000      0.00000000      0.00000000      0.00159866      5.35335172      0.00001419    316.48581223      0.02752446      1.96852935      0.99983646      0.64204979      0.48616471      0.48616471      0.53923923      0.99685025      4.90000000    -10.00000000
    -46.45484950      0.00000000      0.00000000      0.00000000      0.00000000      0.00154728      5.38747737      0.00001388    317.00866038      0.02783052      1.96902646      0.99983646      0.64155025      0.48626677      0.48626677      0.53906505      0.99685543      4.90000000    -10.00000000
    -46.62207358      0.00000000      0.00000000      0.00000000      0.00000000      0.00149755      5.42160218      0.00001359    317.46916263      0.02814332      1.96951118      0.99983646      0.64105098      0.48636760      0.48636760      0.53889140      0.99685998      4.90000000    -10.00000000
    -46.78929766      0.00000000      0.00000000      0.00000000      0.00000000      0.00144940      5.45572575      0.00001330    317.86190644      0.02846349      1.96998385      0.99983646      0.64005738      0.48646720      0.48646720      0.53871907      0.99686385      4.90000000    -10.00000000
    -46.95652174      0.00000000      0.00000000      0.00000000      0.00000000      0.00140279      5.48984829      0.00001302    318.19265542      0.02879069      1.97044482      0.99983646      0.64032185      0.48656560      0.48656560      0.53854735      0.99686710      4.90000000    -10.00000000
    -47.12374582      0.00000000      0.00000000      0.00000000      0.00000000      0.00135767      5.52396960      0.00001275    318.45976277      0.02912524      1.97089442      0.99983646      0.64058101      0.48666281      0.48666281      0.53837656      0.99686972      4.90000000    -10.00000000
    -47.29096990      0.00000000      0.00000000      0.00000000      0.00000000      0.00131399      5.55808959      0.00001248    318.66348832      0.02946730      1.97133296      0.99983646      0.63905937      0.48675884      0.48675884      0.53820648      0.99687171      4.90000000    -10.00000000
    -47.45819398      0.00000000      0.00000000      0.00000000      0.00000000      0.00127172      5.59220816      0.00001223    318.80411502      0.02981702      1.97176076      0.99983646      0.63856235      0.48685370      0.48685370      0.53803722      0.99687309      4.90000000    -10.00000000
    -47.62541806      0.00000000      0.00000000      0.00000000      0.00000000      0.00123079      5.62632522      0.00001197    318.88193902      0.03017458      1.97217812      0.99983646      0.63807898      0.48694740      0.48694740      0.53786888      0.99687385      4.90000000    -10.00000000
    -47.79264214      0.00000000      0.00000000      0.00000000      0.00000000      0.00119118      5.66044067      0.00001173    318.89730925      0.03054015      1.97258533      0.99983646      0.63757241      0.48703997      0.48703997      0.53770143      0.99687400      4.90000000    -10.00000000
    -47.95986622      0.00000000      0.00000000      0.00000000      0.00000000      0.00115284      5.69455442      0.00001149    318.85059270      0.03091390      1.97298269      0.99983646      0.63707927      0.48713141      0.48713141      0.53752223      0.99687354      4.90000000    -10.00000000
    -48.12709030      0.00000000      0.00000000      0.00000000      0.00000000      0.00111573      5.72866637      0.00001126    318.74217917      0.03129601      1.97337046      0.99983646      0.63658686      0.48722173      0.48722173      0.53736944      0.99687248      4.90000000    -10.00000000
    -48.29431438      0.00000000      0.00000000      0.00000000      0.00000000      0.00107982      5.76277643      0.00001103    318.57249768      0.03168668      1.97374891      0.99983646      0.63609540      0.48731096      0.48731096      0.53720151      0.99687082      4.90000000    -10.00000000
    -48.46153846      0.00000000      0.00000000      0.00000000      0.00000000      0.00104505      5.79688449      0.00001081    318.34200294      0.03208609      1.97411832      0.99983646      0.63560541      0.48739889      0.48739889      0.53681734      0.99686856      4.90000000    -10.00000000
    -48.62876254      0.00000000      0.00000000      0.00000000      0.00000000      0.00101140      5.83099046      0.00001060    318.05117005      0.03249445      1.97447893      0.99983646      0.63511658      0.48748616      0.48748616      0.53687579      0.99686571      4.90000000    -10.00000000
    -48.79598662      0.00000000      0.00000000      0.00000000      0.00000000      0.00097884      5.86509424      0.00001039    317.70051691      0.03291195      1.97483098      0.99983646      0.63462899      0.48757217      0.48757217      0.53693313      0.99686226      4.90000000    -10.00000000
    -48.96321070      0.00000000      0.00000000      0.00000000      0.00000000      0.00094732      5.89919573      0.00001018    317.29056691      0.03333880      1.97517473      0.99983646      0.63414247      0.48765713      0.48765713      0.53655488      0.99685822      4.90000000    -10.00000000
    -49.13043478      0.00000000      0.00000000      0.00000000      0.00000000      0.00091682      5.93329483      0.00000998    316.82189204      0.03377522      1.97551040      0.99983646      0.63365778      0.48774106      0.48774106      0.53639490      0.99685358      4.90000000    -10.00000000
    -49.29765886      0.00000000      0.00000000      0.00000000      0.00000000      0.00088729      5.96739144      0.00001142    271.20281782      0.03991135      1.97583821      0.99983646      0.63317425      0.48782396      0.48782396      0.53623569      0.99632627      4.90000000    -10.00000000
    -49.46488294      0.00000000      0.00000000      0.00000000      0.00000000      0.00085872      6.00148546      0.00000960    315.71076478      0.03467765      1.97615839      0.99983646      0.63269110      0.48790586      0.48790586      0.53607748      0.99684254      4.90000000    -10.00000000
    -49.63210702      0.00000000      0.00000000      0.00000000      0.00000000      0.00083107      6.03557679      0.00000942    315.06956254      0.03514412      1.97647115      0.99983646      0.63221275      0.48798677      0.48798677      0.53591980      0.99683614      4.90000000    -10.00000000
    -49.79933110      0.00000000      0.00000000      0.00000000      0.00000000      0.00080431      6.06966532      0.00000924    314.37215703      0.03562107      1.97677670      0.99983646      0.63173308      0.48806689      0.48806689      0.53576387      0.99682914      4.90000000    -10.00000000
    -49.96655518      0.00000000      0.00000000      0.00000000      0.00000000      0.00077841      6.10375094      0.00000906    313.61924335      0.03610875      1.97707523      0.99983646      0.63123778      0.48814567      0.48814567      0.53560854      0.99682155      4.90000000    -10.00000000
    -50.13377926      0.00000000      0.00000000      0.00000000      0.00000000      0.00075335      6.13783356      0.00000889    312.81152934      0.03660741      1.97736695      0.99983646      0.63077966      0.48822368      0.48822368      0.53545413      0.99681337      4.90000000    -10.00000000
    -50.30100334      0.00000000      0.00000000      0.00000000      0.00000000      0.00072909      6.17191306      0.00000872    311.94972871      0.03711731      1.97765204      0.99983646      0.63030520      0.48830075      0.48830075      0.53530069      0.99680460      4.90000000    -10.00000000
    -50.46822742      0.00000000      0.00000000      0.00000000      0.00000000      0.00070562      6.20598934      0.00000856    311.03465122      0.03763871      1.97793069      0.99983646      0.62983356      0.48837689      0.48837689      0.53514836      0.99679523      4.90000000    -10.00000000
    -50.63545151      0.00000000      0.00000000      0.00000000      0.00000000      0.00068290      6.24006228      0.00000840    310.06711937      0.03817189      1.97820307      0.99983646      0.62936384      0.48845212      0.48845212      0.53499688      0.99678526      4.90000000    -10.00000000
    -50.80267559      0.00000000      0.00000000      0.00000000      0.00000000      0.00066092      6.27413178      0.00000825    309.04786603      0.03871712      1.97846935      0.99983646      0.62883421      0.48852644      0.48852644      0.53484598      0.99677469      4.90000000    -10.00000000
    -50.96989967      0.00000000      0.00000000      0.00000000      0.00000000      0.00063964      6.30819772      0.00000810    307.97774785      0.03927469      1.97872972      0.99983646      0.62842843      0.48859988      0.48859988      0.53469831      0.99676352      4.90000000    -10.00000000
    -51.13712375      0.00000000      0.00000000      0.00000000      0.00000000      0.00061905      6.34225999      0.00000795    306.85762301      0.03984489      1.97898432      0.99983646      0.62796315      0.48867244      0.48867244      0.53454778      0.99675175      4.90000000    -10.00000000
    -51.30434783      0.00000000      0.00000000      0.00000000      0.00000000      0.00059913      6.37631847      0.00000781    305.68835490      0.04042803      1.97923332      0.99983646      0.62750146      0.48874414      0.48874414      0.53439992      0.99673936      4.90000000    -10.00000000
    -51.47157191      0.00000000      0.00000000      0.00000000      0.00000000      0.00057985      6.41037305      0.00000767    304.47083574      0.04102442      1.97947687      0.99983646      0.62703886      0.48881498      0.48881498      0.53425303      0.99672637      4.90000000    -10.00000000
    -51.63879599      0.00000000      0.00000000      0.00000000      0.00000000      0.00056119      6.44442360      0.00000753    303.20597596      0.04163436      1.97971512      0.99983646      0.62657966      0.48888499      0.48888499      0.53410712      0.99671275      4.90000000    -10.00000000
    -51.80602007      0.00000000      0.00000000      0.00000000      0.00000000      0.00054314      6.47847001      0.00000740    301.89469858      0.04225819      1.97994822      0.99983646      0.62612211      0.48895416      0.48895416      0.53396220      0.99669852      4.90000000    -10.00000000
    -51.97324415      0.00000000      0.00000000      0.00000000      0.00000000      0.00052566      6.51251215      0.00000727    300.53794694      0.04289625      1.98017631      0.99983646      0.62566662      0.48902245      0.48902245      0.53381830      0.99668367      4.90000000    -10.00000000
    -52.14046823      0.00000000      0.00000000      0.00000000      0.00000000      0.00050875      6.54654990      0.00000714    299.13667761      0.04354886      1.98039952      0.99983646      0.62521347      0.48909006      0.48909006      0.53367522      0.99666818      4.90000000    -10.00000000
    -52.30769231      0.00000000      0.00000000      0.00000000      0.00000000      0.00049239      6.58058313      0.00000702    297.69186565      0.04421639      1.98061798      0.99983646      0.62476179      0.48915683      0.48915683      0.53353310      0.99665207      4.90000000    -10.00000000
    -52.47491639      0.00000000      0.00000000      0.00000000      0.00000000      0.00047656      6.61461171      0.00000690    296.20449651      0.04489920      1.98083183      0.99983646      0.62431202      0.48922280      0.48922280      0.53339200      0.99663531      4.90000000    -10.00000000
    -52.64214047      0.00000000      0.00000000      0.00000000      0.00000000      0.00046123      6.64863552      0.00000678    294.67557127      0.04559765      1.98104119      0.99983646      0.62392632      0.48928801      0.48928801      0.53325147      0.99661791      4.90000000    -10.00000000
    -52.80936455      0.00000000      0.00000000      0.00000000      0.00000000      0.00044641      6.68265441      0.00000667    293.10610132      0.04631212      1.98124619      0.99983646      0.62341767      0.48935247      0.48935247      0.53311291      0.99659987      4.90000000    -10.00000000
    -52.97658863      0.00000000      0.00000000      0.00000000      0.00000000      0.00043206      6.71666826      0.00000655    291.49711022      0.04704300      1.98144693      0.99983646      0.62297519      0.48941618      0.48941618      0.53297394      0.99658116      4.90000000    -10.00000000
    -53.14381271      0.00000000      0.00000000      0.00000000      0.00000000      0.00041817      6.75067693      0.00000644    289.84963398      0.04779070      1.98164353      0.99983646      0.62253384      0.48947915      0.48947915      0.53283654      0.99656180      4.90000000    -10.00000000
    -53.31103679      0.00000000      0.00000000      0.00000000      0.00000000      0.00040474      6.78468022      0.00000634    288.16410845      0.04855572      1.98183611      0.99983646      0.62209450      0.48954139      0.48954139      0.53269988      0.99654176      4.90000000    -10.00000000
    -53.47826087      0.00000000      0.00000000      0.00000000      0.00000000      0.00039173      6.81867815      0.00000623    286.44340407      0.04933817      1.98202477      0.99983646      0.62127779      0.48960292      0.48960292      0.53256421      0.99652105      4.90000000    -10.00000000
    -53.64548495      0.00000000      0.00000000      0.00000000      0.00000000      0.00037915      6.85267042      0.00000613    284.68676225      0.05013880      1.98220962      0.99983646      0.62141354      0.48966374      0.48966374      0.53242675      0.99649966      4.90000000    -10.00000000
    -53.81270903      0.00000000      0.00000000      0.00000000      0.00000000      0.00036697      6.88665689      0.00000603    282.89531839      0.05095803      1.98239076      0.99983646      0.62078869      0.48972387      0.48972387      0.53229559      0.99647757      4.90000000    -10.00000000
    -53.97993311      0.00000000      0.00000000      0.00000000      0.00000000      0.00035519      6.92063750      0.00000593    281.07134305      0.05179611      1.98256828      0.99983646      0.62035719      0.48978331      0.48978331      0.53216286      0.99645480      4.90000000    -10.00000000
    -54.14715719      0.00000000      0.00000000      0.00000000      0.00000000      0.00034379      6.95461209      0.00000584    279.21554742      0.05265356      1.98274229      0.99983646      0.61992752      0.48984199      0.48984199      0.53203058      0.99643132      4.90000000    -10.00000000
    -54.31438127      0.00000000      0.00000000      0.00000000      0.00000000      0.00033275      6.98858042      0.00000574    277.32830250      0.05353099      1.98291287      0.99983646      0.61950204      0.48990018      0.48990018      0.53189939      0.99640712      4.90000000    -10.00000000
    -54.48160535      0.00000000      0.00000000      0.00000000      0.00000000      0.00032208      7.02254237      0.00000565    275.41110719      0.05442880      1.98308012      0.99983646      0.61907681      0.48995763      0.48995763      0.53176839      0.99638220      4.90000000    -10.00000000
    -54.64882943      0.00000000      0.00000000      0.00000000      0.00000000      0.00031174      7.05649779      0.00000556    273.46505047      0.05534751      1.98324412      0.99983646      0.61865409      0.49001443      0.49001443      0.53163939      0.99635655      4.90000000    -10.00000000
    -54.81605351      0.00000000      0.00000000      0.00000000      0.00000000      0.00030174      7.09044651      0.00000548    271.49121536      0.05628762      1.98340496      0.99983646      0.61823348      0.49007059      0.49007059      0.53151113      0.99633016      4.90000000    -10.00000000
    -54.98327759      0.00000000      0.00000000      0.00000000      0.00000000      0.00029207      7.12438837      0.00000539    269.49069288      0.05724966      1.98356272      0.99983646      0.61781497      0.49012613      0.49012613      0.53134492      0.99630302      4.90000000    -10.00000000
    -55.15050167      0.00000000      0.00000000      0.00000000      0.00000000      0.00028270      7.15832318      0.00000531    267.46456200      0.05823417      1.98371748      0.99983646      0.61739727      0.49018105      0.49018105      0.53137552      0.99627511      4.90000000    -10.00000000
    -55.31772575      0.00000000      0.00000000      0.00000000      0.00000000      0.00027364      7.19225078      0.00000523    265.41394344      0.05924169      1.98386932      0.99983646      0.61698436      0.49023536      0.49023536      0.53113085      0.99624644      4.90000000    -10.00000000
    -55.48494983      0.00000000      0.00000000      0.00000000      0.00000000      0.00026487      7.22617098      0.00000515    263.33986358      0.06027280      1.98401832      0.99983646      0.61657316      0.49028907      0.49028907      0.53100563      0.99621699      4.90000000    -10.00000000
    -55.65217391      0.00000000      0.00000000      0.00000000      0.00000000      0.00025638      7.26008362      0.00000507    261.24344162      0.06132808      1.98416455      0.99983646      0.61614509      0.49034219      0.49034219      0.53088130      0.99618675      4.90000000    -10.00000000
    -55.81939799      0.00000000      0.00000000      0.00000000      0.00000000      0.00024817      7.29398850      0.00000499    259.12580980      0.06240810      1.98430807      0.99983646      0.61575480      0.49039473      0.49039473      0.53075828      0.99615571      4.90000000    -10.00000000
    -55.98662207      0.00000000      0.00000000      0.00000000      0.00000000      0.00024022      7.32788543      0.00000492    256.98784079      0.06351353      1.98444896      0.99983646      0.61534956      0.49044670      0.49044670      0.53062565      0.99612385      4.90000000    -10.00000000
    -56.15384615      0.00000000      0.00000000      0.00000000      0.00000000      0.00023253      7.36177422      0.00000485    254.83080035      0.06464495      1.98458729      0.99983646      0.61494450      0.49049810      0.49049810      0.53051364      0.99609117      4.90000000    -10.00000000
    -56.32107023      0.00000000      0.00000000      0.00000000      0.00000000      0.00022509      7.39565467      0.00000478    252.65567752      0.06580300      1.98472312      0.99983646      0.61454332      0.49054890      0.49054890      0.53039246      0.99605765      4.90000000    -10.00000000
    -56.48829431      0.00000000      0.00000000      0.00000000      0.00000000      0.00021789      7.42952659      0.00000471    250.46352730      0.06698835      1.98485652      0.99983646      0.61415000      0.49059924      0.49059924      0.53027264      0.99602328      4.90000000    -10.00000000
    -56.65551839      0.00000000      0.00000000      0.00000000      0.00000000      0.00021091      7.46338977      0.00000464    248.25539279      0.06820168      1.98498754      0.99983646      0.61374582      0.49064900      0.49064900      0.53015321      0.99598805      4.90000000    -10.00000000
    -56.82274247      0.00000000      0.00000000      0.00000000      0.00000000      0.00020417      7.49724400      0.00000457    246.03231013      0.06944367      1.98511625      0.99983646      0.61335082      0.49069822      0.49069822      0.53003362      0.99595195      4.90000000    -10.00000000
    -56.98996656      0.00000000      0.00000000      0.00000000      0.00000000      0.00019764      7.53108906      0.00000451    243.79530385      0.07071503      1.98524270      0.99983646      0.61295714      0.49074692      0.49074692      0.52989162      0.99591495      4.90000000    -10.00000000
    -57.15719064      0.00000000      0.00000000      0.00000000      0.00000000      0.00019132      7.56492475      0.00000444    241.54539235      0.07201649      1.98536695      0.99983646      0.61256607      0.49079510      0.49079510      0.52980013      0.99587706      4.90000000    -10.00000000
    -57.32441472      0.00000000      0.00000000      0.00000000      0.00000000      0.00018521      7.59875084      0.00000438    239.28357930      0.07334880      1.98548905      0.99983646      0.61217677      0.49084277      0.49084277      0.52968373      0.99583825      4.90000000    -10.00000000
    -57.49163880      0.00000000      0.00000000      0.00000000      0.00000000      0.00017929      7.63256709      0.00000432    237.01085926      0.07471272      1.98560907      0.99983646      0.61178682      0.49088994      0.49088994      0.52956874      0.99579851      4.90000000    -10.00000000
    -57.65886288      0.00000000      0.00000000      0.00000000      0.00000000      0.00017356      7.66637329      0.00000426    234.72821472      0.07610902      1.98572704      0.99983646      0.61140540      0.49093662      0.49093662      0.52945341      0.99575783      4.90000000    -10.00000000
    -57.82608696      0.00000000      0.00000000      0.00000000      0.00000000      0.00016802      7.70016919      0.00000420    232.43661563      0.07753852      1.98584303      0.99983646      0.61102253      0.49098281      0.49098281      0.52934476      0.99571618      4.90000000    -10.00000000
    -57.99331104      0.00000000      0.00000000      0.00000000      0.00000000      0.00016266      7.73395456      0.00000414    230.13701888      0.07900203      1.98595707      0.99983646      0.61079845      0.49102851      0.49102851      0.52922746      0.99567356      4.90000000    -10.00000000
    -58.16053512      0.00000000      0.00000000      0.00000000      0.00000000      0.00015747      7.76772914      0.00000409    227.83036797      0.08050040      1.98606922      0.99983646      0.61026257      0.49107375      0.49107375      0.52911521      0.99562995      4.90000000    -10.00000000
    -58.32775920      0.00000000      0.00000000      0.00000000      0.00000000      0.00015244      7.80149270      0.00000403    225.51762443      0.08203448      1.98617952      0.99983646      0.60988554      0.49111852      0.49111852      0.52900374      0.99558533      4.90000000    -10.00000000
    -58.49498328      0.00000000      0.00000000      0.00000000      0.00000000      0.00014758      7.83524496      0.00000398    223.19965372      0.08360517      1.98628802      0.99983646      0.60951051      0.49116283      0.49116283      0.52889302      0.99553969      4.90000000    -10.00000000
    -58.66220736      0.00000000      0.00000000      0.00000000      0.00000000      0.00014288      7.86898567      0.00000393    220.87736980      0.08521338      1.98639476      0.99983646      0.60913835      0.49120668      0.49120668      0.52878976      0.99549301      4.90000000    -10.00000000
    -58.82943144      0.00000000      0.00000000      0.00000000      0.00000000      0.00013832      7.90271458      0.00000387    218.55179659      0.08685998      1.98649978      0.99983646      0.60876761      0.49125009      0.49125009      0.52867377      0.99544527      4.90000000    -10.00000000
    -58.99665552      0.00000000      0.00000000      0.00000000      0.00000000      0.00013392      7.93643133      0.00000382    216.22331953      0.08854611      1.98660313      0.99983646      0.60839768      0.49129305      0.49129305      0.52856495      0.99539644      4.90000000    -10.00000000
    -59.16387960      0.00000000      0.00000000      0.00000000      0.00000000      0.00012965      7.97013575      0.00000377    213.89334296      0.09027254      1.98670484      0.99983646      0.60801751      0.49133559      0.49133559      0.52840818      0.99534653      4.90000000    -10.00000000
    -59.33110368      0.00000000      0.00000000      0.00000000      0.00000000      0.00012552      8.00382751      0.00000372    211.56250111      0.09204035      1.98680496      0.99983646      0.60766764      0.49137770      0.49137770      0.52835041      0.99529550      4.90000000    -10.00000000
    -59.49832776      0.00000000      0.00000000      0.00000000      0.00000000      0.00012152      8.03750632      0.00000368    209.23161391      0.09385056      1.98690351      0.99983646      0.60730503      0.49141938      0.49141938      0.52824405      0.99524334      4.90000000    -10.00000000
    -59.66555184      0.00000000      0.00000000      0.00000000      0.00000000      0.00011766      8.07117188      0.00000363    206.90148459      0.09570422      1.98700054      0.99983646      0.60694421      0.49146065      0.49146065      0.52813654      0.99519003      4.90000000    -10.00000000
    -59.83277592      0.00000000      0.00000000      0.00000000      0.00000000      0.00011391      8.10482389      0.00000358    204.57289909      0.09760242      1.98709608      0.99983646      0.60658532      0.49150151      0.49150151      0.52803360      0.99513555      4.90000000    -10.00000000
    -60.00000000      0.00000000      0.00000000      0.00000000      0.00000000      0.00011029      8.13846200      0.00000354    202.24646006      0.09954633      1.98719017      0.99983646      0.60622885      0.49154197      0.49154197      0.52792952      0.99507987      4.90000000    -10.00000000
