    -10.00000000     -0.00000000     -0.00000000      0.00000000      0.00000000      0.03555080      0.00000103      0.01010625      0.00000000      0.61721167      0.00000000      0.99985371      0.50001446      0.50001840      0.50001840      0.49999798      0.00000000      7.00000000    -10.00000000
     -9.73244147     -0.00000000     -0.00000000      0.00000000      0.00000000      0.03544251      0.00459972      0.01008694      0.00001041      0.61791472      0.00000000      0.99985371      0.49974716      0.50004210      0.50004210      0.50011178      0.00001041      7.00000000    -10.00000000
     -9.46488294     -0.00000000     -0.00000000      0.00000000      0.00000000      0.03547219      0.00912187      0.01006630      0.00004105      0.61613406      0.00000000      0.99985371      0.50099849      0.50008315      0.50008315      0.50010579      0.00004105      7.00000000    -10.00000000
     -9.19732441     -0.00000000     -0.00000000      0.00000000      0.00000000      0.03551579      0.01348116      0.01003202      0.00009008      0.61328224      0.00000000      0.99985371      0.49969389      0.50012910      0.50012910      0.49978892      0.00009007      7.00000000    -10.00000000
     -8.92976589     -0.00000000     -0.00000000      0.00000000      0.00000000      0.03557156      0.01759737      0.00998427      0.00015446      0.60940598      0.00000000      0.99985371      0.49885979      0.50017711      0.50017711      0.49960684      0.00015443      7.00000000    -10.00000000
     -8.66220736     -0.00000000     -0.00000000      0.00000000      0.00000000      0.03563995      0.02138742      0.00992325      0.00023000      0.60451984      0.00000000      0.99985371      0.49818654      0.50022660      0.50022660      0.49941634      0.00022995      7.00000000    -10.00000000
     -8.39464883     -0.00000000     -0.00000000      0.00000000      0.00000000      0.03572115      0.02476879      0.00984927      0.00031150      0.59864878      0.00000000      0.99985371      0.49756191      0.50028185      0.50028185      0.49923513      0.00031140      7.00000000    -10.00000000
     -8.12709030     -0.00000000     -0.00000000      0.00000000      0.00000000      0.03581505      0.02766280      0.00976268      0.00039302      0.59183000      0.00000000      0.99985371      0.49694230      0.50033544      0.50033544      0.49906129      0.00039287      7.00000000    -10.00000000
     -7.85953177     -0.00000000     -0.00000000      0.00000000      0.00000000      0.03592135      0.02999637      0.00966393      0.00046824      0.58411003      0.00000000      0.99985371      0.49633581      0.50039632      0.50039632      0.49888533      0.00046802      7.00000000    -10.00000000
     -7.59197324     -0.00000000     -0.00000000      0.00000000      0.00000000      0.03603962      0.03170254      0.00955354      0.00053080      0.57554258      0.00000000      0.99985371      0.49566583      0.50045845      0.50045845      0.49870820      0.00053052      7.00000000    -10.00000000
     -7.32441472     -0.00000000     -0.00000000      0.00000000      0.00000000      0.03616940      0.03272016      0.00943208      0.00057477      0.56618698      0.00000000      0.99985371      0.49483140      0.50053164      0.50053164      0.49852394      0.00057444      7.00000000    -10.00000000
     -7.05685619     -0.00000000     -0.00000000      0.00000000      0.00000000      0.03631010      0.03299348      0.00930020      0.00059500      0.55610689      0.00000000      0.99985371      0.49388022      0.50060994      0.50060994      0.49834185      0.00059465      7.00000000    -10.00000000
     -6.78929766     -0.00000000     -0.00000000      0.00000000      0.00000000      0.03646110      0.03247196      0.00915855      0.00058769      0.54536905      0.00000000      0.99985371      0.49365145      0.50069629      0.50069629      0.49815339      0.00058734      7.00000000    -10.00000000
     -6.52173913     -0.00000000     -0.00000000      0.00000000      0.00000000      0.03662216      0.03109684      0.00900791      0.00055040      0.53403950      0.00000000      0.99985371      0.49325484      0.50078830      0.50078830      0.49793531      0.00055010      7.00000000    -10.00000000
     -6.25418060     -0.00000000     -0.00000000      0.00000000      0.00000000      0.03679105      0.02886852      0.00884877      0.00048511      0.52219663      0.00000000      0.99985371      0.49302548      0.50088832      0.50088832      0.49775099      0.00048487      7.00000000    -10.00000000
     -5.98662207     -0.00000000     -0.00000000      0.00000000      0.00000000      0.03696840      0.02571142      0.00868208      0.00039408      0.50990202      0.00000000      0.99985371      0.49255202      0.50099805      0.50099805      0.49752995      0.00039393      7.00000000    -10.00000000
     -5.71906355     -0.00000000     -0.00000000      0.00000000      0.00000000      0.03715284      0.02160979      0.00850852      0.00028547      0.49722800      0.00000000      0.99985371      0.49207068      0.50111562      0.50111562      0.49729583      0.00028539      7.00000000    -10.00000000
     -5.45150502     -0.00000000     -0.00000000      0.00000000      0.00000000      0.03734342      0.01653939      0.00832882      0.00017171      0.48424266      0.00000000      0.99985371      0.49155134      0.50124200      0.50124200      0.49698690      0.00017168      7.00000000    -10.00000000
     -5.18394649     -0.00000000     -0.00000000      0.00000000      0.00000000      0.03753918      0.01048119      0.00814373      0.00007089      0.47101206      0.00000000      0.99985371      0.49098071      0.50137591      0.50137591      0.49673242      0.00007089      7.00000000    -10.00000000
     -4.91638796     -0.00000000     -0.00000000      0.00000000      0.00000000      0.03773910      0.00342116      0.00795397      0.00000777      0.45759966      0.00000000      0.99985371      0.49037284      0.50152046      0.50152046      0.49659665      0.00000777      7.00000000    -10.00000000
     -4.64882943     -0.00000000     -0.00000000      0.00000000      0.00000000      0.03794216     -0.00464993      0.00776025      0.00001480      0.44406587      0.00000000      0.99985371      0.48972546      0.50167988      0.50167988      0.49643998      0.00001480      7.00000000    -10.00000000
     -4.38127090     -0.00000000     -0.00000000      0.00000000      0.00000000      0.03814729     -0.01373674      0.00756329      0.00013324      0.43046764      0.00000000      0.99985371      0.48904219      0.50184656      0.50184656      0.49626787      0.00013323      7.00000000    -10.00000000
     -4.11371237     -0.00000000     -0.00000000      0.00000000      0.00000000      0.03835340     -0.02383965      0.00736375      0.00041441      0.41685824      0.00000000      0.99985371      0.48831951      0.50202332      0.50202332      0.49607992      0.00041424      7.00000000    -10.00000000
     -3.84615385     -0.00000000     -0.00000000      0.00000000      0.00000000      0.03855941     -0.03495502      0.00716228      0.00092093      0.40328703      0.00000000      0.99985371      0.48756207      0.50221296      0.50221296      0.49587568      0.00092008      7.00000000    -10.00000000
     -3.57859532     -0.00000000     -0.00000000      0.00000000      0.00000000      0.03876419     -0.04707550      0.00695951      0.00172811      0.38979942      0.00000000      0.99985371      0.48674530      0.50240978      0.50240978      0.49567617      0.00172512      7.00000000    -10.00000000
     -3.31103679     -0.00000000     -0.00000000      0.00000000      0.00000000      0.03896660     -0.06019040      0.00675602      0.00292539      0.37643680      0.00000000      0.99985371      0.48594619      0.50262020      0.50262020      0.49542714      0.00291686      7.00000000    -10.00000000
     -3.04347826     -0.00000000     -0.00000000      0.00000000      0.00000000      0.03916548     -0.07428595      0.00655239      0.00461791      0.36323658      0.00000000      0.99985371      0.48509315      0.50283644      0.50283644      0.49518402      0.00459668      7.00000000    -10.00000000
     -2.77591973     -0.00000000     -0.00000000      0.00000000      0.00000000      0.03935968     -0.08934571      0.00634913      0.00692808      0.35023218      0.00000000      0.99985371      0.48421052      0.50306928      0.50306928      0.49492890      0.00688041      7.00000000    -10.00000000
     -2.50836120     -0.00000000     -0.00000000      0.00000000      0.00000000      0.03954800     -0.10535087      0.00614674      0.00999733      0.33745316      0.00000000      0.99985371      0.48329932      0.50331091      0.50331091      0.49466405      0.00989838      7.00000000    -10.00000000
     -2.24080268     -0.00000000     -0.00000000      0.00000000      0.00000000      0.03972929     -0.12228058      0.00594567      0.01398792      0.32492528      0.00000000      0.99985371      0.48239536      0.50355696      0.50355696      0.49438654      0.01379495      7.00000000    -10.00000000
     -1.97324415     -0.00000000     -0.00000000      0.00000000      0.00000000      0.03990235     -0.14011232      0.00574635      0.01908477      0.31267065      0.00000000      0.99985371      0.48148406      0.50382336      0.50382336      0.49410566      0.01872737      7.00000000    -10.00000000
     -1.70568562     -0.00000000     -0.00000000      0.00000000      0.00000000      0.04006605     -0.15882210      0.00554917      0.02549755      0.30070791      0.00000000      0.99985371      0.48038505      0.50409497      0.50409497      0.49380333      0.02486359      7.00000000    -10.00000000
     -1.43812709     -0.00000000     -0.00000000      0.00000000      0.00000000      0.04021924     -0.17838482      0.00535448      0.03346268      0.28905239      0.00000000      0.99985371      0.47926733      0.50438168      0.50438168      0.49349758      0.03237919      7.00000000    -10.00000000
     -1.17056856     -0.00000000     -0.00000000      0.00000000      0.00000000      0.04036083     -0.19877449      0.00516259      0.04324555      0.27771634      0.00000000      0.99985371      0.47820246      0.50467102      0.50467102      0.49318603      0.04145289      7.00000000    -10.00000000
     -0.90301003     -0.00000000     -0.00000000      0.00000000      0.00000000      0.04048974     -0.21996447      0.00497381      0.05514278      0.26670917      0.00000000      0.99985371      0.47697781      0.50497065      0.50497065      0.49286221      0.05226096      7.00000000    -10.00000000
     -0.63545151     -0.00000000     -0.00000000      0.00000000      0.00000000      0.04060494     -0.24192764      0.00478839      0.06948461      0.25603768      0.00000000      0.99985371      0.47579791      0.50528128      0.50528128      0.49253952      0.06497018      7.00000000    -10.00000000
     -0.36789298     -0.00000000     -0.00000000      0.00000000      0.00000000      0.04070546     -0.26463665      0.00460655      0.08663736      0.24570628      0.00000000      0.99985371      0.47459830      0.50559709      0.50559709      0.49220898      0.07972979      7.00000000    -10.00000000
     -0.10033445     -0.00000000     -0.00000000      0.00000000      0.00000000      0.04079037     -0.28806401      0.00442849      0.10700601      0.23571724      0.00000000      0.99985371      0.47337289      0.50591596      0.50591596      0.49187798      0.09666254      7.00000000    -10.00000000
      0.16722408     -0.00000000     -0.00000000      0.00000000      0.00000000      0.04085878     -0.31218228      0.00425438      0.13103680      0.22607093      0.00000000      0.99985371      0.47212051      0.50625433      0.50625433      0.49154242      0.11585547      7.00000000    -10.00000000
      0.43478261     -0.00000000     -0.00000000      0.00000000      0.00000000      0.04090990     -0.33696414      0.00408438      0.15922002      0.21676601      0.00000000      0.99985371      0.47085877      0.50659362      0.50659362      0.49115454      0.13735100      7.00000000    -10.00000000
      0.70234114     -0.00000000     -0.00000000      0.00000000      0.00000000      0.04094297     -0.36238249      0.00391860      0.19209278      0.20779968      0.00000000      0.99985371      0.46957091      0.50693984      0.50693984      0.49076461      0.16113912      7.00000000    -10.00000000
      0.96989967     -0.00000000     -0.00000000      0.00000000      0.00000000      0.04095731     -0.38841049      0.00375714      0.23024183      0.19916783      0.00000000      0.99985371      0.46826344      0.50728880      0.50728880      0.49038786      0.18715168      7.00000000    -10.00000000
      1.23745819     -0.00000000     -0.00000000      0.00000000      0.00000000      0.04095233     -0.41502159      0.00360008      0.27430638      0.19086530      0.00000000      0.99985371      0.46693639      0.50764428      0.50764428      0.49010894      0.21525937      7.00000000    -10.00000000
      1.50501672     -0.00000000     -0.00000000      0.00000000      0.00000000      0.04092751     -0.44218952      0.00344749      0.32498095      0.18288602      0.00000000      0.99985371      0.46560046      0.50800242      0.50800242      0.48960021      0.24527217      7.00000000    -10.00000000
      1.77257525     -0.00000000     -0.00000000      0.00000000      0.00000000      0.04088243     -0.46988828      0.00329940      0.38301794      0.17522321      0.00000000      0.99985371      0.46424582      0.50836550      0.50836550      0.48919885      0.27694358      7.00000000    -10.00000000
      2.04013378     -0.00000000     -0.00000000      0.00000000      0.00000000      0.04081674     -0.49809216      0.00315585      0.44923024      0.16786955      0.00000000      0.99985371      0.46288151      0.50872933      0.50872933      0.48879315      0.30997851      7.00000000    -10.00000000
      2.30769231     -0.00000000     -0.00000000      0.00000000      0.00000000      0.04073017     -0.52677585      0.00301686      0.52449363      0.16081739      0.00000000      0.99985371      0.46149022      0.50909816      0.50909816      0.48838672      0.34404449      7.00000000    -10.00000000
      2.57525084     -0.00000000     -0.00000000      0.00000000      0.00000000      0.04062254     -0.55591480      0.00288244      0.60974946      0.15405882      0.00000000      0.99985371      0.46011653      0.50946640      0.50946640      0.48797738      0.37878532      7.00000000    -10.00000000
      2.84280936     -0.00000000     -0.00000000      0.00000000      0.00000000      0.04049366     -0.58548577      0.00275257      0.70600801      0.14758580      0.00000000      0.99985371      0.45871915      0.50983580      0.50983580      0.48756593      0.41383628      7.00000000    -10.00000000
      3.11036789     -0.00000000     -0.00000000      0.00000000      0.00000000      0.04034335     -0.61546759      0.00262723      0.81435323      0.14139012      0.00000000      0.99985371      0.45732097      0.51020480      0.51020480      0.48715545      0.44883941      7.00000000    -10.00000000
      3.37792642     -0.00000000     -0.00000000      0.00000000      0.00000000      0.04017145     -0.64584168      0.00250637      0.93594874      0.13546328      0.00000000      0.99985371      0.45591511      0.51057275      0.51057275      0.48674200      0.48345740      7.00000000    -10.00000000
      3.64548495     -0.00000000     -0.00000000      0.00000000      0.00000000      0.03997777     -0.67659183      0.00238994      1.07204404      0.12979632      0.00000000      0.99985371      0.45451188      0.51093934      0.51093934      0.48632971      0.51738478      7.00000000    -10.00000000
      3.91304348     -0.00000000     -0.00000000      0.00000000      0.00000000      0.03976225     -0.70770326      0.00227786      1.22397917      0.12437980      0.00000000      0.99985371      0.45310523      0.51130327      0.51130327      0.48591843      0.55035550      7.00000000    -10.00000000
      4.18060201     -0.00000000     -0.00000000      0.00000000      0.00000000      0.03952494     -0.73916149      0.00217004      1.39318732      0.11920395      0.00000000      0.99985371      0.45169711      0.51166502      0.51166502      0.48550883      0.58214721      7.00000000    -10.00000000
      4.44816054     -0.00000000     -0.00000000      0.00000000      0.00000000      0.03926606     -0.77095171      0.00206640      1.58119678      0.11425887      0.00000000      0.99985371      0.45030046      0.51202313      0.51202313      0.48510064      0.61258281      7.00000000    -10.00000000
      4.71571906     -0.00000000     -0.00000000      0.00000000      0.00000000      0.03898594     -0.80305876      0.00196683      1.78963355      0.10953478      0.00000000      0.99985371      0.44890374      0.51237826      0.51237826      0.48469193      0.64152998      7.00000000    -10.00000000
      4.98327759     -0.00000000     -0.00000000      0.00000000      0.00000000      0.03868503     -0.83546747      0.00187124      2.02022496      0.10502214      0.00000000      0.99985371      0.44750957      0.51272407      0.51272407      0.48429245      0.66889884      7.00000000    -10.00000000
      5.25083612     -0.00000000     -0.00000000      0.00000000      0.00000000      0.03836383     -0.86816295      0.00177954      2.27480351      0.10071174      0.00000000      0.99985371      0.44612607      0.51306430      0.51306430      0.48389364      0.69463817      7.00000000    -10.00000000
      5.51839465     -0.00000000     -0.00000000      0.00000000      0.00000000      0.03802293     -0.90113075      0.00169163      2.55531062      0.09659473      0.00000000      0.99985371      0.44473917      0.51339869      0.51339869      0.48349918      0.71873062      7.00000000    -10.00000000
      5.78595318     -0.00000000     -0.00000000      0.00000000      0.00000000      0.03766294     -0.93435698      0.00160740      2.86380021      0.09266260      0.00000000      0.99985371      0.44335509      0.51372614      0.51372614      0.48310942      0.74118745      7.00000000    -10.00000000
      6.05351171     -0.00000000     -0.00000000      0.00000000      0.00000000      0.03728452     -0.96782834      0.00152676      3.20244207      0.08890719      0.00000000      0.99985371      0.44198585      0.51404644      0.51404644      0.48272479      0.76204312      7.00000000    -10.00000000
      6.32107023     -0.00000000     -0.00000000      0.00000000      0.00000000      0.03688839     -1.00153214      0.00144961      3.57352524      0.08532070      0.00000000      0.99985371      0.44071115      0.51435884      0.51435884      0.48234600      0.78135028      7.00000000    -10.00000000
      6.58862876     -0.00000000     -0.00000000      0.00000000      0.00000000      0.03647529     -1.03545630      0.00137583      3.97946131      0.08189564      0.00000000      0.99985371      0.43942717      0.51466270      0.51466270      0.48197351      0.79917506      7.00000000    -10.00000000
      6.85618729     -0.00000000     -0.00000000      0.00000000      0.00000000      0.03604600     -1.06958936      0.00130534      4.42278758      0.07862480      0.00000000      0.99985371      0.43814896      0.51495771      0.51495771      0.48178016      0.81559300      7.00000000    -10.00000000
      7.12374582     -0.00000000     -0.00000000      0.00000000      0.00000000      0.03560134     -1.10392046      0.00123802      4.90617002      0.07550131      0.00000000      0.99985371      0.43688860      0.51524342      0.51524342      0.48124819      0.83068554      7.00000000    -10.00000000
      7.39130435     -0.00000000     -0.00000000      0.00000000      0.00000000      0.03514216     -1.13843931      0.00117377      5.43240593      0.07251854      0.00000000      0.99985371      0.43564534      0.51551945      0.51551945      0.48089677      0.84453717      7.00000000    -10.00000000
      7.65886288     -0.00000000     -0.00000000      0.00000000      0.00000000      0.03466931     -1.17313618      0.00111250      6.00442620      0.06967017      0.00000000      0.99985371      0.43442043      0.51578544      0.51578544      0.48055291      0.85723313      7.00000000    -10.00000000
      7.92642140     -0.00000000     -0.00000000      0.00000000      0.00000000      0.03418368     -1.20800184      0.00105409      6.62529714      0.06695012      0.00000000      0.99985371      0.43322709      0.51604111      0.51604111      0.48021621      0.86885757      7.00000000    -10.00000000
      8.19397993     -0.00000000     -0.00000000      0.00000000      0.00000000      0.03368618     -1.24302759      0.00099845      7.29822181      0.06435258      0.00000000      0.99985371      0.43205382      0.51628627      0.51628627      0.47989018      0.87949225      7.00000000    -10.00000000
      8.46153846     -0.00000000     -0.00000000      0.00000000      0.00000000      0.03317771     -1.27820518      0.00094547      8.02654066      0.06187201      0.00000000      0.99985371      0.43089354      0.51652137      0.51652137      0.47957186      0.88921559      7.00000000    -10.00000000
      8.72909699     -0.00000000     -0.00000000      0.00000000      0.00000000      0.03265920     -1.31352682      0.00089506      8.81373160      0.05950310      0.00000000      0.99985371      0.42980782      0.51674377      0.51674377      0.47926254      0.89810196      7.00000000    -10.00000000
      8.99665552     -0.00000000     -0.00000000      0.00000000      0.00000000      0.03213156     -1.34898514      0.00084712      9.66340932      0.05724077      0.00000000      0.99985371      0.42868438      0.51695454      0.51695454      0.47896248      0.90622136      7.00000000    -10.00000000
      9.26421405     -0.00000000     -0.00000000      0.00000000      0.00000000      0.03159573     -1.38457319      0.00080155     10.57932366      0.05508019      0.00000000      0.99985371      0.42761791      0.51715395      0.51715395      0.47867202      0.91363917      7.00000000    -10.00000000
      9.53177258     -0.00000000     -0.00000000      0.00000000      0.00000000      0.03105263     -1.42028437      0.00075826     11.56535734      0.05301675      0.00000000      0.99985371      0.42657710      0.51734193      0.51734193      0.47839106      0.92041611      7.00000000    -10.00000000
      9.79933110     -0.00000000     -0.00000000      0.00000000      0.00000000      0.03050316     -1.45611249      0.00071716     12.62552240      0.05104603      0.00000000      0.99985371      0.42556708      0.51751785      0.51751785      0.47812160      0.92660832      7.00000000    -10.00000000
     10.06688963     -0.00000000     -0.00000000      0.00000000      0.00000000      0.02994824     -1.49205166      0.00067815     13.76395642      0.04916386      0.00000000      0.99985371      0.42458887      0.51768338      0.51768338      0.47785871      0.93226748      7.00000000    -10.00000000
     10.33444816     -0.00000000     -0.00000000      0.00000000      0.00000000      0.02938874     -1.52809635      0.00064114     14.98491381      0.04736622      0.00000000      0.99985371      0.42363683      0.51783678      0.51783678      0.47760772      0.93744101      7.00000000    -10.00000000
     10.60200669     -0.00000000     -0.00000000      0.00000000      0.00000000      0.02882555     -1.56424132      0.00060606     16.29276541      0.04564931      0.00000000      0.99985371      0.42271829      0.51797856      0.51797856      0.47736669      0.94217235      7.00000000    -10.00000000
     10.86956522     -0.00000000     -0.00000000      0.00000000      0.00000000      0.02825951     -1.60048164      0.00057282     17.69198455      0.04400949      0.00000000      0.99985371      0.42183129      0.51810913      0.51810913      0.47713574      0.94650113      7.00000000    -10.00000000
     11.13712375     -0.00000000     -0.00000000      0.00000000      0.00000000      0.02769146     -1.63681264      0.00054133     19.18713919      0.04244331      0.00000000      0.99985371      0.42097618      0.51822822      0.51822822      0.47691533      0.95046351      7.00000000    -10.00000000
     11.40468227     -0.00000000     -0.00000000      0.00000000      0.00000000      0.02712220     -1.67322993      0.00051151     20.78288509      0.04094746      0.00000000      0.99985371      0.42015188      0.51833608      0.51833608      0.47663825      0.95409240      7.00000000    -10.00000000
     11.67224080     -0.00000000     -0.00000000      0.00000000      0.00000000      0.02655252     -1.70972936      0.00048330     22.48394910      0.03951879      0.00000000      0.99985371      0.41944628      0.51843279      0.51843279      0.47650510      0.95741772      7.00000000    -10.00000000
     11.93979933     -0.00000000     -0.00000000      0.00000000      0.00000000      0.02598316     -1.74630704      0.00045661     24.29512051      0.03815432      0.00000000      0.99985371      0.41860040      0.51851894      0.51851894      0.47631523      0.96046668      7.00000000    -10.00000000
     12.20735786     -0.00000000     -0.00000000      0.00000000      0.00000000      0.02541486     -1.78295928      0.00043137     26.22123567      0.03685116      0.00000000      0.99985371      0.41787297      0.51859387      0.51859387      0.47613575      0.96326397      7.00000000    -10.00000000
     12.47491639     -0.00000000     -0.00000000      0.00000000      0.00000000      0.02484831     -1.81968260      0.00040751     28.26716386      0.03560660      0.00000000      0.99985371      0.41717693      0.51865814      0.51865814      0.47596592      0.96583202      7.00000000    -10.00000000
     12.74247492     -0.00000000     -0.00000000      0.00000000      0.00000000      0.02428418     -1.85647375      0.00038496     30.43779447      0.03441803      0.00000000      0.99985371      0.41651385      0.51871276      0.51871276      0.47580667      0.96819115      7.00000000    -10.00000000
     13.01003344     -0.00000000     -0.00000000      0.00000000      0.00000000      0.02372308     -1.89332964      0.00036366     32.73801131      0.03328294      0.00000000      0.99985371      0.41588199      0.51875643      0.51875643      0.47565694      0.97035984      7.00000000    -10.00000000
     13.27759197     -0.00000000     -0.00000000      0.00000000      0.00000000      0.02316563     -1.93024737      0.00034355     35.17269167      0.03219896      0.00000000      0.99985371      0.41528116      0.51879083      0.51879083      0.47551746      0.97235484      7.00000000    -10.00000000
     13.54515050     -0.00000000     -0.00000000      0.00000000      0.00000000      0.02261238     -1.96722422      0.00032457     37.74668072      0.03116380      0.00000000      0.99985371      0.41471302      0.51881527      0.51881527      0.47541517      0.97419134      7.00000000    -10.00000000
     13.81270903     -0.00000000     -0.00000000      0.00000000      0.00000000      0.02206387     -2.00425761      0.00030665     40.46477445      0.03017529      0.00000000      0.99985371      0.41417523      0.51883061      0.51883061      0.47526684      0.97588314      7.00000000    -10.00000000
     14.08026756     -0.00000000     -0.00000000      0.00000000      0.00000000      0.02152060     -2.04134513      0.00028974     43.33170695      0.02923133      0.00000000      0.99985371      0.41366837      0.51883695      0.51883695      0.47515503      0.97744278      7.00000000    -10.00000000
     14.34782609     -0.00000000     -0.00000000      0.00000000      0.00000000      0.02098303     -2.07848447      0.00027379     46.35213060      0.02832992      0.00000000      0.99985371      0.41319116      0.51883454      0.51883454      0.47509269      0.97888163      7.00000000    -10.00000000
     14.61538462     -0.00000000     -0.00000000      0.00000000      0.00000000      0.02045159     -2.11567350      0.00025875     49.53060511      0.02746915      0.00000000      0.99985371      0.41274895      0.51882373      0.51882373      0.47496093      0.98021001      7.00000000    -10.00000000
     14.88294314     -0.00000000     -0.00000000      0.00000000      0.00000000      0.01992668     -2.15291017      0.00024456     52.87157255      0.02664717      0.00000000      0.99985371      0.41232799      0.51880479      0.51880479      0.47487638      0.98143733      7.00000000    -10.00000000
     15.15050167     -0.00000000     -0.00000000      0.00000000      0.00000000      0.01940867     -2.19019256      0.00023119     56.37934820      0.02586224      0.00000000      0.99985371      0.41194025      0.51877803      0.51877803      0.47480117      0.98257213      7.00000000    -10.00000000
     15.41806020     -0.00000000     -0.00000000      0.00000000      0.00000000      0.01889789     -2.22751883      0.00021858     60.05810242      0.02511266      0.00000000      0.99985371      0.41146432      0.51874378      0.51874378      0.47473369      0.98362216      7.00000000    -10.00000000
     15.68561873     -0.00000000     -0.00000000      0.00000000      0.00000000      0.01839465     -2.26488727      0.00020670     63.91184045      0.02439683      0.00000000      0.99985371      0.41125698      0.51870235      0.51870235      0.47467483      0.98459449      7.00000000    -10.00000000
     15.95317726     -0.00000000     -0.00000000      0.00000000      0.00000000      0.01789922     -2.30229622      0.00019549     67.94439315      0.02371321      0.00000000      0.99985371      0.41094524      0.51865402      0.51865402      0.47462467      0.98549556      7.00000000    -10.00000000
     16.22073579     -0.00000000     -0.00000000      0.00000000      0.00000000      0.01741185     -2.33974420      0.00018493     72.15977208      0.02306020      0.00000000      0.99985371      0.41066891      0.51859914      0.51859914      0.47458121      0.98633129      7.00000000    -10.00000000
     16.48829431     -0.00000000     -0.00000000      0.00000000      0.00000000      0.01693276     -2.37722945      0.00017498     76.56019643      0.02243679      0.00000000      0.99985371      0.41041787      0.51853801      0.51853801      0.47454391      0.98710679      7.00000000    -10.00000000
     16.75585284     -0.00000000     -0.00000000      0.00000000      0.00000000      0.01646212     -2.41475084      0.00016560     81.15011489      0.02184123      0.00000000      0.99985371      0.41019329      0.51847095      0.51847095      0.47451753      0.98782716      7.00000000    -10.00000000
     17.02341137     -0.00000000     -0.00000000      0.00000000      0.00000000      0.01600012     -2.45230688      0.00015676     85.93202403      0.02127238      0.00000000      0.99985371      0.40999399      0.51839825      0.51839825      0.47449212      0.98849676      7.00000000    -10.00000000
     17.29096990     -0.00000000     -0.00000000      0.00000000      0.00000000      0.01554688     -2.48989628      0.00014843     90.90860681      0.02072903      0.00000000      0.99985371      0.40985178      0.51832044      0.51832044      0.47448354      0.98911963      7.00000000    -10.00000000
     17.55852843     -0.00000000     -0.00000000      0.00000000      0.00000000      0.01510251     -2.52751232      0.00014065     96.03240540      0.02022042      0.00000000      0.99985371      0.40965111      0.51823718      0.51823718      0.47447639      0.98969416      7.00000000    -10.00000000
     17.82608696     -0.00000000     -0.00000000      0.00000000      0.00000000      0.01466715     -2.56517017      0.00013318    101.45488039      0.01971428      0.00000000      0.99985371      0.40953941      0.51814901      0.51814901      0.47447592      0.99023961      7.00000000    -10.00000000
     18.09364548     -0.00000000     -0.00000000      0.00000000      0.00000000      0.01424082     -2.60285230      0.00012620    107.02839052      0.01924073      0.00000000      0.99985371      0.40943329      0.51805716      0.51805716      0.47454333      0.99074317      7.00000000    -10.00000000
     18.36120401     -0.00000000     -0.00000000      0.00000000      0.00000000      0.01382358     -2.64056307      0.00011962    112.80434724      0.01878836      0.00000000      0.99985371      0.40934930      0.51796091      0.51796091      0.47449399      0.99121299      7.00000000    -10.00000000
     18.62876254     -0.00000000     -0.00000000      0.00000000      0.00000000      0.01341546     -2.67830135      0.00011342    118.78324792      0.01835630      0.00000000      0.99985371      0.40928909      0.51786063      0.51786063      0.47451102      0.99165159      7.00000000    -10.00000000
     18.89632107     -0.00000000     -0.00000000      0.00000000      0.00000000      0.01301649     -2.71606617      0.00010757    124.96641456      0.01794357      0.00000000      0.99985371      0.40924812      0.51775697      0.51775697      0.47453426      0.99206138      7.00000000    -10.00000000
     19.16387960     -0.00000000     -0.00000000      0.00000000      0.00000000      0.01262665     -2.75385650      0.00010206    131.35366302      0.01754939      0.00000000      0.99985371      0.40922795      0.51765050      0.51765050      0.47456293      0.99244449      7.00000000    -10.00000000
     19.43143813     -0.00000000     -0.00000000      0.00000000      0.00000000      0.01224592     -2.79167139      0.00009686    137.94493478      0.01717293      0.00000000      0.99985371      0.40922649      0.51754044      0.51754044      0.47459673      0.99280290      7.00000000    -10.00000000
     19.69899666     -0.00000000     -0.00000000      0.00000000      0.00000000      0.01187427     -2.82950992      0.00009195    144.73974435      0.01681342      0.00000000      0.99985371      0.40924276      0.51742624      0.51742624      0.47463555      0.99313845      7.00000000    -10.00000000
     19.96655518     -0.00000000     -0.00000000      0.00000000      0.00000000      0.01151165     -2.86737120      0.00008733    151.73704184      0.01647016      0.00000000      0.99985371      0.40927700      0.51730949      0.51730949      0.47467905      0.99345280      7.00000000    -10.00000000
     20.23411371     -0.00000000     -0.00000000      0.00000000      0.00000000      0.01115800     -2.90525438      0.00008296    158.93544825      0.01614244      0.00000000      0.99985371      0.40932910      0.51719021      0.51719021      0.47472717      0.99374748      7.00000000    -10.00000000
     20.50167224     -0.00000000     -0.00000000      0.00000000      0.00000000      0.01081324     -2.94315862      0.00007884    166.33301763      0.01582962      0.00000000      0.99985371      0.40939642      0.51706876      0.51706876      0.47477959      0.99402389      7.00000000    -10.00000000
     20.76923077     -0.00000000     -0.00000000      0.00000000      0.00000000      0.01047729     -2.98108391      0.00007494    173.93532782      0.01553038      0.00000000      0.99985371      0.40948015      0.51694532      0.51694532      0.47483636      0.99428360      7.00000000    -10.00000000
     21.03678930     -0.00000000     -0.00000000      0.00000000      0.00000000      0.01015005     -3.01902717      0.00007128    181.71583562      0.01524624      0.00000000      0.99985371      0.40958362      0.51682010      0.51682010      0.47491710      0.99452702      7.00000000    -10.00000000
     21.30434783     -0.00000000     -0.00000000      0.00000000      0.00000000      0.00983143     -3.05698875      0.00006782    189.65853663      0.01497741      0.00000000      0.99985371      0.40971670      0.51669328      0.51669328      0.47496110      0.99475502      7.00000000    -10.00000000
     21.57190635     -0.00000000     -0.00000000      0.00000000      0.00000000      0.00952131     -3.09497143      0.00006453    197.86856205      0.01471492      0.00000000      0.99985371      0.40982888      0.51656507      0.51656507      0.47502946      0.99497155      7.00000000    -10.00000000
     21.83946488     -0.00000000     -0.00000000      0.00000000      0.00000000      0.00921956     -3.13296964      0.00006144    206.21745215      0.01446800      0.00000000      0.99985371      0.40997296      0.51643559      0.51643559      0.47510035      0.99517415      7.00000000    -10.00000000
     22.10702341     -0.00000000     -0.00000000      0.00000000      0.00000000      0.00892608     -3.17098413      0.00005852    214.73776120      0.01423316      0.00000000      0.99985371      0.41013028      0.51630513      0.51630513      0.47517475      0.99536474      7.00000000    -10.00000000
     22.37458194     -0.00000000     -0.00000000      0.00000000      0.00000000      0.00864072     -3.20901568      0.00005575    223.44501251      0.01400859      0.00000000      0.99985371      0.41030021      0.51617377      0.51617377      0.47526057      0.99554457      7.00000000    -10.00000000
     22.64214047     -0.00000000     -0.00000000      0.00000000      0.00000000      0.00836334     -3.24706226      0.00005314    232.31314045      0.01379523      0.00000000      0.99985371      0.41048271      0.51604175      0.51604175      0.47533382      0.99571391      7.00000000    -10.00000000
     22.90969900     -0.00000000     -0.00000000      0.00000000      0.00000000      0.00809382     -3.28512344      0.00005067    241.33716112      0.01359254      0.00000000      0.99985371      0.41067645      0.51590901      0.51590901      0.47541523      0.99587352      7.00000000    -10.00000000
     23.17725753     -0.00000000     -0.00000000      0.00000000      0.00000000      0.00783199     -3.32319877      0.00004834    250.49467971      0.01340095      0.00000000      0.99985371      0.41088201      0.51577597      0.51577597      0.47539249      0.99602377      7.00000000    -10.00000000
     23.44481605     -0.00000000     -0.00000000      0.00000000      0.00000000      0.00757773     -3.36128857      0.00004612    259.87706520      0.01321494      0.00000000      0.99985371      0.41109752      0.51564271      0.51564271      0.47559034      0.99616678      7.00000000    -10.00000000
     23.71237458     -0.00000000     -0.00000000      0.00000000      0.00000000      0.00733087     -3.39939170      0.00004404    269.30845360      0.01304289      0.00000000      0.99985371      0.41132435      0.51550951      0.51550951      0.47568126      0.99630052      7.00000000    -10.00000000
     23.97993311     -0.00000000     -0.00000000      0.00000000      0.00000000      0.00709126     -3.43750829      0.00004205    278.95097326      0.01287601      0.00000000      0.99985371      0.41156194      0.51537758      0.51537758      0.47577345      0.99642795      7.00000000    -10.00000000
     24.24749164     -0.00000000     -0.00000000      0.00000000      0.00000000      0.00685876     -3.47563651      0.00004018    288.68903538      0.01271920      0.00000000      0.99985371      0.41180576      0.51524325      0.51524325      0.47586819      0.99654802      7.00000000    -10.00000000
     24.51505017     -0.00000000     -0.00000000      0.00000000      0.00000000      0.00663319     -3.51377661      0.00003840    298.54608655      0.01257067      0.00000000      0.99985371      0.41205853      0.51510917      0.51510917      0.47596473      0.99666162      7.00000000    -10.00000000
     24.78260870     -0.00000000     -0.00000000      0.00000000      0.00000000      0.00641442     -3.55192768      0.00003673    308.48773549      0.01243117      0.00000000      0.99985371      0.41231968      0.51497552      0.51497552      0.47606260      0.99676885      7.00000000    -10.00000000
     25.05016722     -0.00000000     -0.00000000      0.00000000      0.00000000      0.00620228     -3.59009031      0.00003513    318.59385571      0.01229688      0.00000000      0.99985371      0.41259008      0.51484367      0.51484367      0.47616188      0.99687103      7.00000000    -10.00000000
     25.31772575     -0.00000000     -0.00000000      0.00000000      0.00000000      0.00599662     -3.62826355      0.00003362    328.72402363      0.01217272      0.00000000      0.99985371      0.41286617      0.51470970      0.51470970      0.47626600      0.99696716      7.00000000    -10.00000000
     25.58528428     -0.00000000     -0.00000000      0.00000000      0.00000000      0.00579727     -3.66644702      0.00003218    339.00508901      0.01205330      0.00000000      0.99985371      0.41315631      0.51457628      0.51457628      0.47636709      0.99705887      7.00000000    -10.00000000
     25.85284281     -0.00000000     -0.00000000      0.00000000      0.00000000      0.00560410     -3.70464035      0.00003083    349.29927289      0.01194307      0.00000000      0.99985371      0.41343804      0.51444337      0.51444337      0.47647062      0.99714530      7.00000000    -10.00000000
     26.12040134     -0.00000000     -0.00000000      0.00000000      0.00000000      0.00541693     -3.74284316      0.00002954    359.69133354      0.01183845      0.00000000      0.99985371      0.41373275      0.51431116      0.51431116      0.47657639      0.99722755      7.00000000    -10.00000000
     26.38795987     -0.00000000     -0.00000000      0.00000000      0.00000000      0.00523562     -3.78105512      0.00002831    370.14072607      0.01174034      0.00000000      0.99985371      0.41403481      0.51417970      0.51417970      0.47668277      0.99730560      7.00000000    -10.00000000
     26.65551839     -0.00000000     -0.00000000      0.00000000      0.00000000      0.00506001     -3.81927589      0.00002715    380.63813660      0.01164853      0.00000000      0.99985371      0.41434035      0.51404901      0.51404901      0.47679002      0.99737972      7.00000000    -10.00000000
     26.92307692     -0.00000000     -0.00000000      0.00000000      0.00000000      0.00488997     -3.85750514      0.00002604    391.17404150      0.01156284      0.00000000      0.99985371      0.41465325      0.51391917      0.51391917      0.47689872      0.99745011      7.00000000    -10.00000000
     27.19063545     -0.00000000     -0.00000000      0.00000000      0.00000000      0.00472532     -3.89574258      0.00002499    401.76153812      0.01148243      0.00000000      0.99985371      0.41496993      0.51379024      0.51379024      0.47700688      0.99751714      7.00000000    -10.00000000
     27.45819398     -0.00000000     -0.00000000      0.00000000      0.00000000      0.00456594     -3.93398784      0.00002399    412.32160372      0.01140910      0.00000000      0.99985371      0.41529129      0.51366226      0.51366226      0.47711679      0.99758058      7.00000000    -10.00000000
     27.72575251     -0.00000000     -0.00000000      0.00000000      0.00000000      0.00441167     -3.97224081      0.00002304    422.91903493      0.01134058      0.00000000      0.99985371      0.41561643      0.51353523      0.51353523      0.47722709      0.99764106      7.00000000    -10.00000000
     27.99331104     -0.00000000     -0.00000000      0.00000000      0.00000000      0.00426238     -4.01050105      0.00002214    433.53395607      0.01127705      0.00000000      0.99985371      0.41594655      0.51340925      0.51340925      0.47733813      0.99769868      7.00000000    -10.00000000
     28.26086957     -0.00000000     -0.00000000      0.00000000      0.00000000      0.00411792     -4.04876834      0.00002128    444.12048735      0.01121932      0.00000000      0.99985371      0.41679397      0.51328434      0.51328434      0.47744918      0.99775342      7.00000000    -10.00000000
     28.52842809     -0.00000000     -0.00000000      0.00000000      0.00000000      0.00397815     -4.08704246      0.00002046    454.67418227      0.01116708      0.00000000      0.99985371      0.41630787      0.51316052      0.51316052      0.47756050      0.99780545      7.00000000    -10.00000000
     28.79598662     -0.00000000     -0.00000000      0.00000000      0.00000000      0.00384295     -4.12532309      0.00001968    465.23210553      0.01111905      0.00000000      0.99985371      0.41695411      0.51303779      0.51303779      0.47767309      0.99785515      7.00000000    -10.00000000
     29.06354515     -0.00000000     -0.00000000      0.00000000      0.00000000      0.00371217     -4.16361006      0.00001894    475.73892113      0.01107625      0.00000000      0.99985371      0.41729632      0.51291629      0.51291629      0.47778769      0.99790242      7.00000000    -10.00000000
     29.33110368     -0.00000000     -0.00000000      0.00000000      0.00000000      0.00358568     -4.20190315      0.00001823    486.19845998      0.01103824      0.00000000      0.99985371      0.41764089      0.51279595      0.51279595      0.47789730      0.99794745      7.00000000    -10.00000000
     29.59866221     -0.00000000     -0.00000000      0.00000000      0.00000000      0.00346337     -4.24020206      0.00001755    496.59745819      0.01100500      0.00000000      0.99985371      0.41795972      0.51267681      0.51267681      0.47844646      0.99799034      7.00000000    -10.00000000
     29.86622074     -0.00000000     -0.00000000      0.00000000      0.00000000      0.00334510     -4.27850666      0.00001691    506.94553581      0.01097601      0.00000000      0.99985371      0.41833676      0.51255887      0.51255887      0.47832838      0.99803128      7.00000000    -10.00000000
     30.13377926     -0.00000000     -0.00000000      0.00000000      0.00000000      0.00323076     -4.31681671      0.00001630    517.23547440      0.01095117      0.00000000      0.99985371      0.41868752      0.51244220      0.51244220      0.47821436      0.99807038      7.00000000    -10.00000000
     30.40133779     -0.00000000     -0.00000000      0.00000000      0.00000000      0.00312022     -4.35513203      0.00001571    527.42402585      0.01093111      0.00000000      0.99985371      0.41903998      0.51232739      0.51232739      0.47834911      0.99810758      7.00000000    -10.00000000
     30.66889632     -0.00000000     -0.00000000      0.00000000      0.00000000      0.00301336     -4.39345243      0.00001515    537.54814664      0.01091481      0.00000000      0.99985371      0.41939387      0.51221282      0.51221282      0.47846136      0.99814316      7.00000000    -10.00000000
     30.93645485     -0.00000000     -0.00000000      0.00000000      0.00000000      0.00291008     -4.43177771      0.00001461    547.56765264      0.01090284      0.00000000      0.99985371      0.41974898      0.51209954      0.51209954      0.47857526      0.99817707      7.00000000    -10.00000000
     31.20401338     -0.00000000     -0.00000000      0.00000000      0.00000000      0.00281027     -4.47010771      0.00001410    557.48586187      0.01089491      0.00000000      0.99985371      0.42010453      0.51198809      0.51198809      0.47869203      0.99820944      7.00000000    -10.00000000
     31.47157191     -0.00000000     -0.00000000      0.00000000      0.00000000      0.00271380     -4.50844225      0.00001361    567.29555099      0.01089093      0.00000000      0.99985371      0.42046199      0.51187689      0.51187689      0.47879922      0.99824035      7.00000000    -10.00000000
     31.73913043     -0.00000000     -0.00000000      0.00000000      0.00000000      0.00262059     -4.54678118      0.00001315    576.98971203      0.01089084      0.00000000      0.99985371      0.42081901      0.51176875      0.51176875      0.47891157      0.99826987      7.00000000    -10.00000000
     32.00668896     -0.00000000     -0.00000000      0.00000000      0.00000000      0.00253052     -4.58512434      0.00001270    586.56153138      0.01089457      0.00000000      0.99985371      0.42117780      0.51166103      0.51166103      0.47902340      0.99829805      7.00000000    -10.00000000
     32.27424749     -0.00000000     -0.00000000      0.00000000      0.00000000      0.00244350     -4.62347156      0.00001227    596.00427474      0.01090206      0.00000000      0.99985371      0.42153767      0.51155466      0.51155466      0.47913488      0.99832497      7.00000000    -10.00000000
     32.54180602     -0.00000000     -0.00000000      0.00000000      0.00000000      0.00235943     -4.66182273      0.00001186    605.31319435      0.01091322      0.00000000      0.99985371      0.42189702      0.51144954      0.51144954      0.47924629      0.99835069      7.00000000    -10.00000000
     32.80936455     -0.00000000     -0.00000000      0.00000000      0.00000000      0.00227821     -4.70017766      0.00001147    614.47901614      0.01092806      0.00000000      0.99985371      0.42222227      0.51134566      0.51134566      0.47935711      0.99837525      7.00000000    -10.00000000
     33.07692308     -0.00000000     -0.00000000      0.00000000      0.00000000      0.00219976     -4.73853625      0.00001109    623.49882658      0.01094647      0.00000000      0.99985371      0.42261563      0.51124307      0.51124307      0.47946770      0.99839872      7.00000000    -10.00000000
     33.34448161     -0.00000000     -0.00000000      0.00000000      0.00000000      0.00212398     -4.77689836      0.00001073    632.36062933      0.01096854      0.00000000      0.99985371      0.42297454      0.51114177      0.51114177      0.47957784      0.99842112      7.00000000    -10.00000000
     33.61204013     -0.00000000     -0.00000000      0.00000000      0.00000000      0.00205078     -4.81526386      0.00001038    641.07577543      0.01099391      0.00000000      0.99985371      0.42333375      0.51104175      0.51104175      0.47969542      0.99844255      7.00000000    -10.00000000
     33.87959866     -0.00000000     -0.00000000      0.00000000      0.00000000      0.00198009     -4.85363262      0.00001005    649.62253568      0.01102286      0.00000000      0.99985371      0.42369160      0.51094303      0.51094303      0.47979671      0.99846301      7.00000000    -10.00000000
     34.14715719     -0.00000000     -0.00000000      0.00000000      0.00000000      0.00191181     -4.89200454      0.00000973    658.00188299      0.01105524      0.00000000      0.99985371      0.42405015      0.51084559      0.51084559      0.47990545      0.99848255      7.00000000    -10.00000000
     34.41471572     -0.00000000     -0.00000000      0.00000000      0.00000000      0.00184587     -4.93037949      0.00000943    666.20914832      0.01109102      0.00000000      0.99985371      0.42440725      0.51074941      0.51074941      0.48001369      0.99850122      7.00000000    -10.00000000
     34.68227425     -0.00000000     -0.00000000      0.00000000      0.00000000      0.00178220     -4.96875737      0.00000914    674.24010050      0.01113019      0.00000000      0.99985371      0.42476407      0.51065449      0.51065449      0.48012204      0.99851905      7.00000000    -10.00000000
     34.94983278     -0.00000000     -0.00000000      0.00000000      0.00000000      0.00172071     -5.00713806      0.00000885    682.09065386      0.01117271      0.00000000      0.99985371      0.42516718      0.51056083      0.51056083      0.48022806      0.99853607      7.00000000    -10.00000000
     35.21739130     -0.00000000     -0.00000000      0.00000000      0.00000000      0.00166134     -5.04552146      0.00000858    689.75696310      0.01121857      0.00000000      0.99985371      0.42547508      0.51046841      0.51046841      0.48033583      0.99855231      7.00000000    -10.00000000
     35.48494983     -0.00000000     -0.00000000      0.00000000      0.00000000      0.00160401     -5.08390748      0.00000832    697.23562707      0.01126775      0.00000000      0.99985371      0.42582956      0.51037723      0.51037723      0.48044132      0.99856782      7.00000000    -10.00000000
     35.75250836     -0.00000000     -0.00000000      0.00000000      0.00000000      0.00154866     -5.12229602      0.00000807    704.52330870      0.01132024      0.00000000      0.99985371      0.42616312      0.51028726      0.51028726      0.48054668      0.99858261      7.00000000    -10.00000000
     36.02006689     -0.00000000     -0.00000000      0.00000000      0.00000000      0.00149522     -5.16068698      0.00000783    711.61688042      0.01137602      0.00000000      0.99985371      0.42653674      0.51019851      0.51019851      0.48065141      0.99859672      7.00000000    -10.00000000
     36.28762542     -0.00000000     -0.00000000      0.00000000      0.00000000      0.00144362     -5.19908027      0.00000760    718.51293000      0.01143510      0.00000000      0.99985371      0.42688569      0.51011096      0.51011096      0.48075619      0.99861017      7.00000000    -10.00000000
     36.55518395     -0.00000000     -0.00000000      0.00000000      0.00000000      0.00139381     -5.23747580      0.00000738    725.20944074      0.01149747      0.00000000      0.99985371      0.42721183      0.51002460      0.51002460      0.48085929      0.99862299      7.00000000    -10.00000000
     36.82274247     -0.00000000     -0.00000000      0.00000000      0.00000000      0.00134571     -5.27587349      0.00000717    731.70390225      0.01156312      0.00000000      0.99985371      0.42758389      0.50993941      0.50993941      0.48096255      0.99863519      7.00000000    -10.00000000
     37.09030100     -0.00000000     -0.00000000      0.00000000      0.00000000      0.00129928     -5.31427326      0.00000696    737.99389868      0.01163206      0.00000000      0.99985371      0.42793094      0.50985539      0.50985539      0.48106493      0.99864681      7.00000000    -10.00000000
     37.35785953     -0.00000000     -0.00000000      0.00000000      0.00000000      0.00125446     -5.35267503      0.00000676    744.07729781      0.01170429      0.00000000      0.99985371      0.42830900      0.50977251      0.50977251      0.48116627      0.99865786      7.00000000    -10.00000000
     37.62541806     -0.00000000     -0.00000000      0.00000000      0.00000000      0.00121120     -5.39107872      0.00000657    749.95242747      0.01177983      0.00000000      0.99985371      0.42862029      0.50969078      0.50969078      0.48126772      0.99866836      7.00000000    -10.00000000
     37.89297659     -0.00000000     -0.00000000      0.00000000      0.00000000      0.00116943     -5.42948426      0.00000639    755.61897784      0.01185867      0.00000000      0.99985371      0.42896399      0.50961018      0.50961018      0.48136401      0.99867833      7.00000000    -10.00000000
     38.16053512     -0.00000000     -0.00000000      0.00000000      0.00000000      0.00112911     -5.46789157      0.00000621    761.07269780      0.01194085      0.00000000      0.99985371      0.42930458      0.50953067      0.50953067      0.48146789      0.99868779      7.00000000    -10.00000000
     38.42809365     -0.00000000     -0.00000000      0.00000000      0.00000000      0.00109019     -5.50630056      0.00000604    766.31242582      0.01202640      0.00000000      0.99985371      0.42964448      0.50945226      0.50945226      0.48156669      0.99869675      7.00000000    -10.00000000
     38.69565217     -0.00000000     -0.00000000      0.00000000      0.00000000      0.00105262     -5.54471120      0.00000587    771.33974373      0.01211529      0.00000000      0.99985371      0.42998099      0.50937493      0.50937493      0.48166093      0.99870523      7.00000000    -10.00000000
     38.96321070     -0.00000000     -0.00000000      0.00000000      0.00000000      0.00101635     -5.58312340      0.00000571    776.15244062      0.01220756      0.00000000      0.99985371      0.43031772      0.50929869      0.50929869      0.48176294      0.99871325      7.00000000    -10.00000000
     39.23076923     -0.00000000     -0.00000000      0.00000000      0.00000000      0.00098135     -5.62153710      0.00000556    780.74433332      0.01230333      0.00000000      0.99985371      0.43065281      0.50922349      0.50922349      0.48185985      0.99872081      7.00000000    -10.00000000
     39.49832776     -0.00000000     -0.00000000      0.00000000      0.00000000      0.00094756     -5.65995224      0.00000541    785.13118923      0.01240237      0.00000000      0.99985371      0.43098541      0.50914933      0.50914933      0.48196808      0.99872795      7.00000000    -10.00000000
     39.76588629     -0.00000000     -0.00000000      0.00000000      0.00000000      0.00091495     -5.69836876      0.00000527    789.29616974      0.01250497      0.00000000      0.99985371      0.43185398      0.50907620      0.50907620      0.48205193      0.99873465      7.00000000    -10.00000000
     40.03344482     -0.00000000     -0.00000000      0.00000000      0.00000000      0.00088347     -5.73678669      0.00000513    793.23948764      0.01261115      0.00000000      0.99985371      0.43167665      0.50900408      0.50900408      0.48214682      0.99874093      7.00000000    -10.00000000
     40.30100334     -0.00000000     -0.00000000      0.00000000      0.00000000      0.00085308     -5.77520568      0.00000500    796.97558903      0.01272071      0.00000000      0.99985371      0.43150289      0.50893296      0.50893296      0.48224179      0.99874683      7.00000000    -10.00000000
     40.56856187     -0.00000000     -0.00000000      0.00000000      0.00000000      0.00082375     -5.81362598      0.00000487    800.49104360      0.01283392      0.00000000      0.99985371      0.43229871      0.50886283      0.50886283      0.48233461      0.99875233      7.00000000    -10.00000000
     40.83612040     -0.00000000     -0.00000000      0.00000000      0.00000000      0.00079545     -5.85204741      0.00000474    803.78998907      0.01295074      0.00000000      0.99985371      0.43262284      0.50879383      0.50879383      0.48242434      0.99875744      7.00000000    -10.00000000
     41.10367893     -0.00000000     -0.00000000      0.00000000      0.00000000      0.00076812     -5.89046994      0.00000462    806.87279022      0.01307123      0.00000000      0.99985371      0.43294516      0.50872545      0.50872545      0.48260922      0.99876218      7.00000000    -10.00000000
     41.37123746     -0.00000000     -0.00000000      0.00000000      0.00000000      0.00074175     -5.92889351      0.00000451    809.74039402      0.01319541      0.00000000      0.99985371      0.43326385      0.50865802      0.50865802      0.48256785      0.99876656      7.00000000    -10.00000000
     41.63879599     -0.00000000     -0.00000000      0.00000000      0.00000000      0.00071630     -5.96731806      0.00000440    812.39244994      0.01332337      0.00000000      0.99985371      0.43358186      0.50859185      0.50859185      0.48270174      0.99877058      7.00000000    -10.00000000
     41.90635452     -0.00000000     -0.00000000      0.00000000      0.00000000      0.00069173     -6.00574356      0.00000429    814.83198063      0.01345510      0.00000000      0.99985371      0.43389793      0.50852642      0.50852642      0.48279178      0.99877426      7.00000000    -10.00000000
     42.17391304     -0.00000000     -0.00000000      0.00000000      0.00000000      0.00066802     -6.04416995      0.00000418    817.05900644      0.01359069      0.00000000      0.99985371      0.43421110      0.50846189      0.50846189      0.48288159      0.99877759      7.00000000    -10.00000000
     42.44147157     -0.00000000     -0.00000000      0.00000000      0.00000000      0.00064513     -6.08259717      0.00000408    819.07355893      0.01373020      0.00000000      0.99985371      0.43452414      0.50839826      0.50839826      0.48296977      0.99878060      7.00000000    -10.00000000
     42.70903010     -0.00000000     -0.00000000      0.00000000      0.00000000      0.00062303     -6.12102518      0.00000398    820.87645142      0.01387369      0.00000000      0.99985371      0.43483471      0.50833549      0.50833549      0.48305438      0.99878327      7.00000000    -10.00000000
     42.97658863     -0.00000000     -0.00000000      0.00000000      0.00000000      0.00060171     -6.15945394      0.00000389    822.47103481      0.01402120      0.00000000      0.99985371      0.43514251      0.50827357      0.50827357      0.48314546      0.99878563      7.00000000    -10.00000000
     43.24414716     -0.00000000     -0.00000000      0.00000000      0.00000000      0.00058113     -6.19788341      0.00000379    823.85846817      0.01417280      0.00000000      0.99985371      0.43544812      0.50821252      0.50821252      0.48323158      0.99878767      7.00000000    -10.00000000
     43.51170569     -0.00000000     -0.00000000      0.00000000      0.00000000      0.00056126     -6.23631353      0.00000370    825.03865704      0.01432858      0.00000000      0.99985371      0.43575303      0.50815229      0.50815229      0.48331746      0.99878940      7.00000000    -10.00000000
     43.77926421     -0.00000000     -0.00000000      0.00000000      0.00000000      0.00054209     -6.27474426      0.00000362    826.01464372      0.01448858      0.00000000      0.99985371      0.43605509      0.50809288      0.50809288      0.48340269      0.99879083      7.00000000    -10.00000000
     44.04682274     -0.00000000     -0.00000000      0.00000000      0.00000000      0.00052358     -6.31317556      0.00000353    826.78769351      0.01465289      0.00000000      0.99985371      0.43635544      0.50803427      0.50803427      0.48348725      0.99879196      7.00000000    -10.00000000
     44.31438127     -0.00000000     -0.00000000      0.00000000      0.00000000      0.00050572     -6.35160739      0.00000345    827.35987429      0.01482157      0.00000000      0.99985371      0.43665390      0.50797646      0.50797646      0.48357099      0.99879280      7.00000000    -10.00000000
     44.58193980     -0.00000000     -0.00000000      0.00000000      0.00000000      0.00048847     -6.39003971      0.00000337    827.73466290      0.01499469      0.00000000      0.99985371      0.43695014      0.50791943      0.50791943      0.48365445      0.99879334      7.00000000    -10.00000000
     44.84949833     -0.00000000     -0.00000000      0.00000000      0.00000000      0.00047183     -6.42847247      0.00000330    827.91139194      0.01517236      0.00000000      0.99985371      0.43724441      0.50786317      0.50786317      0.48373674      0.99879360      7.00000000    -10.00000000
     45.11705686     -0.00000000     -0.00000000      0.00000000      0.00000000      0.00045576     -6.46690563      0.00000322    827.89174515      0.01535469      0.00000000      0.99985371      0.43753673      0.50780767      0.50780767      0.48381861      0.99879357      7.00000000    -10.00000000
     45.38461538     -0.00000000     -0.00000000      0.00000000      0.00000000      0.00044026     -6.50533916      0.00000315    827.68176023      0.01554168      0.00000000      0.99985371      0.43782673      0.50775291      0.50775291      0.48389980      0.99879326      7.00000000    -10.00000000
     45.65217391     -0.00000000     -0.00000000      0.00000000      0.00000000      0.00042529     -6.54377302      0.00000308    827.28366836      0.01573343      0.00000000      0.99985371      0.43811482      0.50769887      0.50769887      0.48398036      0.99879268      7.00000000    -10.00000000
     45.91973244     -0.00000000     -0.00000000      0.00000000      0.00000000      0.00041084     -6.58220716      0.00000301    826.69679251      0.01593009      0.00000000      0.99985371      0.43840153      0.50764556      0.50764556      0.48406000      0.99879183      7.00000000    -10.00000000
     46.18729097     -0.00000000     -0.00000000      0.00000000      0.00000000      0.00039689     -6.62064154      0.00000295    825.92448639      0.01613174      0.00000000      0.99985371      0.43868606      0.50759296      0.50759296      0.48413883      0.99879070      7.00000000    -10.00000000
     46.45484950     -0.00000000     -0.00000000      0.00000000      0.00000000      0.00038343     -6.65907614      0.00000289    824.97095356      0.01633845      0.00000000      0.99985371      0.43898111      0.50754105      0.50754105      0.48421816      0.99878930      7.00000000    -10.00000000
     46.72240803     -0.00000000     -0.00000000      0.00000000      0.00000000      0.00037043     -6.69751091      0.00000282    823.83810770      0.01655032      0.00000000      0.99985371      0.43924882      0.50748982      0.50748982      0.48429596      0.99878764      7.00000000    -10.00000000
     46.98996656     -0.00000000     -0.00000000      0.00000000      0.00000000      0.00035788     -6.73594582      0.00000276    822.52885427      0.01676747      0.00000000      0.99985371      0.43952648      0.50743927      0.50743927      0.48437297      0.99878571      7.00000000    -10.00000000
     47.25752508     -0.00000000     -0.00000000      0.00000000      0.00000000      0.00034577     -6.77438083      0.00000271    821.04586719      0.01699000      0.00000000      0.99985371      0.43980373      0.50738938      0.50738938      0.48444989      0.99878352      7.00000000    -10.00000000
     47.52508361     -0.00000000     -0.00000000      0.00000000      0.00000000      0.00033408     -6.81281589      0.00000265    819.39246924      0.01721801      0.00000000      0.99985371      0.44007961      0.50734021      0.50734021      0.48453145      0.99878107      7.00000000    -10.00000000
     47.79264214     -0.00000000     -0.00000000      0.00000000      0.00000000      0.00032279     -6.85125098      0.00000259    817.57113008      0.01745162      0.00000000      0.99985371      0.44035180      0.50729152      0.50729152      0.48460137      0.99877836      7.00000000    -10.00000000
     48.06020067     -0.00000000     -0.00000000      0.00000000      0.00000000      0.00031189     -6.88968606      0.00000254    815.58569603      0.01769093      0.00000000      0.99985371      0.44062136      0.50724346      0.50724346      0.48467617      0.99877539      7.00000000    -10.00000000
     48.32775920     -0.00000000     -0.00000000      0.00000000      0.00000000      0.00030137     -6.92812110      0.00000249    813.43905522      0.01793608      0.00000000      0.99985371      0.44089011      0.50719623      0.50719623      0.48475028      0.99877216      7.00000000    -10.00000000
     48.59531773     -0.00000000     -0.00000000      0.00000000      0.00000000      0.00029122     -6.96655605      0.00000244    811.13359607      0.01818718      0.00000000      0.99985371      0.44115765      0.50714948      0.50714948      0.48482392      0.99876868      7.00000000    -10.00000000
     48.86287625     -0.00000000     -0.00000000      0.00000000      0.00000000      0.00028141     -7.00499088      0.00000239    808.67396458      0.01844434      0.00000000      0.99985371      0.44161158      0.50710334      0.50710334      0.48489686      0.99876493      7.00000000    -10.00000000
     49.13043478     -0.00000000     -0.00000000      0.00000000      0.00000000      0.00027195     -7.04342557      0.00000234    806.06346358      0.01870769      0.00000000      0.99985371      0.44151400      0.50705779      0.50705779      0.48496930      0.99876094      7.00000000    -10.00000000
     49.39799331     -0.00000000     -0.00000000      0.00000000      0.00000000      0.00026281     -7.08186006      0.00000230    803.30350504      0.01897739      0.00000000      0.99985371      0.44194569      0.50701281      0.50701281      0.48504102      0.99875669      7.00000000    -10.00000000
     49.66555184     -0.00000000     -0.00000000      0.00000000      0.00000000      0.00025398     -7.12029434      0.00000225    800.39967021      0.01925354      0.00000000      0.99985371      0.44221961      0.50696840      0.50696840      0.48511222      0.99875218      7.00000000    -10.00000000
     49.93311037     -0.00000000     -0.00000000      0.00000000      0.00000000      0.00024547     -7.15872835      0.00000221    797.35462329      0.01953627      0.00000000      0.99985371      0.44246261      0.50692456      0.50692456      0.48521581      0.99874742      7.00000000    -10.00000000
     50.20066890     -0.00000000     -0.00000000      0.00000000      0.00000000      0.00023724     -7.19716208      0.00000217    794.17182991      0.01982575      0.00000000      0.99985371      0.44271755      0.50688126      0.50688126      0.48519258      0.99874241      7.00000000    -10.00000000
     50.46822742     -0.00000000     -0.00000000      0.00000000      0.00000000      0.00022930     -7.23559548      0.00000213    790.85482915      0.02012210      0.00000000      0.99985371      0.44297127      0.50683850      0.50683850      0.48532267      0.99873714      7.00000000    -10.00000000
     50.73578595     -0.00000000     -0.00000000      0.00000000      0.00000000      0.00022163     -7.27402853      0.00000208    787.40710347      0.02042548      0.00000000      0.99985371      0.44322285      0.50679628      0.50679628      0.48539122      0.99873162      7.00000000    -10.00000000
     51.00334448     -0.00000000     -0.00000000      0.00000000      0.00000000      0.00021422     -7.31246118      0.00000205    783.83238098      0.02073602      0.00000000      0.99985371      0.44347317      0.50675458      0.50675458      0.48545936      0.99872584      7.00000000    -10.00000000
     51.27090301     -0.00000000     -0.00000000      0.00000000      0.00000000      0.00020707     -7.35089341      0.00000201    780.13504122      0.02105387      0.00000000      0.99985371      0.44372095      0.50671339      0.50671339      0.48552731      0.99871981      7.00000000    -10.00000000
     51.53846154     -0.00000000     -0.00000000      0.00000000      0.00000000      0.00020017     -7.38932515      0.00000197    776.31574050      0.02137926      0.00000000      0.99985371      0.44396718      0.50667271      0.50667271      0.48559380      0.99871352      7.00000000    -10.00000000
     51.80602007     -0.00000000     -0.00000000      0.00000000      0.00000000      0.00019350     -7.42775642      0.00000194    772.38127142      0.02171226      0.00000000      0.99985371      0.44420206      0.50663253      0.50663253      0.48566150      0.99870698      7.00000000    -10.00000000
     52.07357860     -0.00000000     -0.00000000      0.00000000      0.00000000      0.00018707     -7.46618715      0.00000190    768.33410727      0.02205307      0.00000000      0.99985371      0.44445570      0.50659283      0.50659283      0.48572727      0.99870017      7.00000000    -10.00000000
     52.34113712     -0.00000000     -0.00000000      0.00000000      0.00000000      0.00018085     -7.50461732      0.00000187    764.17841894      0.02240185      0.00000000      0.99985371      0.44469663      0.50655362      0.50655362      0.48579282      0.99869312      7.00000000    -10.00000000
     52.60869565     -0.00000000     -0.00000000      0.00000000      0.00000000      0.00017484     -7.54304689      0.00000183    759.91697518      0.02275878      0.00000000      0.99985371      0.44493441      0.50651490      0.50651490      0.48585785      0.99868580      7.00000000    -10.00000000
     52.87625418     -0.00000000     -0.00000000      0.00000000      0.00000000      0.00016905     -7.58147583      0.00000180    755.55367453      0.02312404      0.00000000      0.99985371      0.44517186      0.50647660      0.50647660      0.48592236      0.99867822      7.00000000    -10.00000000
     53.14381271     -0.00000000     -0.00000000      0.00000000      0.00000000      0.00016345     -7.61990411      0.00000177    751.09254471      0.02349779      0.00000000      0.99985371      0.44540752      0.50643870      0.50643870      0.48598665      0.99867038      7.00000000    -10.00000000
     53.41137124     -0.00000000     -0.00000000      0.00000000      0.00000000      0.00015804     -7.65833168      0.00000174    746.53705984      0.02388023      0.00000000      0.99985371      0.44564150      0.50640141      0.50640141      0.48604982      0.99866227      7.00000000    -10.00000000
     53.67892977     -0.00000000     -0.00000000      0.00000000      0.00000000      0.00015282     -7.69675852      0.00000171    741.89086568      0.02427153      0.00000000      0.99985371      0.44587392      0.50636448      0.50636448      0.48611278      0.99865391      7.00000000    -10.00000000
     53.94648829     -0.00000000     -0.00000000      0.00000000      0.00000000      0.00014777     -7.73518460      0.00000168    737.15766499      0.02467189      0.00000000      0.99985371      0.44610432      0.50632799      0.50632799      0.48617523      0.99864528      7.00000000    -10.00000000
     54.21404682     -0.00000000     -0.00000000      0.00000000      0.00000000      0.00014290     -7.77360988      0.00000165    732.34088595      0.02508151      0.00000000      0.99985371      0.44633312      0.50629193      0.50629193      0.48623744      0.99863638      7.00000000    -10.00000000
     54.48160535     -0.00000000     -0.00000000      0.00000000      0.00000000      0.00013820     -7.81203432      0.00000162    727.44428685      0.02550058      0.00000000      0.99985371      0.44656515      0.50625629      0.50625629      0.48629862      0.99862721      7.00000000    -10.00000000
     54.74916388     -0.00000000     -0.00000000      0.00000000      0.00000000      0.00013365     -7.85045790      0.00000160    722.47154681      0.02592930      0.00000000      0.99985371      0.44678587      0.50622106      0.50622106      0.48635957      0.99861778      7.00000000    -10.00000000
     55.01672241     -0.00000000     -0.00000000      0.00000000      0.00000000      0.00012926     -7.88888057      0.00000157    717.42606404      0.02636787      0.00000000      0.99985371      0.44687048      0.50618624      0.50618624      0.48642108      0.99860807      7.00000000    -10.00000000
     55.28428094     -0.00000000     -0.00000000      0.00000000      0.00000000      0.00012502     -7.92730232      0.00000154    712.31148495      0.02681652      0.00000000      0.99985371      0.44723197      0.50615182      0.50615182      0.48648003      0.99859809      7.00000000    -10.00000000
     55.55183946     -0.00000000     -0.00000000      0.00000000      0.00000000      0.00012092     -7.96572309      0.00000152    707.13122868      0.02727545      0.00000000      0.99985371      0.44745262      0.50611779      0.50611779      0.48653947      0.99858783      7.00000000    -10.00000000
     55.81939799     -0.00000000     -0.00000000      0.00000000      0.00000000      0.00011697     -8.00414287      0.00000149    701.88884301      0.02774488      0.00000000      0.99985371      0.44767302      0.50608415      0.50608415      0.48659616      0.99857730      7.00000000    -10.00000000
     56.08695652     -0.00000000     -0.00000000      0.00000000      0.00000000      0.00011315     -8.04256162      0.00000147    696.58780803      0.02822503      0.00000000      0.99985371      0.44788907      0.50605089      0.50605089      0.48665735      0.99856649      7.00000000    -10.00000000
     56.35451505     -0.00000000     -0.00000000      0.00000000      0.00000000      0.00010945     -8.08097930      0.00000145    691.23152810      0.02871613      0.00000000      0.99985371      0.44810491      0.50601801      0.50601801      0.48671519      0.99855540      7.00000000    -10.00000000
     56.62207358     -0.00000000     -0.00000000      0.00000000      0.00000000      0.00010589     -8.11939588      0.00000142    685.82339206      0.02921841      0.00000000      0.99985371      0.44831918      0.50598552      0.50598552      0.48677324      0.99854402      7.00000000    -10.00000000
     56.88963211     -0.00000000     -0.00000000      0.00000000      0.00000000      0.00010244     -8.15781133      0.00000140    680.36675135      0.02973211      0.00000000      0.99985371      0.44853059      0.50595335      0.50595335      0.48682994      0.99853236      7.00000000    -10.00000000
     57.15719064     -0.00000000     -0.00000000      0.00000000      0.00000000      0.00009911     -8.19622561      0.00000138    674.86459693      0.03025747      0.00000000      0.99985371      0.44874313      0.50592155      0.50592155      0.48688640      0.99852041      7.00000000    -10.00000000
     57.42474916     -0.00000000     -0.00000000      0.00000000      0.00000000      0.00009589     -8.23463871      0.00000136    669.32078279      0.03079472      0.00000000      0.99985371      0.44896443      0.50589011      0.50589011      0.48694293      0.99850818      7.00000000    -10.00000000
     57.69230769     -0.00000000     -0.00000000      0.00000000      0.00000000      0.00009279     -8.27305057      0.00000134    663.73835178      0.03134411      0.00000000      0.99985371      0.44916144      0.50585902      0.50585902      0.48699858      0.99849565      7.00000000    -10.00000000
     57.95986622     -0.00000000     -0.00000000      0.00000000      0.00000000      0.00008978     -8.31146118      0.00000132    658.12030717      0.03190590      0.00000000      0.99985371      0.44936745      0.50582826      0.50582826      0.48705407      0.99848283      7.00000000    -10.00000000
     58.22742475     -0.00000000     -0.00000000      0.00000000      0.00000000      0.00008688     -8.34987050      0.00000130    652.46988872      0.03248034      0.00000000      0.99985371      0.44957188      0.50579784      0.50579784      0.48710908      0.99846971      7.00000000    -10.00000000
     58.49498328     -0.00000000     -0.00000000      0.00000000      0.00000000      0.00008408     -8.38827850      0.00000128    646.79019072      0.03306768      0.00000000      0.99985371      0.44977625      0.50576776      0.50576776      0.48716383      0.99845629      7.00000000    -10.00000000
     58.76254181     -0.00000000     -0.00000000      0.00000000      0.00000000      0.00008137     -8.42668514      0.00000126    641.08421892      0.03366820      0.00000000      0.99985371      0.44997829      0.50573799      0.50573799      0.48721631      0.99844257      7.00000000    -10.00000000
     59.03010033     -0.00000000     -0.00000000      0.00000000      0.00000000      0.00007875     -8.46509041      0.00000124    635.35495521      0.03428217      0.00000000      0.99985371      0.45017907      0.50570854      0.50570854      0.48727137      0.99842855      7.00000000    -10.00000000
     59.29765886     -0.00000000     -0.00000000      0.00000000      0.00000000      0.00007622     -8.50349426      0.00000123    629.60532883      0.03490985      0.00000000      0.99985371      0.45037843      0.50567941      0.50567941      0.48732463      0.99841422      7.00000000    -10.00000000
     59.56521739     -0.00000000     -0.00000000      0.00000000      0.00000000      0.00007378     -8.54189668      0.00000121    623.83821495      0.03555152      0.00000000      0.99985371      0.45057572      0.50565059      0.50565059      0.48737750      0.99839959      7.00000000    -10.00000000
     59.83277592     -0.00000000     -0.00000000      0.00000000      0.00000000      0.00007142     -8.58029762      0.00000119    618.05643376      0.03620746      0.00000000      0.99985371      0.45077159      0.50562207      0.50562207      0.48742977      0.99838464      7.00000000    -10.00000000
     60.10033445     -0.00000000     -0.00000000      0.00000000      0.00000000      0.00006913     -8.61869706      0.00000117    612.26274954      0.03687796      0.00000000      0.99985371      0.45096807      0.50559386      0.50559386      0.48748491      0.99836938      7.00000000    -10.00000000
     60.36789298     -0.00000000     -0.00000000      0.00000000      0.00000000      0.00006693     -8.65709498      0.00000116    606.45986968      0.03756331      0.00000000      0.99985371      0.45116173      0.50556593      0.50556593      0.48753351      0.99835380      7.00000000    -10.00000000
     60.63545151     -0.00000000     -0.00000000      0.00000000      0.00000000      0.00006480     -8.69549135      0.00000114    600.65044416      0.03826379      0.00000000      0.99985371      0.45135366      0.50553830      0.50553830      0.48758495      0.99833791      7.00000000    -10.00000000
     60.90301003     -0.00000000     -0.00000000      0.00000000      0.00000000      0.00006274     -8.73388614      0.00000113    594.83705267      0.03897970      0.00000000      0.99985371      0.45154456      0.50551096      0.50551096      0.48763520      0.99832169      7.00000000    -10.00000000
     61.17056856     -0.00000000     -0.00000000      0.00000000      0.00000000      0.00006074     -8.77227932      0.00000111    589.02226278      0.03971135      0.00000000      0.99985371      0.45174656      0.50548390      0.50548390      0.48768562      0.99830515      7.00000000    -10.00000000
     61.43812709     -0.00000000     -0.00000000      0.00000000      0.00000000      0.00005882     -8.81067088      0.00000110    583.20851325      0.04045904      0.00000000      0.99985371      0.45191807      0.50545711      0.50545711      0.48773618      0.99828828      7.00000000    -10.00000000
     61.70568562     -0.00000000     -0.00000000      0.00000000      0.00000000      0.00005696     -8.84906078      0.00000108    577.39821756      0.04122308      0.00000000      0.99985371      0.45254167      0.50543060      0.50543060      0.48778583      0.99827109      7.00000000    -10.00000000
     61.97324415     -0.00000000     -0.00000000      0.00000000      0.00000000      0.00005516     -8.88744901      0.00000107    571.59375277      0.04200377      0.00000000      0.99985371      0.45248865      0.50540436      0.50540436      0.48807296      0.99825356      7.00000000    -10.00000000
     62.24080268     -0.00000000     -0.00000000      0.00000000      0.00000000      0.00005342     -8.92583555      0.00000105    565.79740056      0.04280143      0.00000000      0.99985371      0.45243618      0.50537838      0.50537838      0.48805981      0.99823570      7.00000000    -10.00000000
     62.50836120     -0.00000000     -0.00000000      0.00000000      0.00000000      0.00005174     -8.96422036      0.00000104    560.01139392      0.04361639      0.00000000      0.99985371      0.45238427      0.50535266      0.50535266      0.48804680      0.99821751      7.00000000    -10.00000000
     62.77591973     -0.00000000     -0.00000000      0.00000000      0.00000000      0.00005011     -9.00260345      0.00000103    554.23790535      0.04444895      0.00000000      0.99985371      0.45233290      0.50532721      0.50532721      0.48803393      0.99819897      7.00000000    -10.00000000
     63.04347826     -0.00000000     -0.00000000      0.00000000      0.00000000      0.00004854     -9.04098477      0.00000101    548.47904695      0.04529945      0.00000000      0.99985371      0.45302387      0.50530200      0.50530200      0.48802119      0.99818009      7.00000000    -10.00000000
     63.31103679     -0.00000000     -0.00000000      0.00000000      0.00000000      0.00004702     -9.07936433      0.00000100    542.73687044      0.04616821      0.00000000      0.99985371      0.45320295      0.50527704      0.50527704      0.48800859      0.99816088      7.00000000    -10.00000000
     63.57859532     -0.00000000     -0.00000000      0.00000000      0.00000000      0.00004556     -9.11774210      0.00000099    537.01336740      0.04705557      0.00000000      0.99985371      0.45338167      0.50525233      0.50525233      0.48799611      0.99814131      7.00000000    -10.00000000
     63.84615385     -0.00000000     -0.00000000      0.00000000      0.00000000      0.00004414     -9.15611808      0.00000097    531.31046942      0.04796185      0.00000000      0.99985371      0.45355828      0.50522787      0.50522787      0.48816999      0.99812140      7.00000000    -10.00000000
     64.11371237     -0.00000000     -0.00000000      0.00000000      0.00000000      0.00004276     -9.19449224      0.00000096    525.63003930      0.04888739      0.00000000      0.99985371      0.45373277      0.50520364      0.50520364      0.48821659      0.99810113      7.00000000    -10.00000000
     64.38127090     -0.00000000     -0.00000000      0.00000000      0.00000000      0.00004144     -9.23286459      0.00000095    519.97390824      0.04983252      0.00000000      0.99985371      0.45390700      0.50517964      0.50517964      0.48826241      0.99808052      7.00000000    -10.00000000
     64.64882943     -0.00000000     -0.00000000      0.00000000      0.00000000      0.00004015     -9.27123511      0.00000094    514.34382100      0.05079760      0.00000000      0.99985371      0.45407996      0.50515588      0.50515588      0.48830836      0.99805955      7.00000000    -10.00000000
     64.91638796     -0.00000000     -0.00000000      0.00000000      0.00000000      0.00003891     -9.30960380      0.00000093    508.74147325      0.05178295      0.00000000      0.99985371      0.45425171      0.50513235      0.50513235      0.48835372      0.99803822      7.00000000    -10.00000000
     65.18394649     -0.00000000     -0.00000000      0.00000000      0.00000000      0.00003771     -9.34797065      0.00000092    503.16850286      0.05278892      0.00000000      0.99985371      0.45442073      0.50510904      0.50510904      0.48839883      0.99801654      7.00000000    -10.00000000
     65.45150502     -0.00000000     -0.00000000      0.00000000      0.00000000      0.00003655     -9.38633566      0.00000091    497.62649067      0.05381585      0.00000000      0.99985371      0.45459154      0.50508595      0.50508595      0.48844335      0.99799449      7.00000000    -10.00000000
     65.71906355     -0.00000000     -0.00000000      0.00000000      0.00000000      0.00003543     -9.42469885      0.00000090    492.11696101      0.05486408      0.00000000      0.99985371      0.45475927      0.50506309      0.50506309      0.48848799      0.99797208      7.00000000    -10.00000000
     65.98662207     -0.00000000     -0.00000000      0.00000000      0.00000000      0.00003435     -9.46306020      0.00000088    486.64138251      0.05593397      0.00000000      0.99985371      0.45491863      0.50504043      0.50504043      0.48853204      0.99794931      7.00000000    -10.00000000
     66.25418060     -0.00000000     -0.00000000      0.00000000      0.00000000      0.00003330     -9.50141972      0.00000087    481.20116904      0.05702586      0.00000000      0.99985371      0.45509259      0.50501799      0.50501799      0.48857582      0.99792618      7.00000000    -10.00000000
     66.52173913     -0.00000000     -0.00000000      0.00000000      0.00000000      0.00003228     -9.53977744      0.00000086    475.79767945      0.05814009      0.00000000      0.99985371      0.45528112      0.50499576      0.50499576      0.48861901      0.99790267      7.00000000    -10.00000000
     66.78929766     -0.00000000     -0.00000000      0.00000000      0.00000000      0.00003130     -9.57813336      0.00000085    470.43222071      0.05927700      0.00000000      0.99985371      0.45542063      0.50497374      0.50497374      0.48866231      0.99787880      7.00000000    -10.00000000
     67.05685619     -0.00000000     -0.00000000      0.00000000      0.00000000      0.00003035     -9.61648749      0.00000084    465.10604661      0.06043694      0.00000000      0.99985371      0.45558400      0.50495192      0.50495192      0.48870527      0.99785457      7.00000000    -10.00000000
     67.32441472     -0.00000000     -0.00000000      0.00000000      0.00000000      0.00002943     -9.65483986      0.00000084    459.82035915      0.06162025      0.00000000      0.99985371      0.45574549      0.50493030      0.50493030      0.48874655      0.99782996      7.00000000    -10.00000000
     67.59197324     -0.00000000     -0.00000000      0.00000000      0.00000000      0.00002854     -9.69319050      0.00000083    454.57631084      0.06282727      0.00000000      0.99985371      0.45590538      0.50490887      0.50490887      0.48878994      0.99780498      7.00000000    -10.00000000
     67.85953177     -0.00000000     -0.00000000      0.00000000      0.00000000      0.00002769     -9.73153943      0.00000082    449.37500415      0.06405834      0.00000000      0.99985371      0.45606516      0.50488764      0.50488764      0.48883210      0.99777963      7.00000000    -10.00000000
     68.12709030     -0.00000000     -0.00000000      0.00000000      0.00000000      0.00002685     -9.76988668      0.00000081    444.21749330      0.06531379      0.00000000      0.99985371      0.45622358      0.50486661      0.50486661      0.48887348      0.99775391      7.00000000    -10.00000000
     68.39464883     -0.00000000     -0.00000000      0.00000000      0.00000000      0.00002605     -9.80823229      0.00000080    439.10478528      0.06659396      0.00000000      0.99985371      0.45637975      0.50484576      0.50484576      0.48891447      0.99772781      7.00000000    -10.00000000
     68.66220736     -0.00000000     -0.00000000      0.00000000      0.00000000      0.00002527     -9.84657631      0.00000079    434.03784083      0.06789916      0.00000000      0.99985371      0.45653632      0.50482511      0.50482511      0.48895581      0.99770135      7.00000000    -10.00000000
     68.92976589     -0.00000000     -0.00000000      0.00000000      0.00000000      0.00002452     -9.88491878      0.00000078    429.01757578      0.06922973      0.00000000      0.99985371      0.45670743      0.50480463      0.50480463      0.48899724      0.99767451      7.00000000    -10.00000000
     69.19732441     -0.00000000     -0.00000000      0.00000000      0.00000000      0.00002379     -9.92325976      0.00000077    424.04486208      0.07058598      0.00000000      0.99985371      0.45684571      0.50478434      0.50478434      0.48903698      0.99764731      7.00000000    -10.00000000
     69.46488294     -0.00000000     -0.00000000      0.00000000      0.00000000      0.00002309     -9.96159930      0.00000077    419.12052882      0.07196821      0.00000000      0.99985371      0.45699865      0.50476423      0.50476423      0.48907682      0.99761973      7.00000000    -10.00000000
     69.73244147     -0.00000000     -0.00000000      0.00000000      0.00000000      0.00002241     -9.99993747      0.00000076    414.24536389      0.07337674      0.00000000      0.99985371      0.45715234      0.50474430      0.50474430      0.48910962      0.99759179      7.00000000    -10.00000000
     70.00000000     -0.00000000     -0.00000000      0.00000000      0.00000000      0.00002175    -10.03827434      0.00000075    409.42011487      0.07481186      0.00000000      0.99985371      0.45730165      0.50472453      0.50472453      0.48915677      0.99756347      7.00000000    -10.00000000
