    -10.00000000     -0.00000000     -0.00000000      0.00000000      0.00000000      0.01064139      0.00000109      0.00026778      0.00000000      0.34768357      0.00000000      0.99981459      0.50010044      0.50013458      0.50013458      0.49998312      0.00000000      1.10000000    -10.00000000
     -9.83277592     -0.00000000     -0.00000000      0.00000000      0.00000000      0.01068934      0.01492283      0.00026917      0.00019456      0.34791642      0.00000000      0.99981459      0.51240668      0.49942331      0.49942331      0.50470304      0.00019452      1.10000000    -10.00000000
     -9.66555184     -0.00000000     -0.00000000      0.00000000      0.00000000      0.01073428      0.02997884      0.00027421      0.00077400      0.35294562      0.00000000      0.99981459      0.52476972      0.49888134      0.49888134      0.50940151      0.00077341      1.10000000    -10.00000000
     -9.49832776     -0.00000000     -0.00000000      0.00000000      0.00000000      0.01077210      0.04547683      0.00028265      0.00173400      0.36253706      0.00000000      0.99981459      0.53713673      0.49831558      0.49831558      0.51415958      0.00173100      1.10000000    -10.00000000
     -9.33110368     -0.00000000     -0.00000000      0.00000000      0.00000000      0.01082483      0.06158963      0.00029457      0.00306671      0.37597960      0.00000000      0.99981459      0.54954042      0.49774724      0.49774724      0.51900769      0.00305733      1.10000000    -10.00000000
     -9.16387960     -0.00000000     -0.00000000      0.00000000      0.00000000      0.01089328      0.07852087      0.00031005      0.00476565      0.39325048      0.00000000      0.99981459      0.56217792      0.49717352      0.49717352      0.52356201      0.00474305      1.10000000    -10.00000000
     -8.99665552     -0.00000000     -0.00000000      0.00000000      0.00000000      0.01097808      0.09647467      0.00032921      0.00682818      0.41432703      0.00000000      0.99981459      0.57378669      0.49660396      0.49660396      0.52816161      0.00678187      1.10000000    -10.00000000
     -8.82943144     -0.00000000     -0.00000000      0.00000000      0.00000000      0.01108000      0.11565421      0.00035219      0.00925781      0.43917339      0.00000000      0.99981459      0.58553555      0.49604058      0.49604058      0.53276181      0.00917289      1.10000000    -10.00000000
     -8.66220736     -0.00000000     -0.00000000      0.00000000      0.00000000      0.01119994      0.13626060      0.00037915      0.01206600      0.46773366      0.00000000      0.99981459      0.59658595      0.49546550      0.49546550      0.53725601      0.01192215      1.10000000    -10.00000000
     -8.49498328     -0.00000000     -0.00000000      0.00000000      0.00000000      0.01133899      0.15849131      0.00041028      0.01527311      0.49992497      0.00000000      0.99981459      0.60768013      0.49487180      0.49487180      0.54165653      0.01504336      1.10000000    -10.00000000
     -8.32775920     -0.00000000     -0.00000000      0.00000000      0.00000000      0.01149841      0.18253814      0.00044576      0.01890880      0.53562975      0.00000000      0.99981459      0.61852555      0.49426956      0.49426956      0.54608106      0.01855790      1.10000000    -10.00000000
     -8.16053512     -0.00000000     -0.00000000      0.00000000      0.00000000      0.01167970      0.20858448      0.00048581      0.02301197      0.57468731      0.00000000      0.99981459      0.62907088      0.49365084      0.49365084      0.55046192      0.02249434      1.10000000    -10.00000000
     -7.99331104     -0.00000000     -0.00000000      0.00000000      0.00000000      0.01188460      0.23680197      0.00053063      0.02763044      0.61688516      0.00000000      0.99981459      0.63925299      0.49302076      0.49302076      0.55476921      0.02688753      1.10000000    -10.00000000
     -7.82608696     -0.00000000     -0.00000000      0.00000000      0.00000000      0.01211509      0.26734639      0.00058043      0.03282048      0.66195009      0.00000000      0.99981459      0.64906710      0.49237616      0.49237616      0.55901117      0.03177753      1.10000000    -10.00000000
     -7.65886288     -0.00000000     -0.00000000      0.00000000      0.00000000      0.01237349      0.30035283      0.00063543      0.03864633      0.70953970      0.00000000      0.99981459      0.65848203      0.49171611      0.49171611      0.56312030      0.03720836      1.10000000    -10.00000000
     -7.49163880     -0.00000000     -0.00000000      0.00000000      0.00000000      0.01266242      0.33593011      0.00069582      0.04517969      0.75923486      0.00000000      0.99981459      0.66747550      0.49104233      0.49104233      0.56725266      0.04322672      1.10000000    -10.00000000
     -7.32441472     -0.00000000     -0.00000000      0.00000000      0.00000000      0.01298490      0.37415459      0.00076175      0.05249919      0.81053367      0.00000000      0.99981459      0.67602693      0.49034461      0.49034461      0.57123652      0.04988050      1.10000000    -10.00000000
     -7.15719064     -0.00000000     -0.00000000      0.00000000      0.00000000      0.01334440      0.41506329      0.00083336      0.06068983      0.86284792      0.00000000      0.99981459      0.68412418      0.48962902      0.48962902      0.57514063      0.05721732      1.10000000    -10.00000000
     -6.98996656     -0.00000000     -0.00000000      0.00000000      0.00000000      0.01374483      0.45864677      0.00091075      0.06984231      0.91550256      0.00000000      0.99981459      0.69204395      0.48889244      0.48889244      0.57892389      0.06528281      1.10000000    -10.00000000
     -6.82274247     -0.00000000     -0.00000000      0.00000000      0.00000000      0.01419069      0.50484173      0.00099395      0.08005226      0.96773935      0.00000000      0.99981459      0.69885724      0.48813327      0.48813327      0.58257280      0.07411888      1.10000000    -10.00000000
     -6.65551839     -0.00000000     -0.00000000      0.00000000      0.00000000      0.01468707      0.55352389      0.00108291      0.09141915      1.01872523      0.00000000      0.99981459      0.70545755      0.48734906      0.48734906      0.58611686      0.08376172      1.10000000    -10.00000000
     -6.48829431     -0.00000000     -0.00000000      0.00000000      0.00000000      0.01523978      0.60450137      0.00117754      0.10404501      1.06756620      0.00000000      0.99981459      0.71151913      0.48653862      0.48653862      0.58952245      0.09423983      1.10000000    -10.00000000
     -6.32107023     -0.00000000     -0.00000000      0.00000000      0.00000000      0.01585539      0.65750924      0.00127762      0.11803276      1.11332681      0.00000000      0.99981459      0.71702261      0.48570542      0.48570542      0.59280487      0.10557183      1.10000000    -10.00000000
     -6.15384615     -0.00000000     -0.00000000      0.00000000      0.00000000      0.01654139      0.71220544      0.00138285      0.13348398      1.15505569      0.00000000      0.99981459      0.72192721      0.48483260      0.48483260      0.59593432      0.11776433      1.10000000    -10.00000000
     -5.98662207     -0.00000000     -0.00000000      0.00000000      0.00000000      0.01730621      0.76816888      0.00149284      0.15049626      1.19181606      0.00000000      0.99981459      0.72616809      0.48393407      0.48393407      0.59890254      0.13080986      1.10000000    -10.00000000
     -5.81939799     -0.00000000     -0.00000000      0.00000000      0.00000000      0.01815942      0.82490012      0.00160705      0.16915976      1.22272044      0.00000000      0.99981459      0.72961249      0.48300354      0.48300354      0.60170552      0.14468490      1.10000000    -10.00000000
     -5.65217391     -0.00000000     -0.00000000      0.00000000      0.00000000      0.01911180      0.88182493      0.00172488      0.18955317      1.24696767      0.00000000      0.99981459      0.73135153      0.48203964      0.48203964      0.60433080      0.15934821      1.10000000    -10.00000000
     -5.48494983     -0.00000000     -0.00000000      0.00000000      0.00000000      0.02017551      0.93830119      0.00184557      0.21173864      1.26388023      0.00000000      0.99981459      0.73440488      0.48104147      0.48104147      0.60676724      0.17473953      1.10000000    -10.00000000
     -5.31772575     -0.00000000     -0.00000000      0.00000000      0.00000000      0.02136420      0.99362907      0.00196832      0.23575588      1.27293890      0.00000000      0.99981459      0.73765702      0.48000957      0.48000957      0.60900287      0.19077868      1.10000000    -10.00000000
     -5.15050167     -0.00000000     -0.00000000      0.00000000      0.00000000      0.02269316      1.04706446      0.00209219      0.26161517      1.27381228      0.00000000      0.99981459      0.74026582      0.47894290      0.47894290      0.61102457      0.20736527      1.10000000    -10.00000000
     -4.98327759     -0.00000000     -0.00000000      0.00000000      0.00000000      0.02417945      1.09783520      0.00221621      0.28928929      1.26637830      0.00000000      0.99981459      0.74221323      0.47784365      0.47784365      0.61281848      0.22437888      1.10000000    -10.00000000
     -4.81605351     -0.00000000     -0.00000000      0.00000000      0.00000000      0.02584207      1.14515945      0.00233934      0.31870435      1.25073541      0.00000000      0.99981459      0.74348920      0.47670853      0.47670853      0.61437119      0.24167991      1.10000000    -10.00000000
     -4.64882943     -0.00000000     -0.00000000      0.00000000      0.00000000      0.02770203      1.18826560      0.00246053      0.34972959      1.22720237      0.00000000      0.99981459      0.74407895      0.47554810      0.47554810      0.61566184      0.25911086      1.10000000    -10.00000000
     -4.48160535     -0.00000000     -0.00000000      0.00000000      0.00000000      0.02978243      1.22641224      0.00257871      0.38216638      1.19630519      0.00000000      0.99981459      0.74397232      0.47435916      0.47435916      0.61667819      0.27649810      1.10000000    -10.00000000
     -4.31438127     -0.00000000     -0.00000000      0.00000000      0.00000000      0.03210858      1.25890782      0.00269285      0.41573736      1.15875151      0.00000000      0.99981459      0.74314976      0.47315099      0.47315099      0.61740323      0.29365430      1.10000000    -10.00000000
     -4.14715719     -0.00000000     -0.00000000      0.00000000      0.00000000      0.03470792      1.28512999      0.00280192      0.45008073      1.11538604      0.00000000      0.99981459      0.74159406      0.47192361      0.47192361      0.61780598      0.31038322      1.10000000    -10.00000000
     -3.97993311     -0.00000000     -0.00000000      0.00000000      0.00000000      0.03761000      1.30452171      0.00290513      0.48468827      1.06723883      0.00000000      0.99981459      0.73929055      0.47069214      0.47069214      0.61787726      0.32645794      1.10000000    -10.00000000
     -3.81270903     -0.00000000     -0.00000000      0.00000000      0.00000000      0.04084625      1.31663823      0.00300158      0.51898944      1.01530355      0.00000000      0.99981459      0.73624423      0.46949933      0.46949933      0.61759244      0.34166758      1.10000000    -10.00000000
     -3.64548495     -0.00000000     -0.00000000      0.00000000      0.00000000      0.04444977      1.32110521      0.00309081      0.55219745      0.96073125      0.00000000      0.99981459      0.73239650      0.46831544      0.46831544      0.61691508      0.35575207      1.10000000    -10.00000000
     -3.47826087     -0.00000000     -0.00000000      0.00000000      0.00000000      0.04845465      1.31768904      0.00317196      0.58352044      0.90446405      0.00000000      0.99981459      0.72773972      0.46716716      0.46716716      0.61583148      0.36849568      1.10000000    -10.00000000
     -3.31103679     -0.00000000     -0.00000000      0.00000000      0.00000000      0.05289544      1.30621980      0.00324491      0.61188573      0.84758587      0.00000000      0.99981459      0.72225359      0.46608068      0.46608068      0.61432995      0.37960863      1.10000000    -10.00000000
     -3.14381271     -0.00000000     -0.00000000      0.00000000      0.00000000      0.05780580      1.28665214      0.00330937      0.63616645      0.79099373      0.00000000      0.99981459      0.71592416      0.46508205      0.46508205      0.61231762      0.38881524      1.10000000    -10.00000000
     -2.97658863     -0.00000000     -0.00000000      0.00000000      0.00000000      0.06321709      1.25904286      0.00336512      0.65514451      0.73547079      0.00000000      0.99981459      0.70873854      0.46420224      0.46420224      0.60982478      0.39582315      1.10000000    -10.00000000
     -2.80936455     -0.00000000     -0.00000000      0.00000000      0.00000000      0.06915645      1.22353977      0.00341210      0.66752941      0.68169056      0.00000000      0.99981459      0.70068174      0.46347743      0.46347743      0.60679380      0.40031043      1.10000000    -10.00000000
     -2.64214047     -0.00000000     -0.00000000      0.00000000      0.00000000      0.07564448      1.18037262      0.00345032      0.67201528      0.63020322      0.00000000      0.99981459      0.69177242      0.46295672      0.46295672      0.60317126      0.40191934      1.10000000    -10.00000000
     -2.47491639     -0.00000000     -0.00000000      0.00000000      0.00000000      0.08269264      1.12983901      0.00347990      0.66735254      0.58143253      0.00000000      0.99981459      0.68199826      0.46266666      0.46266666      0.59880536      0.40024681      1.10000000    -10.00000000
     -2.30769231     -0.00000000     -0.00000000      0.00000000      0.00000000      0.09030026      1.07228981      0.00350104      0.65243772      0.53568169      0.00000000      0.99981459      0.67139274      0.46267743      0.46267743      0.59401614      0.39483347      1.10000000    -10.00000000
     -2.14046823     -0.00000000     -0.00000000      0.00000000      0.00000000      0.09845132      1.00811490      0.00351396      0.62642286      0.49314426      0.00000000      0.99981459      0.65997433      0.46304110      0.46304110      0.58900167      0.38515375      1.10000000    -10.00000000
     -1.97324415     -0.00000000     -0.00000000      0.00000000      0.00000000      0.10711101      0.93773062      0.00351895      0.58884400      0.45391805      0.00000000      0.99981459      0.64790750      0.46381543      0.46381543      0.58335221      0.37061159      1.10000000    -10.00000000
     -1.80602007     -0.00000000     -0.00000000      0.00000000      0.00000000      0.11622241      0.86156906      0.00351632      0.53976437      0.41802042      0.00000000      0.99981459      0.63483256      0.46506721      0.46506721      0.57707890      0.35054998      1.10000000    -10.00000000
     -1.63879599     -0.00000000     -0.00000000      0.00000000      0.00000000      0.12570344      0.78006914      0.00350642      0.47992348      0.38540355      0.00000000      0.99981459      0.62108608      0.46683926      0.46683926      0.57017691      0.32428939      1.10000000    -10.00000000
     -1.47157191     -0.00000000     -0.00000000      0.00000000      0.00000000      0.13544464      0.69366933      0.00348959      0.41088009      0.35596836      0.00000000      0.99981459      0.60675179      0.46914238      0.46914238      0.56265602      0.29122254      1.10000000    -10.00000000
     -1.30434783     -0.00000000     -0.00000000      0.00000000      0.00000000      0.14530797      0.60280091      0.00346619      0.33512569      0.32958057      0.00000000      0.99981459      0.59190014      0.47222180      0.47222180      0.55453601      0.25100685      1.10000000    -10.00000000
     -1.13712375     -0.00000000     -0.00000000      0.00000000      0.00000000      0.15512740      0.50788366      0.00343656      0.25616283      0.30607925      0.00000000      0.99981459      0.57665257      0.47591144      0.47591144      0.54585482      0.20392486      1.10000000    -10.00000000
     -0.96989967     -0.00000000     -0.00000000      0.00000000      0.00000000      0.16471140      0.40932157      0.00340101      0.17851217      0.28528763      0.00000000      0.99981459      0.56110850      0.48029159      0.48029159      0.53663137      0.15147249      1.10000000    -10.00000000
     -0.80267559     -0.00000000     -0.00000000      0.00000000      0.00000000      0.17384785      0.30749940      0.00335983      0.10763729      0.26702215      0.00000000      0.99981459      0.54537251      0.48538514      0.48538514      0.52694142      0.09717738      1.10000000    -10.00000000
     -0.63545151     -0.00000000     -0.00000000      0.00000000      0.00000000      0.18231125      0.20278021      0.00331329      0.04977695      0.25109866      0.00000000      0.99981459      0.52958048      0.49116391      0.49116391      0.51684146      0.04741669      1.10000000    -10.00000000
     -0.46822742     -0.00000000     -0.00000000      0.00000000      0.00000000      0.18987223      0.09550335      0.00326158      0.01168134      0.23733731      0.00000000      0.99981459      0.51381167      0.49758451      0.49758451      0.50641114      0.01154646      1.10000000    -10.00000000
     -0.30100334     -0.00000000     -0.00000000      0.00000000      0.00000000      0.19630879     -0.01401716      0.00320491      0.00026477      0.22556634      0.00000000      0.99981459      0.49817885      0.50457564      0.50457564      0.49577294      0.00026470      1.10000000    -10.00000000
     -0.13377926     -0.00000000     -0.00000000      0.00000000      0.00000000      0.20141843     -0.12549372      0.00314339      0.02220073      0.21562453      0.00000000      0.99981459      0.48274686      0.51203835      0.51203835      0.48481993      0.02171857      1.10000000    -10.00000000
      0.03344482     -0.00000000     -0.00000000      0.00000000      0.00000000      0.20503017     -0.23866598      0.00307716      0.08349712      0.20736289      0.00000000      0.99981459      0.46755751      0.51984751      0.51984751      0.47377870      0.07706261      1.10000000    -10.00000000
      0.20066890     -0.00000000     -0.00000000      0.00000000      0.00000000      0.20701537     -0.35330121      0.00300631      0.18909604      0.20064545      0.00000000      0.99981459      0.45266408      0.52786840      0.52786840      0.46273795      0.15902504      1.10000000    -10.00000000
      0.36789298     -0.00000000     -0.00000000      0.00000000      0.00000000      0.20729620     -0.46919437      0.00293093      0.34254241      0.19534970      0.00000000      0.99981459      0.43808982      0.53594734      0.53594734      0.45178429      0.25514457      1.10000000    -10.00000000
      0.53511706     -0.00000000     -0.00000000      0.00000000      0.00000000      0.20585075     -0.58616752      0.00285115      0.54575702      0.19136640      0.00000000      0.99981459      0.42401399      0.54391491      0.54391491      0.44099903      0.35306779      1.10000000    -10.00000000
      0.70234114     -0.00000000     -0.00000000      0.00000000      0.00000000      0.20271452     -0.70406894      0.00276711      0.79893560      0.18859931      0.00000000      0.99981459      0.40985519      0.55162294      0.55162294      0.43045581      0.44411573      1.10000000    -10.00000000
      0.86956522     -0.00000000     -0.00000000      0.00000000      0.00000000      0.19797783     -0.82277151      0.00267903      1.10057710      0.18696466      0.00000000      0.99981459      0.39615686      0.55892277      0.55892277      0.42021882      0.52394035      1.10000000    -10.00000000
      1.03678930     -0.00000000     -0.00000000      0.00000000      0.00000000      0.19177982     -0.94217069      0.00258719      1.44762783      0.18639050      0.00000000      0.99981459      0.38270741      0.56568626      0.56568626      0.41034269      0.59144115      1.10000000    -10.00000000
      1.20401338     -0.00000000     -0.00000000      0.00000000      0.00000000      0.18429946     -1.06218190      0.00249195      1.83571418      0.18681607      0.00000000      0.99981459      0.36948620      0.57180603      0.57180603      0.40086770      0.64735515      1.10000000    -10.00000000
      1.37123746     -0.00000000     -0.00000000      0.00000000      0.00000000      0.17574465     -1.18273759      0.00239377      2.25942994      0.18819125      0.00000000      0.99981459      0.35646391      0.57720867      0.57720867      0.39182844      0.69319788      1.10000000    -10.00000000
      1.53846154     -0.00000000     -0.00000000      0.00000000      0.00000000      0.16634052     -1.30378387      0.00229319      2.71264270      0.19047594      0.00000000      0.99981459      0.34363304      0.58184147      0.58184147      0.38324650      0.73065008      1.10000000    -10.00000000
      1.70568562     -0.00000000     -0.00000000      0.00000000      0.00000000      0.15631784     -1.42527711      0.00219081      3.18878854      0.19363970      0.00000000      0.99981459      0.33098984      0.58568356      0.58568356      0.37513405      0.76126749      1.10000000    -10.00000000
      1.87290970     -0.00000000     -0.00000000      0.00000000      0.00000000      0.14590253     -1.54718038      0.00208731      3.68113114      0.19766151      0.00000000      0.99981459      0.31854240      0.58873840      0.58873840      0.36749700      0.78637642      1.10000000    -10.00000000
      2.04013378     -0.00000000     -0.00000000      0.00000000      0.00000000      0.13530673     -1.66946005      0.00198340      4.18297097      0.20252970      0.00000000      0.99981459      0.30630662      0.59103214      0.59103214      0.36033341      0.80706047      1.10000000    -10.00000000
      2.20735786     -0.00000000     -0.00000000      0.00000000      0.00000000      0.12472206     -1.79208262      0.00187981      4.68779883      0.20824213      0.00000000      0.99981459      0.29430470      0.59261093      0.59261093      0.35363606      0.82418506      1.10000000    -10.00000000
      2.37458194     -0.00000000     -0.00000000      0.00000000      0.00000000      0.11431499     -1.91501184      0.00177726      5.18939702      0.21480656      0.00000000      0.99981459      0.28256616      0.59355926      0.59355926      0.34739328      0.83843337      1.10000000    -10.00000000
      2.54180602     -0.00000000     -0.00000000      0.00000000      0.00000000      0.10422434     -2.03820649      0.00167647      5.68189813      0.22224113      0.00000000      0.99981459      0.27111450      0.59383778      0.59383778      0.34158991      0.85034193      1.10000000    -10.00000000
      2.70903010     -0.00000000     -0.00000000      0.00000000      0.00000000      0.09456057     -2.16161871      0.00157806      6.15981678      0.23057483      0.00000000      0.99981459      0.25998619      0.59362941      0.59362941      0.33620822      0.86033162      1.10000000    -10.00000000
      2.87625418     -0.00000000     -0.00000000      0.00000000      0.00000000      0.08540671     -2.28519306      0.00148262      6.61806990      0.23984792      0.00000000      0.99981459      0.24920656      0.59296673      0.59296673      0.33122865      0.86873316      1.10000000    -10.00000000
      3.04347826     -0.00000000     -0.00000000      0.00000000      0.00000000      0.07682035     -2.40886613      0.00139063      7.05199643      0.25011213      0.00000000      0.99981459      0.23880093      0.59192013      0.59192013      0.32661745      0.87580720      1.10000000    -10.00000000
      3.21070234     -0.00000000     -0.00000000      0.00000000      0.00000000      0.06883643     -2.53256630      0.00130250      7.45737716      0.26143098      0.00000000      0.99981459      0.22876827      0.59055652      0.59055652      0.32239215      0.88176003      1.10000000    -10.00000000
      3.37792642     -0.00000000     -0.00000000      0.00000000      0.00000000      0.06147051     -2.65621339      0.00121851      7.83044672      0.27388036      0.00000000      0.99981459      0.21916926      0.58893796      0.58893796      0.31849213      0.88675545      1.10000000    -10.00000000
      3.54515050     -0.00000000     -0.00000000      0.00000000      0.00000000      0.05472210     -2.77971758      0.00113888      8.16788776      0.28754982      0.00000000      0.99981459      0.21000848      0.58711952      0.58711952      0.31490875      0.89092362      1.10000000    -10.00000000
      3.71237458     -0.00000000     -0.00000000      0.00000000      0.00000000      0.04857800     -2.90297795      0.00106373      8.46680645      0.30254456      0.00000000      0.99981459      0.20125564      0.58514747      0.58514747      0.31162247      0.89436776      1.10000000    -10.00000000
      3.87959866     -0.00000000     -0.00000000      0.00000000      0.00000000      0.04301533     -3.02588070      0.00099311      8.72470246      0.31898810      0.00000000      0.99981459      0.19293004      0.58307958      0.58307958      0.30860823      0.89716909      1.10000000    -10.00000000
      4.04682274     -0.00000000     -0.00000000      0.00000000      0.00000000      0.03800420     -3.14829786      0.00092703      8.93945621      0.33702494      0.00000000      0.99981459      0.18502979      0.58093913      0.58093913      0.30585072      0.89939087      1.10000000    -10.00000000
      4.21404682     -0.00000000     -0.00000000      0.00000000      0.00000000      0.03351006     -3.27008692      0.00086542      9.10935636      0.35682265      0.00000000      0.99981459      0.17754804      0.57876376      0.57876376      0.30332987      0.90108173      1.10000000    -10.00000000
      4.38127090     -0.00000000     -0.00000000      0.00000000      0.00000000      0.02949557     -3.39109198      0.00080818      9.23318005      0.37857274      0.00000000      0.99981459      0.17048763      0.57659049      0.57659049      0.30102708      0.90227867      1.10000000    -10.00000000
      4.54849498     -0.00000000     -0.00000000      0.00000000      0.00000000      0.02592219     -3.51114642      0.00075514      9.31032305      0.40248958      0.00000000      0.99981459      0.16379401      0.57440056      0.57440056      0.29892602      0.90300983      1.10000000    -10.00000000
      4.71571906     -0.00000000     -0.00000000      0.00000000      0.00000000      0.02275136     -3.63007726      0.00070611      9.34095667      0.42880702      0.00000000      0.99981459      0.15748209      0.57224007      0.57224007      0.29701203      0.90329715      1.10000000    -10.00000000
      4.88294314     -0.00000000     -0.00000000      0.00000000      0.00000000      0.01994541     -3.74771036      0.00066084      9.32616742      0.45777318      0.00000000      0.99981459      0.15153364      0.57012262      0.57012262      0.29526779      0.90315865      1.10000000    -10.00000000
      5.05016722     -0.00000000     -0.00000000      0.00000000      0.00000000      0.01746830     -3.86387536      0.00061906      9.26802453      0.48964413      0.00000000      0.99981459      0.14594021      0.56806036      0.56806036      0.29368177      0.90261028      1.10000000    -10.00000000
      5.21739130     -0.00000000     -0.00000000      0.00000000      0.00000000      0.01528604     -3.97840887      0.00058048      9.16952967      0.52467851      0.00000000      0.99981459      0.14068173      0.56606543      0.56606543      0.29224075      0.90166704      1.10000000    -10.00000000
      5.38461538     -0.00000000     -0.00000000      0.00000000      0.00000000      0.01336698     -4.09115472      0.00054481      9.03443761      0.56313458      0.00000000      0.99981459      0.13571387      0.56411365      0.56411365      0.29093155      0.90034319      1.10000000    -10.00000000
      5.55183946     -0.00000000     -0.00000000      0.00000000      0.00000000      0.01168203     -4.20196102      0.00051176      8.86698147      0.60527084      0.00000000      0.99981459      0.13104190      0.56223184      0.56223184      0.28974805      0.89865188      1.10000000    -10.00000000
      5.71906355     -0.00000000     -0.00000000      0.00000000      0.00000000      0.01020464     -4.31067476      0.00048108      8.67156850      0.65134992      0.00000000      0.99981459      0.12664856      0.56042234      0.56042234      0.28867386      0.89660415      1.10000000    -10.00000000
      5.88628763     -0.00000000     -0.00000000      0.00000000      0.00000000      0.00891076     -4.41713542      0.00045251      8.45251500      0.70164428      0.00000000      0.99981459      0.12251738      0.55868649      0.55868649      0.28770607      0.89420805      1.10000000    -10.00000000
      6.05351171     -0.00000000     -0.00000000      0.00000000      0.00000000      0.00777879     -4.52116935      0.00042588      8.21386421      0.75644184      0.00000000      0.99981459      0.11863331      0.55702476      0.55702476      0.28683555      0.89146790      1.10000000    -10.00000000
      6.22073579     -0.00000000     -0.00000000      0.00000000      0.00000000      0.00678935     -4.62258568      0.00040100      7.95929573      0.81605007      0.00000000      0.99981459      0.11498589      0.55544352      0.55544352      0.28605016      0.88838408      1.10000000    -10.00000000
      6.38795987     -0.00000000     -0.00000000      0.00000000      0.00000000      0.00592520     -4.72117419      0.00037773      7.69210807      0.88079772      0.00000000      0.99981459      0.11155289      0.55393038      0.55393038      0.28534696      0.88495311      1.10000000    -10.00000000
      6.55518395     -0.00000000     -0.00000000      0.00000000      0.00000000      0.00517097     -4.81670478      0.00035593      7.41524491      0.95103405      0.00000000      0.99981459      0.10828749      0.55245186      0.55245186      0.28471874      0.88116805      1.10000000    -10.00000000
      6.72240803     -0.00000000     -0.00000000      0.00000000      0.00000000      0.00451308     -4.90892803      0.00033550      7.13133852      1.02712615      0.00000000      0.99981459      0.10521207      0.55104036      0.55104036      0.28416008      0.87701902      1.10000000    -10.00000000
      6.88963211     -0.00000000     -0.00000000      0.00000000      0.00000000      0.00393949     -4.99757622      0.00031634      6.84275276      1.10945454      0.00000000      0.99981459      0.10231076      0.54969306      0.54969306      0.28366573      0.87249375      1.10000000    -10.00000000
      7.05685619     -0.00000000     -0.00000000      0.00000000      0.00000000      0.00343960     -5.08236464      0.00029834      6.55161823      1.19840764      0.00000000      0.99981459      0.09957187      0.54840707      0.54840707      0.28323108      0.86757805      1.10000000    -10.00000000
      7.22408027     -0.00000000     -0.00000000      0.00000000      0.00000000      0.00300409     -5.16299290      0.00028143      6.25985731      1.29437504      0.00000000      0.99981459      0.09698659      0.54717945      0.54717945      0.28284230      0.86225625      1.10000000    -10.00000000
      7.39130435     -0.00000000     -0.00000000      0.00000000      0.00000000      0.00262474     -5.23914626      0.00026553      5.96920120      1.39773982      0.00000000      0.99981459      0.09454256      0.54600732      0.54600732      0.28252426      0.85651153      1.10000000    -10.00000000
      7.55852843     -0.00000000     -0.00000000      0.00000000      0.00000000      0.00229436     -5.31049711      0.00025056      5.68120147      1.50886947      0.00000000      0.99981459      0.09223109      0.54488785      0.54488785      0.28224471      0.85032632      1.10000000    -10.00000000
      7.72575251     -0.00000000     -0.00000000      0.00000000      0.00000000      0.00200666     -5.37670660      0.00023646      5.39723810      1.62810574      0.00000000      0.99981459      0.09004302      0.54381830      0.54381830      0.28201013      0.84368254      1.10000000    -10.00000000
      7.89297659     -0.00000000     -0.00000000      0.00000000      0.00000000      0.00175613     -5.43742658      0.00022316      5.11852623      1.75575287      0.00000000      0.99981459      0.08797051      0.54279605      0.54279605      0.28181753      0.83656195      1.10000000    -10.00000000
      8.06020067     -0.00000000     -0.00000000      0.00000000      0.00000000      0.00153795     -5.49230192      0.00021061      4.84612244      1.89206448      0.00000000      0.99981459      0.08600588      0.54181841      0.54181841      0.28166430      0.82894645      1.10000000    -10.00000000
      8.22742475     -0.00000000     -0.00000000      0.00000000      0.00000000      0.00134792     -5.54097329      0.00019875      4.58093135      2.03722895      0.00000000      0.99981459      0.08414217      0.54088308      0.54088308      0.28154324      0.82081844      1.10000000    -10.00000000
      8.39464883     -0.00000000     -0.00000000      0.00000000      0.00000000      0.00118238     -5.58308044      0.00018753      4.32371279      2.19135350      0.00000000      0.99981459      0.08237289      0.53998770      0.53998770      0.28146654      0.81216117      1.10000000    -10.00000000
      8.56187291     -0.00000000     -0.00000000      0.00000000      0.00000000      0.00103814     -5.61826606      0.00017691      4.07508973      2.35444710      0.00000000      0.99981459      0.08069231      0.53913006      0.53913006      0.28141781      0.80295915      1.10000000    -10.00000000
      8.72909699     -0.00000000     -0.00000000      0.00000000      0.00000000      0.00091243     -5.64618023      0.00016684      3.83555675      2.52640266      0.00000000      0.99981459      0.07909470      0.53830807      0.53830807      0.28139999      0.79319858      1.10000000    -10.00000000
      8.89632107     -0.00000000     -0.00000000      0.00000000      0.00000000      0.00080281     -5.66648538      0.00015729      3.60548921      2.70697880      0.00000000      0.99981459      0.07757512      0.53751977      0.53751977      0.28141459      0.78286780      1.10000000    -10.00000000
      9.06354515     -0.00000000     -0.00000000      0.00000000      0.00000000      0.00070720     -5.67886196      0.00014822      3.38515270      2.89578204      0.00000000      0.99981459      0.07612913      0.53676325      0.53676325      0.28145053      0.77195777      1.10000000    -10.00000000
      9.23076923     -0.00000000     -0.00000000      0.00000000      0.00000000      0.00062376     -5.68301447      0.00013960      3.17471284      3.09224991      0.00000000      0.99981459      0.07475176      0.53603686      0.53603686      0.28151580      0.76046257      1.10000000    -10.00000000
      9.39799331     -0.00000000     -0.00000000      0.00000000      0.00000000      0.00055090     -5.67867807      0.00013141      2.97424511      3.29563609      0.00000000      0.99981459      0.07343971      0.53533886      0.53533886      0.28160607      0.74837989      1.10000000    -10.00000000
      9.56521739     -0.00000000     -0.00000000      0.00000000      0.00000000      0.00048725     -5.66562533      0.00012361      2.78374434      3.50499873      0.00000000      0.99981459      0.07218908      0.53466775      0.53466775      0.28172004      0.73571153      1.10000000    -10.00000000
      9.73244147     -0.00000000     -0.00000000      0.00000000      0.00000000      0.00043160     -5.64367345      0.00011618      2.60313480      3.71919206      0.00000000      0.99981459      0.07100847      0.53402206      0.53402206      0.28185663      0.72246389      1.10000000    -10.00000000
      9.89966555     -0.00000000     -0.00000000      0.00000000      0.00000000      0.00038291     -5.61269115      0.00010911      2.43227885      3.93686421      0.00000000      0.99981459      0.06985885      0.53340043      0.53340043      0.28201470      0.70864838      1.10000000    -10.00000000
     10.06688963     -0.00000000     -0.00000000      0.00000000      0.00000000      0.00034028     -5.57260549      0.00010237      2.27098603      4.15646037      0.00000000      0.99981459      0.06877323      0.53280160      0.53280160      0.28219337      0.69428179      1.10000000    -10.00000000
     10.23411371     -0.00000000     -0.00000000      0.00000000      0.00000000      0.00030293     -5.52340824      0.00009595      2.11902120      4.37623358      0.00000000      0.99981459      0.06773694      0.53222435      0.53222435      0.28239168      0.67938660      1.10000000    -10.00000000
     10.40133779     -0.00000000     -0.00000000      0.00000000      0.00000000      0.00027017     -5.46516142      0.00008984      1.97611235      4.59426312      0.00000000      0.99981459      0.06674751      0.53166757      0.53166757      0.28260858      0.66399118      1.10000000    -10.00000000
     10.56856187     -0.00000000     -0.00000000      0.00000000      0.00000000      0.00024140     -5.39800190      0.00008401      1.84195769      4.80848122      0.00000000      0.99981459      0.06580266      0.53113019      0.53113019      0.28284393      0.64812988      1.10000000    -10.00000000
     10.73578595     -0.00000000     -0.00000000      0.00000000      0.00000000      0.00021612     -5.32214464      0.00007847      1.71623217      5.01670794      0.00000000      0.99981459      0.06490029      0.53061125      0.53061125      0.28309632      0.63184296      1.10000000    -10.00000000
     10.90301003     -0.00000000     -0.00000000      0.00000000      0.00000000      0.00019388     -5.23788448      0.00007320      1.59859334      5.21669374      0.00000000      0.99981459      0.06403834      0.53010980      0.53010980      0.28336526      0.61517642      1.10000000    -10.00000000
     11.07023411     -0.00000000     -0.00000000      0.00000000      0.00000000      0.00017429     -5.14559615      0.00006819      1.48868671      5.40616870      0.00000000      0.99981459      0.06321506      0.52962498      0.52962498      0.28365008      0.59818164      1.10000000    -10.00000000
     11.23745819     -0.00000000     -0.00000000      0.00000000      0.00000000      0.00015701     -5.04573238      0.00006344      1.38615034      5.58289678      0.00000000      0.99981459      0.06242872      0.52915597      0.52915597      0.28395016      0.58091492      1.10000000    -10.00000000
     11.40468227     -0.00000000     -0.00000000      0.00000000      0.00000000      0.00014174     -4.93882012      0.00005894      1.29061902      5.74473326      0.00000000      0.99981459      0.06167770      0.52870202      0.52870202      0.28426491      0.56343679      1.10000000    -10.00000000
     11.57190635     -0.00000000     -0.00000000      0.00000000      0.00000000      0.00012825     -4.82545470      0.00005467      1.20172774      5.88968283      0.00000000      0.99981459      0.06096057      0.52826239      0.52826239      0.28459380      0.54581124      1.10000000    -10.00000000
     11.73913043     -0.00000000     -0.00000000      0.00000000      0.00000000      0.00011630     -4.70629223      0.00005064      1.11911489      6.01595552      0.00000000      0.99981459      0.06027593      0.52783643      0.52783643      0.28493615      0.52810487      1.10000000    -10.00000000
     11.90635452     -0.00000000     -0.00000000      0.00000000      0.00000000      0.00010570     -4.58204021      0.00004683      1.04242467      6.12201823      0.00000000      0.99981459      0.05962183      0.52742348      0.52742348      0.28529162      0.51038586      1.10000000    -10.00000000
     12.07357860     -0.00000000     -0.00000000      0.00000000      0.00000000      0.00009628     -4.45344679      0.00004325      0.97130936      6.20663877      0.00000000      0.99981459      0.05899902      0.52702296      0.52702296      0.28565954      0.49272295      1.10000000    -10.00000000
     12.24080268     -0.00000000     -0.00000000      0.00000000      0.00000000      0.00008790     -4.32128895      0.00003988      0.90543100      6.26892055      0.00000000      0.99981459      0.05840445      0.52663430      0.52663430      0.28599978      0.47518435      1.10000000    -10.00000000
     12.40802676     -0.00000000     -0.00000000      0.00000000      0.00000000      0.00008043     -4.18635993      0.00003672      0.84446279      6.30832589      0.00000000      0.99981459      0.05783769      0.52625698      0.52625698      0.28643125      0.45783672      1.10000000    -10.00000000
     12.57525084     -0.00000000     -0.00000000      0.00000000      0.00000000      0.00007376     -4.04945640      0.00003377      0.78809020      6.32468701      0.00000000      0.99981459      0.05729778      0.52589050      0.52589050      0.28683411      0.44074410      1.10000000    -10.00000000
     12.74247492     -0.00000000     -0.00000000      0.00000000      0.00000000      0.00006780     -3.91136584      0.00003100      0.73601171      6.31820424      0.00000000      0.99981459      0.05680617      0.52553439      0.52553439      0.28724771      0.42396702      1.10000000    -10.00000000
     12.90969900     -0.00000000     -0.00000000      0.00000000      0.00000000      0.00006245     -3.77285432      0.00002843      0.68793939      6.28943171      0.00000000      0.99981459      0.05629479      0.52518820      0.52518820      0.28767172      0.40756166      1.10000000    -10.00000000
     13.07692308     -0.00000000     -0.00000000      0.00000000      0.00000000      0.00005765     -3.63465533      0.00002603      0.64359917      6.23925161      0.00000000      0.99981459      0.05583005      0.52485151      0.52485151      0.28810557      0.39157915      1.10000000    -10.00000000
     13.24414716     -0.00000000     -0.00000000      0.00000000      0.00000000      0.00005333     -3.49745968      0.00002381      0.60273104      6.16883830      0.00000000      0.99981459      0.05538877      0.52452395      0.52452395      0.28854922      0.37606499      1.10000000    -10.00000000
     13.41137124     -0.00000000     -0.00000000      0.00000000      0.00000000      0.00004944     -3.36190682      0.00002175      0.56508895      6.07961446      0.00000000      0.99981459      0.05497024      0.52420512      0.52420512      0.28900195      0.36105868      1.10000000    -10.00000000
     13.57859532     -0.00000000     -0.00000000      0.00000000      0.00000000      0.00004592     -3.22857759      0.00001985      0.53044069      5.97320108      0.00000000      0.99981459      0.05457374      0.52389467      0.52389467      0.28946368      0.34659343      1.10000000    -10.00000000
     13.74581940     -0.00000000     -0.00000000      0.00000000      0.00000000      0.00004274     -3.09798846      0.00001810      0.49856758      5.85136340      0.00000000      0.99981459      0.05419866      0.52359228      0.52359228      0.28993389      0.33269609      1.10000000    -10.00000000
     13.91304348     -0.00000000     -0.00000000      0.00000000      0.00000000      0.00003985     -2.97058698      0.00001649      0.46926407      5.71595442      0.00000000      0.99981459      0.05383024      0.52329763      0.52329763      0.29041216      0.31938715      1.10000000    -10.00000000
     14.08026756     -0.00000000     -0.00000000      0.00000000      0.00000000      0.00003723     -2.84674819      0.00001501      0.44233727      5.56885720      0.00000000      0.99981459      0.05351032      0.52301041      0.52301041      0.29089866      0.30668089      1.10000000    -10.00000000
     14.24749164     -0.00000000     -0.00000000      0.00000000      0.00000000      0.00003484     -2.72677142      0.00001365      0.41760640      5.41192578      0.00000000      0.99981459      0.05319597      0.52273034      0.52273034      0.29139253      0.29458558      1.10000000    -10.00000000
     14.41471572     -0.00000000     -0.00000000      0.00000000      0.00000000      0.00003266     -2.61087659      0.00001240      0.39490210      5.24692378      0.00000000      0.99981459      0.05290077      0.52245716      0.52245716      0.29189214      0.28310381      1.10000000    -10.00000000
     14.58193980     -0.00000000     -0.00000000      0.00000000      0.00000000      0.00003067     -2.49919887      0.00001127      0.37406577      5.07545717      0.00000000      0.99981459      0.05262588      0.52219060      0.52219060      0.29240191      0.27223280      1.10000000    -10.00000000
     14.74916388     -0.00000000     -0.00000000      0.00000000      0.00000000      0.00002884     -2.39177963      0.00001023      0.35494878      4.89889520      0.00000000      0.99981459      0.05236593      0.52193043      0.52193043      0.29291804      0.26196472      1.10000000    -10.00000000
     14.91638796     -0.00000000     -0.00000000      0.00000000      0.00000000      0.00002716     -2.28855120      0.00000927      0.33741162      4.71826945      0.00000000      0.99981459      0.05212540      0.52167641      0.52167641      0.29343806      0.25228704      1.10000000    -10.00000000
     15.08361204     -0.00000000     -0.00000000      0.00000000      0.00000000      0.00002561     -2.18931179      0.00000841      0.32132321      4.53413705      0.00000000      0.99981459      0.05190220      0.52142832      0.52142832      0.29396552      0.24318290      1.10000000    -10.00000000
     15.25083612     -0.00000000     -0.00000000      0.00000000      0.00000000      0.00002419     -2.09368713      0.00000761      0.30656046      4.34639241      0.00000000      0.99981459      0.05169596      0.52118595      0.52118595      0.29449874      0.23463167      1.10000000    -10.00000000
     15.41806020     -0.00000000     -0.00000000      0.00000000      0.00000000      0.00002287     -2.00107907      0.00000688      0.29300903      4.15402394      0.00000000      0.99981459      0.05150628      0.52094910      0.52094910      0.29504083      0.22661020      1.10000000    -10.00000000
     15.58528428     -0.00000000     -0.00000000      0.00000000      0.00000000      0.00002164     -1.91061537      0.00000620      0.28056694      3.95486391      0.00000000      0.99981459      0.05133280      0.52071758      0.52071758      0.29563875      0.21909588      1.10000000    -10.00000000
     15.75250836     -0.00000000     -0.00000000      0.00000000      0.00000000      0.00002050     -1.82115194      0.00000556      0.26915445      3.74552157      0.00000000      0.99981459      0.05117516      0.52049122      0.52049122      0.29613068      0.21207384      1.10000000    -10.00000000
     15.91973244     -0.00000000     -0.00000000      0.00000000      0.00000000      0.00001944     -1.73144454      0.00000496      0.25873457      3.52195844      0.00000000      0.99981459      0.05103303      0.52026983      0.52026983      0.29668600      0.20555133      1.10000000    -10.00000000
     16.08695652     -0.00000000     -0.00000000      0.00000000      0.00000000      0.00001844     -1.64065239      0.00000438      0.24934303      3.28138687      0.00000000      0.99981459      0.05090611      0.52005325      0.52005325      0.29727680      0.19957932      1.10000000    -10.00000000
     16.25418060     -0.00000000     -0.00000000      0.00000000      0.00000000      0.00001751     -1.54917773      0.00000383      0.24110542      3.02563841      0.00000000      0.99981459      0.05079406      0.51984133      0.51984133      0.29780701      0.19426667      1.10000000    -10.00000000
     16.42140468     -0.00000000     -0.00000000      0.00000000      0.00000000      0.00001664     -1.46008758      0.00000333      0.23418225      2.76710314      0.00000000      0.99981459      0.05069659      0.51963390      0.51963390      0.29837640      0.18974690      1.10000000    -10.00000000
     16.58862876     -0.00000000     -0.00000000      0.00000000      0.00000000      0.00001583     -1.37545588      0.00000288      0.22865592      2.51496759      0.00000000      0.99981459      0.05061342      0.51943080      0.51943080      0.29894815      0.18610248      1.10000000    -10.00000000
     16.75585284     -0.00000000     -0.00000000      0.00000000      0.00000000      0.00001508     -1.29973677      0.00000250      0.22439016      2.28838196      0.00000000      0.99981459      0.05054425      0.51923192      0.51923192      0.29952363      0.18326688      1.10000000    -10.00000000
     16.92307692     -0.00000000     -0.00000000      0.00000000      0.00000000      0.00001438     -1.23475362      0.00000218      0.22103395      2.09663647      0.00000000      0.99981459      0.05048883      0.51903713      0.51903713      0.30010278      0.18102195      1.10000000    -10.00000000
     17.09030100     -0.00000000     -0.00000000      0.00000000      0.00000000      0.00001374     -1.18036873      0.00000193      0.21817491      1.94111871      0.00000000      0.99981459      0.05044697      0.51884631      0.51884631      0.30068567      0.17909982      1.10000000    -10.00000000
     17.25752508     -0.00000000     -0.00000000      0.00000000      0.00000000      0.00001314     -1.13520545      0.00000173      0.21548250      1.81785165      0.00000000      0.99981459      0.05041835      0.51865933      0.51865933      0.30127122      0.17728145      1.10000000    -10.00000000
     17.42474916     -0.00000000     -0.00000000      0.00000000      0.00000000      0.00001258     -1.09749172      0.00000157      0.21275938      1.72081944      0.00000000      0.99981459      0.05040267      0.51847608      0.51847608      0.30186366      0.17543412      1.10000000    -10.00000000
     17.59197324     -0.00000000     -0.00000000      0.00000000      0.00000000      0.00001205     -1.06557129      0.00000143      0.20992044      1.64411355      0.00000000      0.99981459      0.05040000      0.51829644      0.51829644      0.30245167      0.17349937      1.10000000    -10.00000000
     17.75919732     -0.00000000     -0.00000000      0.00000000      0.00000000      0.00001155     -1.03809319      0.00000132      0.20695007      1.58280937      0.00000000      0.99981459      0.05040978      0.51812030      0.51812030      0.30304594      0.17146531      1.10000000    -10.00000000
     17.92642140     -0.00000000     -0.00000000      0.00000000      0.00000000      0.00001109     -1.01402480      0.00000123      0.20386659      1.53310745      0.00000000      0.99981459      0.05039872      0.51794757      0.51794757      0.30364146      0.16934318      1.10000000    -10.00000000
     18.09364548     -0.00000000     -0.00000000      0.00000000      0.00000000      0.00001064     -0.99259951      0.00000115      0.20070041      1.49218051      0.00000000      0.99981459      0.05046625      0.51777814      0.51777814      0.30424189      0.16715278      1.10000000    -10.00000000
     18.26086957     -0.00000000     -0.00000000      0.00000000      0.00000000      0.00001023     -0.97325341      0.00000108      0.19748291      1.45795411      0.00000000      0.99981459      0.05051252      0.51761191      0.51761191      0.30484316      0.16491502      1.10000000    -10.00000000
     18.42809365     -0.00000000     -0.00000000      0.00000000      0.00000000      0.00000983     -0.95557087      0.00000102      0.19424186      1.42890872      0.00000000      0.99981459      0.05057067      0.51744880      0.51744880      0.30544643      0.16264868      1.10000000    -10.00000000
     18.59531773     -0.00000000     -0.00000000      0.00000000      0.00000000      0.00000945     -0.93924284      0.00000096      0.19099998      1.40392521      0.00000000      0.99981459      0.05064007      0.51728872      0.51728872      0.30606698      0.16036942      1.10000000    -10.00000000
     18.76254181     -0.00000000     -0.00000000      0.00000000      0.00000000      0.00000910     -0.92403678      0.00000091      0.18777513      1.38217159      0.00000000      0.99981459      0.05072105      0.51713158      0.51713158      0.30665823      0.15808980      1.10000000    -10.00000000
     18.92976589     -0.00000000     -0.00000000      0.00000000      0.00000000      0.00000876     -0.90977520      0.00000086      0.18458090      1.36302219      0.00000000      0.99981459      0.05081319      0.51697730      0.51697730      0.30718385      0.15581958      1.10000000    -10.00000000
     19.09698997     -0.00000000     -0.00000000      0.00000000      0.00000000      0.00000843     -0.89632062      0.00000082      0.18142746      1.34600064      0.00000000      0.99981459      0.05091634      0.51682581      0.51682581      0.30787644      0.15356631      1.10000000    -10.00000000
     19.26421405     -0.00000000     -0.00000000      0.00000000      0.00000000      0.00000812     -0.88356498      0.00000078      0.17832220      1.33073958      0.00000000      0.99981459      0.05103035      0.51667702      0.51667702      0.30848749      0.15133569      1.10000000    -10.00000000
     19.43143813     -0.00000000     -0.00000000      0.00000000      0.00000000      0.00000783     -0.87142207      0.00000075      0.17527042      1.31695217      0.00000000      0.99981459      0.05115502      0.51653086      0.51653086      0.30909958      0.14913199      1.10000000    -10.00000000
     19.59866221     -0.00000000     -0.00000000      0.00000000      0.00000000      0.00000755     -0.85982216      0.00000071      0.17227573      1.30441166      0.00000000      0.99981459      0.05129020      0.51638727      0.51638727      0.30971271      0.14695837      1.10000000    -10.00000000
     19.76588629     -0.00000000     -0.00000000      0.00000000      0.00000000      0.00000728     -0.84870809      0.00000068      0.16934053      1.29293673      0.00000000      0.99981459      0.05143572      0.51624618      0.51624618      0.31032674      0.14481712      1.10000000    -10.00000000
     19.93311037     -0.00000000     -0.00000000      0.00000000      0.00000000      0.00000702     -0.83803242      0.00000065      0.16646623      1.28238077      0.00000000      0.99981459      0.05159143      0.51610752      0.51610752      0.31094152      0.14270986      1.10000000    -10.00000000
     20.10033445     -0.00000000     -0.00000000      0.00000000      0.00000000      0.00000678     -0.82775532      0.00000062      0.16365352      1.27262400      0.00000000      0.99981459      0.05175712      0.51597123      0.51597123      0.31155681      0.14063767      1.10000000    -10.00000000
     20.26755853     -0.00000000     -0.00000000      0.00000000      0.00000000      0.00000655     -0.81784299      0.00000060      0.16090254      1.26356758      0.00000000      0.99981459      0.05193278      0.51583724      0.51583724      0.31201310      0.13860125      1.10000000    -10.00000000
     20.43478261     -0.00000000     -0.00000000      0.00000000      0.00000000      0.00000632     -0.80826643      0.00000057      0.15821300      1.25512922      0.00000000      0.99981459      0.05211814      0.51570550      0.51570550      0.31278892      0.13660095      1.10000000    -10.00000000
     20.60200669     -0.00000000     -0.00000000      0.00000000      0.00000000      0.00000611     -0.79900058      0.00000055      0.15558429      1.24723980      0.00000000      0.99981459      0.05231248      0.51557596      0.51557596      0.31340538      0.13463690      1.10000000    -10.00000000
     20.76923077     -0.00000000     -0.00000000      0.00000000      0.00000000      0.00000590     -0.79002355      0.00000053      0.15301558      1.23984081      0.00000000      0.99981459      0.05251760      0.51544855      0.51544855      0.31402128      0.13270903      1.10000000    -10.00000000
     20.93645485     -0.00000000     -0.00000000      0.00000000      0.00000000      0.00000571     -0.78131609      0.00000051      0.15050586      1.23288233      0.00000000      0.99981459      0.05273110      0.51532323      0.51532323      0.31464835      0.13081712      1.10000000    -10.00000000
     21.10367893     -0.00000000     -0.00000000      0.00000000      0.00000000      0.00000552     -0.77286118      0.00000049      0.14805400      1.22632150      0.00000000      0.99981459      0.05295398      0.51519994      0.51519994      0.31525569      0.12896083      1.10000000    -10.00000000
     21.27090301     -0.00000000     -0.00000000      0.00000000      0.00000000      0.00000534     -0.76464360      0.00000047      0.14565877      1.22012126      0.00000000      0.99981459      0.05313464      0.51507864      0.51507864      0.31587231      0.12713975      1.10000000    -10.00000000
     21.43812709     -0.00000000     -0.00000000      0.00000000      0.00000000      0.00000517     -0.75664974      0.00000045      0.14331888      1.21424937      0.00000000      0.99981459      0.05342654      0.51495927      0.51495927      0.31648876      0.12535337      1.10000000    -10.00000000
     21.60535117     -0.00000000     -0.00000000      0.00000000      0.00000000      0.00000500     -0.74886731      0.00000044      0.14103301      1.20867763      0.00000000      0.99981459      0.05367604      0.51484179      0.51484179      0.31710511      0.12360117      1.10000000    -10.00000000
     21.77257525     -0.00000000     -0.00000000      0.00000000      0.00000000      0.00000484     -0.74128518      0.00000042      0.13879982      1.20338123      0.00000000      0.99981459      0.05393416      0.51472615      0.51472615      0.31772047      0.12188255      1.10000000    -10.00000000
     21.93979933     -0.00000000     -0.00000000      0.00000000      0.00000000      0.00000469     -0.73389319      0.00000041      0.13661796      1.19833826      0.00000000      0.99981459      0.05420076      0.51461232      0.51461232      0.31833560      0.12019691      1.10000000    -10.00000000
     22.10702341     -0.00000000     -0.00000000      0.00000000      0.00000000      0.00000454     -0.72668210      0.00000039      0.13448609      1.19352926      0.00000000      0.99981459      0.05447573      0.51450024      0.51450024      0.31895041      0.11854362      1.10000000    -10.00000000
     22.27424749     -0.00000000     -0.00000000      0.00000000      0.00000000      0.00000440     -0.71964337      0.00000038      0.13240286      1.18893688      0.00000000      0.99981459      0.05475896      0.51438988      0.51438988      0.31956752      0.11692205      1.10000000    -10.00000000
     22.44147157     -0.00000000     -0.00000000      0.00000000      0.00000000      0.00000427     -0.71276918      0.00000037      0.13036697      1.18454558      0.00000000      0.99981459      0.05505032      0.51428120      0.51428120      0.32017765      0.11533154      1.10000000    -10.00000000
     22.60869565     -0.00000000     -0.00000000      0.00000000      0.00000000      0.00000414     -0.70605228      0.00000035      0.12837711      1.18034138      0.00000000      0.99981459      0.05534965      0.51417416      0.51417416      0.32078988      0.11377146      1.10000000    -10.00000000
     22.77591973     -0.00000000     -0.00000000      0.00000000      0.00000000      0.00000401     -0.69948595      0.00000034      0.12643202      1.17631170      0.00000000      0.99981459      0.05565689      0.51406873      0.51406873      0.32140169      0.11224115      1.10000000    -10.00000000
     22.94314381     -0.00000000     -0.00000000      0.00000000      0.00000000      0.00000389     -0.69306394      0.00000033      0.12453046      1.17244512      0.00000000      0.99981459      0.05597174      0.51396486      0.51396486      0.32201239      0.11073996      1.10000000    -10.00000000
     23.11036789     -0.00000000     -0.00000000      0.00000000      0.00000000      0.00000378     -0.68678044      0.00000032      0.12267121      1.16873131      0.00000000      0.99981459      0.05629448      0.51386253      0.51386253      0.32262202      0.10926727      1.10000000    -10.00000000
     23.27759197     -0.00000000     -0.00000000      0.00000000      0.00000000      0.00000366     -0.68063000      0.00000031      0.12085310      1.16516083      0.00000000      0.99981459      0.05662458      0.51376169      0.51376169      0.32336296      0.10782243      1.10000000    -10.00000000
     23.44481605     -0.00000000     -0.00000000      0.00000000      0.00000000      0.00000356     -0.67460753      0.00000030      0.11907498      1.16172508      0.00000000      0.99981459      0.05696215      0.51366232      0.51366232      0.32383801      0.10640483      1.10000000    -10.00000000
     23.61204013     -0.00000000     -0.00000000      0.00000000      0.00000000      0.00000345     -0.66870826      0.00000029      0.11733573      1.15841616      0.00000000      0.99981459      0.05730699      0.51356438      0.51356438      0.32444397      0.10501385      1.10000000    -10.00000000
     23.77926421     -0.00000000     -0.00000000      0.00000000      0.00000000      0.00000335     -0.66292768      0.00000028      0.11563426      1.15522686      0.00000000      0.99981459      0.05765871      0.51346785      0.51346785      0.32504919      0.10364890      1.10000000    -10.00000000
     23.94648829     -0.00000000     -0.00000000      0.00000000      0.00000000      0.00000326     -0.65726157      0.00000027      0.11396953      1.15215051      0.00000000      0.99981459      0.05801837      0.51337268      0.51337268      0.32565284      0.10230938      1.10000000    -10.00000000
     24.11371237     -0.00000000     -0.00000000      0.00000000      0.00000000      0.00000316     -0.65170592      0.00000026      0.11234052      1.14918098      0.00000000      0.99981459      0.05838407      0.51327886      0.51327886      0.32625513      0.10099472      1.10000000    -10.00000000
     24.28093645     -0.00000000     -0.00000000      0.00000000      0.00000000      0.00000308     -0.64625698      0.00000026      0.11074623      1.14631259      0.00000000      0.99981459      0.05871705      0.51318636      0.51318636      0.32685708      0.09970435      1.10000000    -10.00000000
     24.44816054     -0.00000000     -0.00000000      0.00000000      0.00000000      0.00000299     -0.64091115      0.00000025      0.10918570      1.14354010      0.00000000      0.99981459      0.05913673      0.51309514      0.51309514      0.32745536      0.09843771      1.10000000    -10.00000000
     24.61538462     -0.00000000     -0.00000000      0.00000000      0.00000000      0.00000291     -0.63566506      0.00000024      0.10765801      1.14085864      0.00000000      0.99981459      0.05952072      0.51300519      0.51300519      0.32805305      0.09719427      1.10000000    -10.00000000
     24.78260870     -0.00000000     -0.00000000      0.00000000      0.00000000      0.00000283     -0.63051550      0.00000023      0.10616226      1.13826367      0.00000000      0.99981459      0.05991584      0.51291646      0.51291646      0.32864957      0.09597350      1.10000000    -10.00000000
     24.94983278     -0.00000000     -0.00000000      0.00000000      0.00000000      0.00000275     -0.62545941      0.00000023      0.10469758      1.13575099      0.00000000      0.99981459      0.06031508      0.51282895      0.51282895      0.32924434      0.09477488      1.10000000    -10.00000000
     25.11705686     -0.00000000     -0.00000000      0.00000000      0.00000000      0.00000267     -0.62049388      0.00000022      0.10326312      1.13331667      0.00000000      0.99981459      0.06072068      0.51274262      0.51274262      0.32990357      0.09359791      1.10000000    -10.00000000
     25.28428094     -0.00000000     -0.00000000      0.00000000      0.00000000      0.00000260     -0.61561615      0.00000021      0.10185806      1.13095704      0.00000000      0.99981459      0.06113244      0.51265745      0.51265745      0.33042860      0.09244209      1.10000000    -10.00000000
     25.45150502     -0.00000000     -0.00000000      0.00000000      0.00000000      0.00000253     -0.61082359      0.00000021      0.10048162      1.12866866      0.00000000      0.99981459      0.06155035      0.51257342      0.51257342      0.33101845      0.09130695      1.10000000    -10.00000000
     25.61872910     -0.00000000     -0.00000000      0.00000000      0.00000000      0.00000246     -0.60611367      0.00000020      0.09913303      1.12644832      0.00000000      0.99981459      0.06197595      0.51249050      0.51249050      0.33163402      0.09019202      1.10000000    -10.00000000
     25.78595318     -0.00000000     -0.00000000      0.00000000      0.00000000      0.00000240     -0.60148399      0.00000020      0.09781155      1.12429302      0.00000000      0.99981459      0.06240389      0.51240867      0.51240867      0.33219218      0.08909685      1.10000000    -10.00000000
     25.95317726     -0.00000000     -0.00000000      0.00000000      0.00000000      0.00000234     -0.59693226      0.00000019      0.09651646      1.12219991      0.00000000      0.99981459      0.06283992      0.51232792      0.51232792      0.33277624      0.08802098      1.10000000    -10.00000000
     26.12040134     -0.00000000     -0.00000000      0.00000000      0.00000000      0.00000227     -0.59245627      0.00000018      0.09524706      1.12016634      0.00000000      0.99981459      0.06328121      0.51224821      0.51224821      0.33340777      0.08696400      1.10000000    -10.00000000
     26.28762542     -0.00000000     -0.00000000      0.00000000      0.00000000      0.00000222     -0.58805391      0.00000018      0.09400269      1.11818980      0.00000000      0.99981459      0.06372825      0.51216953      0.51216953      0.33393842      0.08592546      1.10000000    -10.00000000
     26.45484950     -0.00000000     -0.00000000      0.00000000      0.00000000      0.00000216     -0.58372318      0.00000017      0.09278269      1.11626794      0.00000000      0.99981459      0.06418080      0.51209187      0.51209187      0.33451747      0.08490497      1.10000000    -10.00000000
     26.62207358     -0.00000000     -0.00000000      0.00000000      0.00000000      0.00000210     -0.57946213      0.00000017      0.09158642      1.11439852      0.00000000      0.99981459      0.06457111      0.51201519      0.51201519      0.33509385      0.08390213      1.10000000    -10.00000000
     26.78929766     -0.00000000     -0.00000000      0.00000000      0.00000000      0.00000205     -0.57526890      0.00000017      0.09041329      1.11257944      0.00000000      0.99981459      0.06510175      0.51193948      0.51193948      0.33567654      0.08291653      1.10000000    -10.00000000
     26.95652174     -0.00000000     -0.00000000      0.00000000      0.00000000      0.00000200     -0.57114172      0.00000016      0.08926270      1.11080872      0.00000000      0.99981459      0.06557179      0.51186472      0.51186472      0.33624098      0.08194781      1.10000000    -10.00000000
     27.12374582     -0.00000000     -0.00000000      0.00000000      0.00000000      0.00000195     -0.56707886      0.00000016      0.08813406      1.10908447      0.00000000      0.99981459      0.06604446      0.51179090      0.51179090      0.33681126      0.08099559      1.10000000    -10.00000000
     27.29096990     -0.00000000     -0.00000000      0.00000000      0.00000000      0.00000190     -0.56307867      0.00000015      0.08702684      1.10740491      0.00000000      0.99981459      0.06652303      0.51171800      0.51171800      0.33737963      0.08005951      1.10000000    -10.00000000
     27.45819398     -0.00000000     -0.00000000      0.00000000      0.00000000      0.00000185     -0.55913957      0.00000015      0.08594049      1.10576836      0.00000000      0.99981459      0.06700856      0.51164600      0.51164600      0.33794588      0.07913922      1.10000000    -10.00000000
     27.62541806     -0.00000000     -0.00000000      0.00000000      0.00000000      0.00000181     -0.55526003      0.00000014      0.08487448      1.10417320      0.00000000      0.99981459      0.06749573      0.51157488      0.51157488      0.33851000      0.07823438      1.10000000    -10.00000000
     27.79264214     -0.00000000     -0.00000000      0.00000000      0.00000000      0.00000176     -0.55143858      0.00000014      0.08382832      1.10261792      0.00000000      0.99981459      0.06798921      0.51150462      0.51150462      0.33907210      0.07734465      1.10000000    -10.00000000
     27.95986622     -0.00000000     -0.00000000      0.00000000      0.00000000      0.00000172     -0.54767379      0.00000014      0.08280151      1.10110108      0.00000000      0.99981459      0.06848737      0.51143522      0.51143522      0.33963192      0.07646970      1.10000000    -10.00000000
     28.12709030     -0.00000000     -0.00000000      0.00000000      0.00000000      0.00000168     -0.54396430      0.00000013      0.08179357      1.09962129      0.00000000      0.99981459      0.06899018      0.51136666      0.51136666      0.34018961      0.07560922      1.10000000    -10.00000000
     28.29431438     -0.00000000     -0.00000000      0.00000000      0.00000000      0.00000164     -0.54030879      0.00000013      0.08080405      1.09817724      0.00000000      0.99981459      0.06949751      0.51129891      0.51129891      0.34074511      0.07476290      1.10000000    -10.00000000
     28.46153846     -0.00000000     -0.00000000      0.00000000      0.00000000      0.00000160     -0.53670598      0.00000013      0.07983250      1.09676770      0.00000000      0.99981459      0.07000932      0.51123197      0.51123197      0.34129841      0.07393045      1.10000000    -10.00000000
     28.62876254     -0.00000000     -0.00000000      0.00000000      0.00000000      0.00000156     -0.53315464      0.00000012      0.07887848      1.09539148      0.00000000      0.99981459      0.07052543      0.51116582      0.51116582      0.34184922      0.07311155      1.10000000    -10.00000000
     28.79598662     -0.00000000     -0.00000000      0.00000000      0.00000000      0.00000152     -0.52965358      0.00000012      0.07794158      1.09404743      0.00000000      0.99981459      0.07104584      0.51110045      0.51110045      0.34239809      0.07230594      1.10000000    -10.00000000
     28.96321070     -0.00000000     -0.00000000      0.00000000      0.00000000      0.00000149     -0.52620166      0.00000012      0.07702138      1.09273448      0.00000000      0.99981459      0.07157053      0.51103585      0.51103585      0.34294493      0.07151332      1.10000000    -10.00000000
     29.13043478     -0.00000000     -0.00000000      0.00000000      0.00000000      0.00000145     -0.52279775      0.00000011      0.07611749      1.09145159      0.00000000      0.99981459      0.07209927      0.51097199      0.51097199      0.34348964      0.07073344      1.10000000    -10.00000000
     29.29765886     -0.00000000     -0.00000000      0.00000000      0.00000000      0.00000142     -0.51944079      0.00000011      0.07522952      1.09019779      0.00000000      0.99981459      0.07252311      0.51090887      0.51090887      0.34403133      0.06996601      1.10000000    -10.00000000
     29.46488294     -0.00000000     -0.00000000      0.00000000      0.00000000      0.00000139     -0.51612974      0.00000011      0.07435711      1.08897212      0.00000000      0.99981459      0.07316881      0.51084648      0.51084648      0.34457114      0.06921080      1.10000000    -10.00000000
     29.63210702     -0.00000000     -0.00000000      0.00000000      0.00000000      0.00000136     -0.51286357      0.00000011      0.07349989      1.08777368      0.00000000      0.99981459      0.07370386      0.51078480      0.51078480      0.34510863      0.06846753      1.10000000    -10.00000000
     29.79933110     -0.00000000     -0.00000000      0.00000000      0.00000000      0.00000132     -0.50964133      0.00000010      0.07265750      1.08660160      0.00000000      0.99981459      0.07425387      0.51072382      0.51072382      0.34564382      0.06773597      1.10000000    -10.00000000
     29.96655518     -0.00000000     -0.00000000      0.00000000      0.00000000      0.00000129     -0.50646206      0.00000010      0.07182961      1.08545507      0.00000000      0.99981459      0.07480207      0.51066353      0.51066353      0.34617664      0.06701588      1.10000000    -10.00000000
     30.13377926     -0.00000000     -0.00000000      0.00000000      0.00000000      0.00000127     -0.50332485      0.00000010      0.07101588      1.08433329      0.00000000      0.99981459      0.07535379      0.51060391      0.51060391      0.34670727      0.06630703      1.10000000    -10.00000000
     30.30100334     -0.00000000     -0.00000000      0.00000000      0.00000000      0.00000124     -0.50022880      0.00000010      0.07021599      1.08323550      0.00000000      0.99981459      0.07590914      0.51054496      0.51054496      0.34723554      0.06560917      1.10000000    -10.00000000
     30.46822742     -0.00000000     -0.00000000      0.00000000      0.00000000      0.00000121     -0.49717306      0.00000009      0.06942962      1.08216096      0.00000000      0.99981459      0.07646285      0.51048666      0.51048666      0.34776220      0.06492211      1.10000000    -10.00000000
     30.63545151     -0.00000000     -0.00000000      0.00000000      0.00000000      0.00000118     -0.49415678      0.00000009      0.06865648      1.08110898      0.00000000      0.99981459      0.07703024      0.51042901      0.51042901      0.34828506      0.06424561      1.10000000    -10.00000000
     30.80267559     -0.00000000     -0.00000000      0.00000000      0.00000000      0.00000116     -0.49117916      0.00000009      0.06789627      1.08007889      0.00000000      0.99981459      0.07759244      0.51037199      0.51037199      0.34880573      0.06357946      1.10000000    -10.00000000
     30.96989967     -0.00000000     -0.00000000      0.00000000      0.00000000      0.00000113     -0.48823942      0.00000009      0.06714869      1.07907004      0.00000000      0.99981459      0.07816458      0.51031559      0.51031559      0.34932518      0.06292346      1.10000000    -10.00000000
     31.13712375     -0.00000000     -0.00000000      0.00000000      0.00000000      0.00000111     -0.48533677      0.00000009      0.06641347      1.07808181      0.00000000      0.99981459      0.07875824      0.51025981      0.51025981      0.34984190      0.06227741      1.10000000    -10.00000000
     31.30434783     -0.00000000     -0.00000000      0.00000000      0.00000000      0.00000108     -0.48247048      0.00000008      0.06569034      1.07711361      0.00000000      0.99981459      0.07931202      0.51020462      0.51020462      0.35035600      0.06164111      1.10000000    -10.00000000
     31.47157191     -0.00000000     -0.00000000      0.00000000      0.00000000      0.00000106     -0.47963983      0.00000008      0.06497903      1.07616486      0.00000000      0.99981459      0.07989012      0.51015003      0.51015003      0.35086796      0.06101437      1.10000000    -10.00000000
     31.63879599     -0.00000000     -0.00000000      0.00000000      0.00000000      0.00000104     -0.47684412      0.00000008      0.06427928      1.07523501      0.00000000      0.99981459      0.08047202      0.51009602      0.51009602      0.35137716      0.06039700      1.10000000    -10.00000000
     31.80602007     -0.00000000     -0.00000000      0.00000000      0.00000000      0.00000101     -0.47408266      0.00000008      0.06359084      1.07432353      0.00000000      0.99981459      0.08105558      0.51004259      0.51004259      0.35188446      0.05978882      1.10000000    -10.00000000
     31.97324415     -0.00000000     -0.00000000      0.00000000      0.00000000      0.00000099     -0.47135479      0.00000008      0.06291347      1.07342990      0.00000000      0.99981459      0.08164252      0.50998972      0.50998972      0.35238980      0.05918965      1.10000000    -10.00000000
     32.14046823     -0.00000000     -0.00000000      0.00000000      0.00000000      0.00000097     -0.46865986      0.00000008      0.06224694      1.07255364      0.00000000      0.99981459      0.08223227      0.50993740      0.50993740      0.35289199      0.05859931      1.10000000    -10.00000000
     32.30769231     -0.00000000     -0.00000000      0.00000000      0.00000000      0.00000095     -0.46599725      0.00000007      0.06159101      1.07169427      0.00000000      0.99981459      0.08282474      0.50988563      0.50988563      0.35335592      0.05801764      1.10000000    -10.00000000
     32.47491639     -0.00000000     -0.00000000      0.00000000      0.00000000      0.00000093     -0.46336634      0.00000007      0.06094545      1.07085134      0.00000000      0.99981459      0.08341954      0.50983440      0.50983440      0.35388965      0.05744447      1.10000000    -10.00000000
     32.64214047     -0.00000000     -0.00000000      0.00000000      0.00000000      0.00000091     -0.46076654      0.00000007      0.06031005      1.07002439      0.00000000      0.99981459      0.08401755      0.50978370      0.50978370      0.35438584      0.05687964      1.10000000    -10.00000000
     32.80936455     -0.00000000     -0.00000000      0.00000000      0.00000000      0.00000089     -0.45819727      0.00000007      0.05968460      1.06921301      0.00000000      0.99981459      0.08461765      0.50973352      0.50973352      0.35487806      0.05632298      1.10000000    -10.00000000
     32.97658863     -0.00000000     -0.00000000      0.00000000      0.00000000      0.00000088     -0.45565796      0.00000007      0.05906888      1.06841679      0.00000000      0.99981459      0.08522040      0.50968386      0.50968386      0.35536882      0.05577435      1.10000000    -10.00000000
     33.14381271     -0.00000000     -0.00000000      0.00000000      0.00000000      0.00000086     -0.45314807      0.00000007      0.05846270      1.06763532      0.00000000      0.99981459      0.08582532      0.50963470      0.50963470      0.35586168      0.05523359      1.10000000    -10.00000000
     33.31103679     -0.00000000     -0.00000000      0.00000000      0.00000000      0.00000084     -0.45066706      0.00000006      0.05786585      1.06686823      0.00000000      0.99981459      0.08643280      0.50958604      0.50958604      0.35634310      0.05470056      1.10000000    -10.00000000
     33.47826087     -0.00000000     -0.00000000      0.00000000      0.00000000      0.00000082     -0.44821441      0.00000006      0.05727816      1.06611515      0.00000000      0.99981459      0.08703879      0.50953787      0.50953787      0.35682678      0.05417511      1.10000000    -10.00000000
     33.64548495     -0.00000000     -0.00000000      0.00000000      0.00000000      0.00000081     -0.44578961      0.00000006      0.05669942      1.06537571      0.00000000      0.99981459      0.08764265      0.50949018      0.50949018      0.35730808      0.05365709      1.10000000    -10.00000000
     33.81270903     -0.00000000     -0.00000000      0.00000000      0.00000000      0.00000079     -0.44339216      0.00000006      0.05612946      1.06464957      0.00000000      0.99981459      0.08826823      0.50944297      0.50944297      0.35784839      0.05314638      1.10000000    -10.00000000
     33.97993311     -0.00000000     -0.00000000      0.00000000      0.00000000      0.00000078     -0.44102158      0.00000006      0.05556810      1.06393640      0.00000000      0.99981459      0.08888442      0.50939623      0.50939623      0.35826365      0.05264283      1.10000000    -10.00000000
     34.14715719     -0.00000000     -0.00000000      0.00000000      0.00000000      0.00000076     -0.43867740      0.00000006      0.05501516      1.06323587      0.00000000      0.99981459      0.08925949      0.50934995      0.50934995      0.35873804      0.05214632      1.10000000    -10.00000000
     34.31438127     -0.00000000     -0.00000000      0.00000000      0.00000000      0.00000075     -0.43635915      0.00000006      0.05447049      1.06254768      0.00000000      0.99981459      0.09013456      0.50930412      0.50930412      0.35921014      0.05165672      1.10000000    -10.00000000
     34.48160535     -0.00000000     -0.00000000      0.00000000      0.00000000      0.00000073     -0.43406640      0.00000006      0.05393391      1.06187151      0.00000000      0.99981459      0.09074425      0.50925874      0.50925874      0.35968040      0.05117390      1.10000000    -10.00000000
     34.64882943     -0.00000000     -0.00000000      0.00000000      0.00000000      0.00000072     -0.43179870      0.00000006      0.05340526      1.06120708      0.00000000      0.99981459      0.09136813      0.50921380      0.50921380      0.36015259      0.05069773      1.10000000    -10.00000000
     34.81605351     -0.00000000     -0.00000000      0.00000000      0.00000000      0.00000070     -0.42955562      0.00000005      0.05288439      1.06055411      0.00000000      0.99981459      0.09199370      0.50916930      0.50916930      0.36061236      0.05022811      1.10000000    -10.00000000
     34.98327759     -0.00000000     -0.00000000      0.00000000      0.00000000      0.00000069     -0.42733674      0.00000005      0.05237114      1.05991231      0.00000000      0.99981459      0.09262063      0.50912523      0.50912523      0.36107395      0.04976490      1.10000000    -10.00000000
     35.15050167     -0.00000000     -0.00000000      0.00000000      0.00000000      0.00000068     -0.42514166      0.00000005      0.05186537      1.05928142      0.00000000      0.99981459      0.09325006      0.50908158      0.50908158      0.36153548      0.04930799      1.10000000    -10.00000000
     35.31772575     -0.00000000     -0.00000000      0.00000000      0.00000000      0.00000066     -0.42296999      0.00000005      0.05136693      1.05866119      0.00000000      0.99981459      0.09388070      0.50903835      0.50903835      0.36199293      0.04885728      1.10000000    -10.00000000
     35.48494983     -0.00000000     -0.00000000      0.00000000      0.00000000      0.00000065     -0.42082132      0.00000005      0.05087568      1.05805136      0.00000000      0.99981459      0.09453668      0.50899553      0.50899553      0.36250353      0.04841265      1.10000000    -10.00000000
     35.65217391     -0.00000000     -0.00000000      0.00000000      0.00000000      0.00000064     -0.41869529      0.00000005      0.05039148      1.05745169      0.00000000      0.99981459      0.09514637      0.50895311      0.50895311      0.36290323      0.04797400      1.10000000    -10.00000000
     35.81939799     -0.00000000     -0.00000000      0.00000000      0.00000000      0.00000063     -0.41659151      0.00000005      0.04991420      1.05686195      0.00000000      0.99981459      0.09578189      0.50891109      0.50891109      0.36335549      0.04754121      1.10000000    -10.00000000
     35.98662207     -0.00000000     -0.00000000      0.00000000      0.00000000      0.00000061     -0.41450964      0.00000005      0.04944370      1.05628191      0.00000000      0.99981459      0.09638132      0.50886947      0.50886947      0.36380332      0.04711420      1.10000000    -10.00000000
     36.15384615     -0.00000000     -0.00000000      0.00000000      0.00000000      0.00000060     -0.41244930      0.00000005      0.04897985      1.05571134      0.00000000      0.99981459      0.09705675      0.50882823      0.50882823      0.36425279      0.04669284      1.10000000    -10.00000000
     36.32107023     -0.00000000     -0.00000000      0.00000000      0.00000000      0.00000059     -0.41041016      0.00000005      0.04852254      1.05515004      0.00000000      0.99981459      0.09769585      0.50878738      0.50878738      0.36469530      0.04627706      1.10000000    -10.00000000
     36.48829431     -0.00000000     -0.00000000      0.00000000      0.00000000      0.00000058     -0.40839188      0.00000004      0.04807163      1.05459779      0.00000000      0.99981459      0.09833635      0.50874690      0.50874690      0.36513692      0.04586674      1.10000000    -10.00000000
     36.65551839     -0.00000000     -0.00000000      0.00000000      0.00000000      0.00000057     -0.40639412      0.00000004      0.04762701      1.05405440      0.00000000      0.99981459      0.09897830      0.50870680      0.50870680      0.36557782      0.04546180      1.10000000    -10.00000000
     36.82274247     -0.00000000     -0.00000000      0.00000000      0.00000000      0.00000056     -0.40441656      0.00000004      0.04718856      1.05351966      0.00000000      0.99981459      0.09962119      0.50866706      0.50866706      0.36601577      0.04506214      1.10000000    -10.00000000
     36.98996656     -0.00000000     -0.00000000      0.00000000      0.00000000      0.00000055     -0.40245889      0.00000004      0.04675617      1.05299339      0.00000000      0.99981459      0.10024952      0.50862768      0.50862768      0.36645150      0.04466768      1.10000000    -10.00000000
     37.15719064     -0.00000000     -0.00000000      0.00000000      0.00000000      0.00000054     -0.40052079      0.00000004      0.04632972      1.05247539      0.00000000      0.99981459      0.10091042      0.50858867      0.50858867      0.36688413      0.04427832      1.10000000    -10.00000000
     37.32441472     -0.00000000     -0.00000000      0.00000000      0.00000000      0.00000053     -0.39860196      0.00000004      0.04590911      1.05196550      0.00000000      0.99981459      0.10155698      0.50855000      0.50855000      0.36732470      0.04389398      1.10000000    -10.00000000
     37.49163880     -0.00000000     -0.00000000      0.00000000      0.00000000      0.00000052     -0.39670211      0.00000004      0.04549423      1.05146353      0.00000000      0.99981459      0.10220322      0.50851168      0.50851168      0.36774669      0.04351457      1.10000000    -10.00000000
     37.65886288     -0.00000000     -0.00000000      0.00000000      0.00000000      0.00000051     -0.39482094      0.00000004      0.04508497      1.05096932      0.00000000      0.99981459      0.10285239      0.50847370      0.50847370      0.36817258      0.04314001      1.10000000    -10.00000000
     37.82608696     -0.00000000     -0.00000000      0.00000000      0.00000000      0.00000050     -0.39295816      0.00000004      0.04468124      1.05048270      0.00000000      0.99981459      0.10350150      0.50843607      0.50843607      0.36859735      0.04277022      1.10000000    -10.00000000
     37.99331104     -0.00000000     -0.00000000      0.00000000      0.00000000      0.00000049     -0.39111351      0.00000004      0.04428293      1.05000350      0.00000000      0.99981459      0.10415129      0.50839876      0.50839876      0.36902097      0.04240511      1.10000000    -10.00000000
     38.16053512     -0.00000000     -0.00000000      0.00000000      0.00000000      0.00000048     -0.38928670      0.00000004      0.04388995      1.04953158      0.00000000      0.99981459      0.10480080      0.50836179      0.50836179      0.36944044      0.04204462      1.10000000    -10.00000000
     38.32775920     -0.00000000     -0.00000000      0.00000000      0.00000000      0.00000048     -0.38747747      0.00000004      0.04350221      1.04906678      0.00000000      0.99981459      0.10545405      0.50832514      0.50832514      0.36985879      0.04168866      1.10000000    -10.00000000
     38.49498328     -0.00000000     -0.00000000      0.00000000      0.00000000      0.00000047     -0.38568556      0.00000004      0.04311960      1.04860896      0.00000000      0.99981459      0.10610635      0.50828881      0.50828881      0.37027502      0.04133716      1.10000000    -10.00000000
     38.66220736     -0.00000000     -0.00000000      0.00000000      0.00000000      0.00000046     -0.38391071      0.00000003      0.04274204      1.04815795      0.00000000      0.99981459      0.10675907      0.50825279      0.50825279      0.37068812      0.04099004      1.10000000    -10.00000000
     38.82943144     -0.00000000     -0.00000000      0.00000000      0.00000000      0.00000045     -0.38215267      0.00000003      0.04236944      1.04771364      0.00000000      0.99981459      0.10741230      0.50821709      0.50821709      0.37110046      0.04064724      1.10000000    -10.00000000
     38.99665552     -0.00000000     -0.00000000      0.00000000      0.00000000      0.00000044     -0.38041119      0.00000003      0.04200171      1.04727588      0.00000000      0.99981459      0.10806694      0.50818170      0.50818170      0.37151099      0.04030868      1.10000000    -10.00000000
     39.16387960     -0.00000000     -0.00000000      0.00000000      0.00000000      0.00000044     -0.37868604      0.00000003      0.04163877      1.04684455      0.00000000      0.99981459      0.10865302      0.50814661      0.50814661      0.37191862      0.03997429      1.10000000    -10.00000000
     39.33110368     -0.00000000     -0.00000000      0.00000000      0.00000000      0.00000043     -0.37697698      0.00000003      0.04128054      1.04641950      0.00000000      0.99981459      0.10937715      0.50811182      0.50811182      0.37231403      0.03964401      1.10000000    -10.00000000
     39.49832776     -0.00000000     -0.00000000      0.00000000      0.00000000      0.00000042     -0.37528376      0.00000003      0.04092693      1.04600060      0.00000000      0.99981459      0.11003293      0.50807733      0.50807733      0.37272807      0.03931777      1.10000000    -10.00000000
     39.66555184     -0.00000000     -0.00000000      0.00000000      0.00000000      0.00000041     -0.37360618      0.00000003      0.04057786      1.04558775      0.00000000      0.99981459      0.11068933      0.50804313      0.50804313      0.37312905      0.03899550      1.10000000    -10.00000000
     39.83277592     -0.00000000     -0.00000000      0.00000000      0.00000000      0.00000041     -0.37194401      0.00000003      0.04023326      1.04518082      0.00000000      0.99981459      0.11134619      0.50800922      0.50800922      0.37352925      0.03867715      1.10000000    -10.00000000
     40.00000000     -0.00000000     -0.00000000      0.00000000      0.00000000      0.00000040     -0.37029702      0.00000003      0.03989305      1.04477970      0.00000000      0.99981459      0.11200309      0.50797559      0.50797559      0.37392667      0.03836264      1.10000000    -10.00000000
