    -10.00000000     -0.00000000     -0.00000000      0.00000000      0.00000000      0.00983899      0.00000109      0.00047608      0.00000000      0.61282751      0.00000000      0.99981460      0.50009184      0.50012313      0.50012313      0.49998443      0.00000000      1.20000000    -10.00000000
     -9.83277592     -0.00000000     -0.00000000      0.00000000      0.00000000      0.00986873      0.02754845      0.00047782      0.00037618      0.61321800      0.00000000      0.99981460      0.51185525      0.49938329      0.49938329      0.50443446      0.00037604      1.20000000    -10.00000000
     -9.66555184     -0.00000000     -0.00000000      0.00000000      0.00000000      0.00992713      0.05515000      0.00048464      0.00149522      0.61831248      0.00000000      0.99981460      0.52375743      0.49883430      0.49883430      0.50887111      0.00149299      1.20000000    -10.00000000
     -9.49832776     -0.00000000     -0.00000000      0.00000000      0.00000000      0.00996803      0.08334159      0.00049604      0.00334987      0.63025535      0.00000000      0.99981460      0.53557116      0.49824239      0.49824239      0.51345802      0.00333869      1.20000000    -10.00000000
     -9.33110368     -0.00000000     -0.00000000      0.00000000      0.00000000      0.01002458      0.11228244      0.00051205      0.00592362      0.64693064      0.00000000      0.99981460      0.54772486      0.49764642      0.49764642      0.51802917      0.00588874      1.20000000    -10.00000000
     -9.16387960     -0.00000000     -0.00000000      0.00000000      0.00000000      0.01009797      0.14220859      0.00053273      0.00919996      0.66817066      0.00000000      0.99981460      0.55988716      0.49706725      0.49706725      0.52231814      0.00911609      1.20000000    -10.00000000
     -8.99665552     -0.00000000     -0.00000000      0.00000000      0.00000000      0.01018897      0.17335011      0.00055815      0.01316545      0.69379970      0.00000000      0.99981460      0.57098565      0.49649252      0.49649252      0.52664406      0.01299437      1.20000000    -10.00000000
     -8.82943144     -0.00000000     -0.00000000      0.00000000      0.00000000      0.01029847      0.20592604      0.00058838      0.01781338      0.72359876      0.00000000      0.99981460      0.58223696      0.49590306      0.49590306      0.53099992      0.01750161      1.20000000    -10.00000000
     -8.66220736     -0.00000000     -0.00000000      0.00000000      0.00000000      0.01042755      0.24014086      0.00062350      0.02314661      0.75729688      0.00000000      0.99981460      0.59317043      0.49529998      0.49529998      0.53525311      0.02262297      1.20000000    -10.00000000
     -8.49498328     -0.00000000     -0.00000000      0.00000000      0.00000000      0.01057745      0.27618079      0.00066359      0.02917959      0.79456482      0.00000000      0.99981460      0.60355372      0.49468541      0.49468541      0.53939352      0.02835228      1.20000000    -10.00000000
     -8.32775920     -0.00000000     -0.00000000      0.00000000      0.00000000      0.01074963      0.31420959      0.00070872      0.03593925      0.83500935      0.00000000      0.99981460      0.61404309      0.49405782      0.49405782      0.54358128      0.03469243      1.20000000    -10.00000000
     -8.16053512     -0.00000000     -0.00000000      0.00000000      0.00000000      0.01094583      0.35436386      0.00075896      0.04346529      0.87816844      0.00000000      0.99981460      0.62427861      0.49342003      0.49342003      0.54773560      0.04165475      1.20000000    -10.00000000
     -7.99331104     -0.00000000     -0.00000000      0.00000000      0.00000000      0.01116800      0.39674797      0.00081434      0.05180963      0.92350751      0.00000000      0.99981460      0.63421500      0.49276835      0.49276835      0.55184174      0.04925761      1.20000000    -10.00000000
     -7.82608696     -0.00000000     -0.00000000      0.00000000      0.00000000      0.01141842      0.44142858      0.00087489      0.06103567      0.97041768      0.00000000      0.99981460      0.64382698      0.49210195      0.49210195      0.55588997      0.05752461      1.20000000    -10.00000000
     -7.65886288     -0.00000000     -0.00000000      0.00000000      0.00000000      0.01169969      0.48842893      0.00094060      0.07121708      1.01821649      0.00000000      0.99981460      0.65317869      0.49141762      0.49141762      0.55986961      0.06648239      1.20000000    -10.00000000
     -7.49163880     -0.00000000     -0.00000000      0.00000000      0.00000000      0.01201476      0.53772317      0.00101140      0.08243658      1.06615175      0.00000000      0.99981460      0.66193444      0.49071759      0.49071759      0.56377590      0.07615835      1.20000000    -10.00000000
     -7.32441472     -0.00000000     -0.00000000      0.00000000      0.00000000      0.01236701      0.58923079      0.00108720      0.09478456      1.11340909      0.00000000      0.99981460      0.67040369      0.49000608      0.49000608      0.56760352      0.08657828      1.20000000    -10.00000000
     -7.15719064     -0.00000000     -0.00000000      0.00000000      0.00000000      0.01276024      0.64281159      0.00116783      0.10835752      1.15912387      0.00000000      0.99981460      0.67919416      0.48926641      0.48926641      0.57128919      0.09776405      1.20000000    -10.00000000
     -6.98996656     -0.00000000     -0.00000000      0.00000000      0.00000000      0.01319877      0.69826145      0.00125306      0.12325644      1.20239736      0.00000000      0.99981460      0.68604376      0.48850822      0.48850822      0.57499107      0.10973135      1.20000000    -10.00000000
     -6.82274247     -0.00000000     -0.00000000      0.00000000      0.00000000      0.01368749      0.75530926      0.00134260      0.13958492      1.24231757      0.00000000      0.99981460      0.69318152      0.48772758      0.48772758      0.57853455      0.12248751      1.20000000    -10.00000000
     -6.65551839     -0.00000000     -0.00000000      0.00000000      0.00000000      0.01423190      0.81361541      0.00143608      0.15744702      1.27798396      0.00000000      0.99981460      0.69990951      0.48692319      0.48692319      0.58196977      0.13602957      1.20000000    -10.00000000
     -6.48829431     -0.00000000     -0.00000000      0.00000000      0.00000000      0.01483819      0.87277210      0.00153305      0.17694473      1.30853572      0.00000000      0.99981460      0.70562302      0.48609356      0.48609356      0.58529004      0.15034243      1.20000000    -10.00000000
     -6.32107023     -0.00000000     -0.00000000      0.00000000      0.00000000      0.01551333      0.93230608      0.00163299      0.19817515      1.33318168      0.00000000      0.99981460      0.71157719      0.48523803      0.48523803      0.58847860      0.16539748      1.20000000    -10.00000000
     -6.15384615     -0.00000000     -0.00000000      0.00000000      0.00000000      0.01626514      0.99168342      0.00173531      0.22122690      1.35123128      0.00000000      0.99981460      0.71659413      0.48435466      0.48435466      0.59154333      0.18115135      1.20000000    -10.00000000
     -5.98662207     -0.00000000     -0.00000000      0.00000000      0.00000000      0.01710236      1.05031705      0.00183934      0.24617600      1.36212395      0.00000000      0.99981460      0.72094973      0.48344024      0.48344024      0.59444157      0.19754513      1.20000000    -10.00000000
     -5.81939799     -0.00000000     -0.00000000      0.00000000      0.00000000      0.01803479      1.10757669      0.00194437      0.27308118      1.36545488      0.00000000      0.99981460      0.72444240      0.48250085      0.48250085      0.59719515      0.21450414      1.20000000    -10.00000000
     -5.65217391     -0.00000000     -0.00000000      0.00000000      0.00000000      0.01907331      1.16280101      0.00204962      0.30197820      1.36099561      0.00000000      0.99981460      0.72626305      0.48153480      0.48153480      0.59977564      0.23193798      1.20000000    -10.00000000
     -5.48494983     -0.00000000     -0.00000000      0.00000000      0.00000000      0.02023007      1.21531162      0.00215429      0.33287342      1.34870726      0.00000000      0.99981460      0.73030439      0.48053653      0.48053653      0.60219632      0.24974121      1.20000000    -10.00000000
     -5.31772575     -0.00000000     -0.00000000      0.00000000      0.00000000      0.02151847      1.26442839      0.00225758      0.36573647      1.32874525      0.00000000      0.99981460      0.73369865      0.47950975      0.47950975      0.60441563      0.26779432      1.20000000    -10.00000000
     -5.15050167     -0.00000000     -0.00000000      0.00000000      0.00000000      0.02295336      1.30948538      0.00235866      0.40049192      1.30145471      0.00000000      0.99981460      0.73644886      0.47845540      0.47845540      0.60640687      0.28596518      1.20000000    -10.00000000
     -4.98327759     -0.00000000     -0.00000000      0.00000000      0.00000000      0.02455103      1.34984672      0.00245674      0.43701017      1.26735674      0.00000000      0.99981460      0.73854145      0.47737521      0.47737521      0.60819334      0.30411070      1.20000000    -10.00000000
     -4.81605351     -0.00000000     -0.00000000      0.00000000      0.00000000      0.02632932      1.38492152      0.00255105      0.47509735      1.22712619      0.00000000      0.99981460      0.74007099      0.47627336      0.47627336      0.60974290      0.32207864      1.20000000    -10.00000000
     -4.64882943     -0.00000000     -0.00000000      0.00000000      0.00000000      0.02830763      1.41417720      0.00264089      0.51448465      1.18156263      0.00000000      0.99981460      0.74070217      0.47515241      0.47515241      0.61103947      0.33970939      1.20000000    -10.00000000
     -4.48160535     -0.00000000     -0.00000000      0.00000000      0.00000000      0.03050691      1.43715046      0.00272561      0.55481704      1.13155638      0.00000000      0.99981460      0.74073647      0.47401248      0.47401248      0.61206356      0.35683751      1.20000000    -10.00000000
     -4.31438127     -0.00000000     -0.00000000      0.00000000      0.00000000      0.03294965      1.45345543      0.00280466      0.59564177      1.07805224      0.00000000      0.99981460      0.74005384      0.47286572      0.47286572      0.61279879      0.37329292      1.20000000    -10.00000000
     -4.14715719     -0.00000000     -0.00000000      0.00000000      0.00000000      0.03565972      1.46278908      0.00287756      0.63639745      1.02201319      0.00000000      0.99981460      0.73864920      0.47173312      0.47173312      0.61322181      0.38890152      1.20000000    -10.00000000
     -3.97993311     -0.00000000     -0.00000000      0.00000000      0.00000000      0.03866227      1.46493101      0.00294393      0.67640221      0.96438586      0.00000000      0.99981460      0.73648738      0.47061891      0.47061891      0.61331247      0.40348444      1.20000000    -10.00000000
     -3.81270903     -0.00000000     -0.00000000      0.00000000      0.00000000      0.04198333      1.45974737      0.00300351      0.71484901      0.90607175      0.00000000      0.99981460      0.73357168      0.46952316      0.46952316      0.61304506      0.41685828      1.20000000    -10.00000000
     -3.64548495     -0.00000000     -0.00000000      0.00000000      0.00000000      0.04564953      1.44718190      0.00305613      0.75079696      0.84790120      0.00000000      0.99981460      0.72986266      0.46847091      0.46847091      0.61239841      0.42883154      1.20000000    -10.00000000
     -3.47826087     -0.00000000     -0.00000000      0.00000000      0.00000000      0.04968737      1.42725877      0.00310171      0.78317951      0.79061606      0.00000000      0.99981460      0.72532059      0.46746538      0.46746538      0.61134464      0.43920396      1.20000000    -10.00000000
     -3.31103679     -0.00000000     -0.00000000      0.00000000      0.00000000      0.05412243      1.40007362      0.00314029      0.81081339      0.73485617      0.00000000      0.99981460      0.71998450      0.46654577      0.46654577      0.60985421      0.44776198      1.20000000    -10.00000000
     -3.14381271     -0.00000000     -0.00000000      0.00000000      0.00000000      0.05897831      1.36579043      0.00317195      0.83242512      0.68115267      0.00000000      0.99981460      0.71380464      0.46573064      0.46573064      0.60787257      0.45427511      1.20000000    -10.00000000
     -2.97658863     -0.00000000     -0.00000000      0.00000000      0.00000000      0.06427520      1.32463398      0.00319685      0.84668902      0.62992575      0.00000000      0.99981460      0.70678421      0.46504944      0.46504944      0.60545388      0.45849031      1.20000000    -10.00000000
     -2.80936455     -0.00000000     -0.00000000      0.00000000      0.00000000      0.07002827      1.27688387      0.00321514      0.85229149      0.58148185      0.00000000      0.99981460      0.69891487      0.46452785      0.46452785      0.60245559      0.46012817      1.20000000    -10.00000000
     -2.64214047     -0.00000000     -0.00000000      0.00000000      0.00000000      0.07624597      1.22284928      0.00322710      0.84793272      0.53605084      0.00000000      0.99981460      0.69020321      0.46422245      0.46422245      0.59874924      0.45885476      1.20000000    -10.00000000
     -2.47491639     -0.00000000     -0.00000000      0.00000000      0.00000000      0.08292784      1.16287592      0.00323301      0.83247408      0.49376187      0.00000000      0.99981460      0.68066127      0.46415702      0.46415702      0.59470308      0.45428969      1.20000000    -10.00000000
     -2.30769231     -0.00000000     -0.00000000      0.00000000      0.00000000      0.09006242      1.09732966      0.00323321      0.80499849      0.45467458      0.00000000      0.99981460      0.67030922      0.46437533      0.46437533      0.59042480      0.44598292      1.20000000    -10.00000000
     -2.14046823     -0.00000000     -0.00000000      0.00000000      0.00000000      0.09762496      1.02658507      0.00322791      0.76496227      0.41876597      0.00000000      0.99981460      0.65918896      0.46493402      0.46493402      0.58557267      0.43341565      1.20000000    -10.00000000
     -1.97324415     -0.00000000     -0.00000000      0.00000000      0.00000000      0.10557512      0.95102291      0.00321726      0.71230855      0.38595379      0.00000000      0.99981460      0.64745713      0.46587091      0.46587091      0.58013261      0.41599310      1.20000000    -10.00000000
     -1.80602007     -0.00000000     -0.00000000      0.00000000      0.00000000      0.11385502      0.87101015      0.00320183      0.64745793      0.35616922      0.00000000      0.99981460      0.63473134      0.46721570      0.46721570      0.57410544      0.39300423      1.20000000    -10.00000000
     -1.63879599     -0.00000000     -0.00000000      0.00000000      0.00000000      0.12238742      0.78691533      0.00318185      0.57164178      0.32927106      0.00000000      0.99981460      0.62139096      0.46906411      0.46906411      0.56749593      0.36372269      1.20000000    -10.00000000
     -1.47157191     -0.00000000     -0.00000000      0.00000000      0.00000000      0.13107476      0.69909632      0.00315753      0.48691892      0.30509767      0.00000000      0.99981460      0.60732503      0.47140975      0.47140975      0.56031742      0.32746837      1.20000000    -10.00000000
     -1.30434783     -0.00000000     -0.00000000      0.00000000      0.00000000      0.13979906      0.60789625      0.00312909      0.39623795      0.28348127      0.00000000      0.99981460      0.59290298      0.47426988      0.47426988      0.55259015      0.28378970      1.20000000    -10.00000000
     -1.13712375     -0.00000000     -0.00000000      0.00000000      0.00000000      0.14842297      0.51364236      0.00309675      0.30347844      0.26425020      0.00000000      0.99981460      0.57801681      0.47777332      0.47777332      0.54434431      0.23282198      1.20000000    -10.00000000
     -0.96989967     -0.00000000     -0.00000000      0.00000000      0.00000000      0.15679218      0.41664467      0.00306070      0.21342595      0.24723272      0.00000000      0.99981460      0.56282422      0.48181656      0.48181656      0.53562010      0.17588708      1.20000000    -10.00000000
     -0.80267559     -0.00000000     -0.00000000      0.00000000      0.00000000      0.16473939      0.31719494      0.00302108      0.13167349      0.23226068      0.00000000      0.99981460      0.54741924      0.48645022      0.48645022      0.52646510      0.11635289      1.20000000    -10.00000000
     -0.63545151     -0.00000000     -0.00000000      0.00000000      0.00000000      0.17208969      0.21556614      0.00297802      0.06444656      0.21917087      0.00000000      0.99981460      0.53188818      0.49163756      0.49163756      0.51693760      0.06054467      1.20000000    -10.00000000
     -0.46822742     -0.00000000     -0.00000000      0.00000000      0.00000000      0.17866728      0.11201041      0.00293163      0.01835120      0.20781356      0.00000000      0.99981460      0.51633572      0.49735335      0.49735335      0.50710601      0.01802050      1.20000000    -10.00000000
     -0.30100334     -0.00000000     -0.00000000      0.00000000      0.00000000      0.18430316      0.00676096      0.00288193      0.00007016      0.19804351      0.00000000      0.99981460      0.50084188      0.50351721      0.50351721      0.49709862      0.00007015      1.20000000    -10.00000000
     -0.13377926     -0.00000000     -0.00000000      0.00000000      0.00000000      0.18884331     -0.09997032      0.00282896      0.01601134      0.18973003      0.00000000      0.99981460      0.48548503      0.51009301      0.51009301      0.48676674      0.01575901      1.20000000    -10.00000000
      0.03344482     -0.00000000     -0.00000000      0.00000000      0.00000000      0.19215669     -0.20799163      0.00277272      0.07195352      0.18275160      0.00000000      0.99981460      0.47032349      0.51695155      0.51695155      0.47634138      0.06712373      1.20000000    -10.00000000
      0.20066890     -0.00000000     -0.00000000      0.00000000      0.00000000      0.19414243     -0.31713193      0.00271319      0.17271558      0.17699864      0.00000000      0.99981460      0.45540546      0.52398922      0.52398922      0.46589497      0.14727832      1.20000000    -10.00000000
      0.36789298     -0.00000000     -0.00000000      0.00000000      0.00000000      0.19473560     -0.42724045      0.00265035      0.32188308      0.17237254      0.00000000      0.99981460      0.44075903      0.53112937      0.53112937      0.45550720      0.24350344      1.20000000    -10.00000000
      0.53511706     -0.00000000     -0.00000000      0.00000000      0.00000000      0.19391097     -0.53818627      0.00258420      0.52161772      0.16878522      0.00000000      0.99981460      0.42640594      0.53815928      0.53815928      0.44523635      0.34280471      1.20000000    -10.00000000
      0.70234114     -0.00000000     -0.00000000      0.00000000      0.00000000      0.19168438     -0.64985757      0.00251478      0.77256516      0.16615857      0.00000000      0.99981460      0.41234895      0.54504854      0.54504854      0.43517978      0.43584585      1.20000000    -10.00000000
      0.86956522     -0.00000000     -0.00000000      0.00000000      0.00000000      0.18811175     -0.76216054      0.00244214      1.07386458      0.16442389      0.00000000      0.99981460      0.39858010      0.55164297      0.55164297      0.42536880      0.51780844      1.20000000    -10.00000000
      1.03678930     -0.00000000     -0.00000000      0.00000000      0.00000000      0.18328572     -0.87501806      0.00236642      1.42325073      0.16352122      0.00000000      0.99981460      0.38510331      0.55784664      0.55784664      0.41584993      0.58733119      1.20000000    -10.00000000
      1.20401338     -0.00000000     -0.00000000      0.00000000      0.00000000      0.17733035     -0.98836797      0.00228782      1.81723009      0.16339882      0.00000000      0.99981460      0.37189209      0.56356873      0.56356873      0.40667838      0.64504142      1.20000000    -10.00000000
      1.37123746     -0.00000000     -0.00000000      0.00000000      0.00000000      0.17039430     -1.10216117      0.00220659      2.25130616      0.16401258      0.00000000      0.99981460      0.35893899      0.56873779      0.56873779      0.39788213      0.69243130      1.20000000    -10.00000000
      1.53846154     -0.00000000     -0.00000000      0.00000000      0.00000000      0.16264323     -1.21635939      0.00212308      2.72022738      0.16532561      0.00000000      0.99981460      0.34623218      0.57330481      0.57330481      0.38948524      0.73119923      1.20000000    -10.00000000
      1.70568562     -0.00000000     -0.00000000      0.00000000      0.00000000      0.15425192     -1.33093287      0.00203768      3.21823313      0.16730785      0.00000000      0.99981460      0.33376568      0.57723460      0.57723460      0.38150392      0.76293392      1.20000000    -10.00000000
      1.87290970     -0.00000000     -0.00000000      0.00000000      0.00000000      0.14539671     -1.44585795      0.00195087      3.73927775      0.16993586      0.00000000      0.99981460      0.32153251      0.58051753      0.58051753      0.37394917      0.78899738      1.20000000    -10.00000000
      2.04013378     -0.00000000     -0.00000000      0.00000000      0.00000000      0.13624874     -1.56111467      0.00186317      4.27721882      0.17319273      0.00000000      0.99981460      0.30957369      0.58315846      0.58315846      0.36682064      0.81050625      1.20000000    -10.00000000
      2.20735786     -0.00000000     -0.00000000      0.00000000      0.00000000      0.12696835     -1.67668449      0.00177511      4.82596315      0.17706805      0.00000000      0.99981460      0.29785773      0.58517871      0.58517871      0.36011944      0.82835456      1.20000000    -10.00000000
      2.37458194     -0.00000000     -0.00000000      0.00000000      0.00000000      0.11770071     -1.79254832      0.00168727      5.37957097      0.18155809      0.00000000      0.99981460      0.28641030      0.58661189      0.58661189      0.35383827      0.84324965      1.20000000    -10.00000000
      2.54180602     -0.00000000     -0.00000000      0.00000000      0.00000000      0.10857291     -1.90868484      0.00160021      5.93232534      0.18666590      0.00000000      0.99981460      0.27525593      0.58749677      0.58749677      0.34796728      0.85574826      1.20000000    -10.00000000
      2.70903010     -0.00000000     -0.00000000      0.00000000      0.00000000      0.09969226     -2.02506945      0.00151447      6.47877865      0.19240139      0.00000000      0.99981460      0.26440526      0.58788655      0.58788655      0.34249558      0.86628833      1.20000000    -10.00000000
      2.87625418     -0.00000000     -0.00000000      0.00000000      0.00000000      0.09114582     -2.14167366      0.00143055      7.01378857      0.19878126      0.00000000      0.99981460      0.25388066      0.58783167      0.58783167      0.33740314      0.87521508      1.20000000    -10.00000000
      3.04347826     -0.00000000     -0.00000000      0.00000000      0.00000000      0.08300090     -2.25846489      0.00134890      7.53255150      0.20582877      0.00000000      0.99981460      0.24369571      0.58738933      0.58738933      0.33267915      0.88280176      1.20000000    -10.00000000
      3.21070234     -0.00000000     -0.00000000      0.00000000      0.00000000      0.07530630     -2.37540635      0.00126990      8.03063161      0.21357363      0.00000000      0.99981460      0.23387982      0.58661085      0.58661085      0.32830428      0.88926577      1.20000000    -10.00000000
      3.37792642     -0.00000000     -0.00000000      0.00000000      0.00000000      0.06809409     -2.49245665      0.00119386      8.50397486      0.22205204      0.00000000      0.99981460      0.22443284      0.58554894      0.58554894      0.32426219      0.89478087      1.20000000    -10.00000000
      3.54515050     -0.00000000     -0.00000000      0.00000000      0.00000000      0.06138174     -2.60956892      0.00112103      8.94889582      0.23130744      0.00000000      0.99981460      0.21535854      0.58425300      0.58425300      0.32053017      0.89948633      1.20000000    -10.00000000
      3.71237458     -0.00000000     -0.00000000      0.00000000      0.00000000      0.05517434     -2.72668933      0.00105160      9.36203471      0.24139184      0.00000000      0.99981460      0.20667568      0.58276710      0.58276710      0.31709440      0.90349386      1.20000000    -10.00000000
      3.87959866     -0.00000000     -0.00000000      0.00000000      0.00000000      0.04946685     -2.84375558      0.00098568      9.74029753      0.25236773      0.00000000      0.99981460      0.19838108      0.58113349      0.58113349      0.31393524      0.90689271      1.20000000    -10.00000000
      4.04682274     -0.00000000     -0.00000000      0.00000000      0.00000000      0.04424615     -2.96069545      0.00092338     10.08080304      0.26431016      0.00000000      0.99981460      0.19047835      0.57938812      0.57938812      0.31103553      0.90975383      1.20000000    -10.00000000
      4.21404682     -0.00000000     -0.00000000      0.00000000      0.00000000      0.03949300     -3.07742613      0.00086472     10.38086093      0.27730865      0.00000000      0.99981460      0.18296166      0.57756463      0.57756463      0.30837774      0.91213319      1.20000000    -10.00000000
      4.38127090     -0.00000000     -0.00000000      0.00000000      0.00000000      0.03518369     -3.19385413      0.00080970     10.63799698      0.29146862      0.00000000      0.99981460      0.17583670      0.57570077      0.57570077      0.30594562      0.91407456      1.20000000    -10.00000000
      4.54849498     -0.00000000     -0.00000000      0.00000000      0.00000000      0.03129152     -3.30987617      0.00075828     10.85003070      0.30691212      0.00000000      0.99981460      0.16905690      0.57378306      0.57378306      0.30372343      0.91561203      1.20000000    -10.00000000
      4.71571906     -0.00000000     -0.00000000      0.00000000      0.00000000      0.02778799     -3.42538079      0.00071038     11.01520233      0.32377756      0.00000000      0.99981460      0.16263812      0.57185648      0.57185648      0.30169630      0.91677210      1.20000000    -10.00000000
      4.88294314     -0.00000000     -0.00000000      0.00000000      0.00000000      0.02464383     -3.54025088      0.00066589     11.13233694      0.34221831      0.00000000      0.99981460      0.15656842      0.56993758      0.56993758      0.29984992      0.91757565      1.20000000    -10.00000000
      5.05016722     -0.00000000     -0.00000000      0.00000000      0.00000000      0.02182974     -3.65436688      0.00062464     11.20102086      0.36240001      0.00000000      0.99981460      0.15083441      0.56804152      0.56804152      0.29817174      0.91803965      1.20000000    -10.00000000
      5.21739130     -0.00000000     -0.00000000      0.00000000      0.00000000      0.01931708     -3.76761022      0.00058644     11.22175187      0.38449685      0.00000000      0.99981460      0.14542244      0.56617750      0.56617750      0.29664869      0.91817867      1.20000000    -10.00000000
      5.38461538     -0.00000000     -0.00000000      0.00000000      0.00000000      0.01707826     -3.87986646      0.00055109     11.19601740      0.40868764      0.00000000      0.99981460      0.14031871      0.56435610      0.56435610      0.29526646      0.91800602      1.20000000    -10.00000000
      5.55183946     -0.00000000     -0.00000000      0.00000000      0.00000000      0.01508712     -3.99102702      0.00051837     11.12626420      0.43515249      0.00000000      0.99981460      0.13551639      0.56259324      0.56259324      0.29402312      0.91753437      1.20000000    -10.00000000
      5.71906355     -0.00000000     -0.00000000      0.00000000      0.00000000      0.01331913     -4.10098922      0.00048803     11.01574991      0.46407129      0.00000000      0.99981460      0.13097203      0.56085775      0.56085775      0.29289987      0.91677590      1.20000000    -10.00000000
      5.88628763     -0.00000000     -0.00000000      0.00000000      0.00000000      0.01175150     -4.20965423      0.00045987     10.86830290      0.49562434      0.00000000      0.99981460      0.12668676      0.55917752      0.55917752      0.29189040      0.91574195      1.20000000    -10.00000000
      6.05351171     -0.00000000     -0.00000000      0.00000000      0.00000000      0.01036328     -4.31692353      0.00043367     10.68804319      0.52999530      0.00000000      0.99981460      0.12264360      0.55755528      0.55755528      0.29098621      0.91444248      1.20000000    -10.00000000
      6.22073579     -0.00000000     -0.00000000      0.00000000      0.00000000      0.00913530     -4.42269467      0.00040924     10.47912347      0.56737536      0.00000000      0.99981460      0.11884564      0.55599234      0.55599234      0.29017938      0.91288533      1.20000000    -10.00000000
      6.38795987     -0.00000000     -0.00000000      0.00000000      0.00000000      0.00805011     -4.52685731      0.00038643     10.24553324      0.60796777      0.00000000      0.99981460      0.11526220      0.55448959      0.55448959      0.28946272      0.91107580      1.20000000    -10.00000000
      6.55518395     -0.00000000     -0.00000000      0.00000000      0.00000000      0.00709196     -4.62929004      0.00036509      9.99098224      0.65199176      0.00000000      0.99981460      0.11189040      0.55304823      0.55304823      0.28882959      0.90901632      1.20000000    -10.00000000
      6.72240803     -0.00000000     -0.00000000      0.00000000      0.00000000      0.00624662     -4.72985846      0.00034509      9.71885549      0.69968518      0.00000000      0.99981460      0.10873060      0.55168019      0.55168019      0.28827384      0.90670646      1.20000000    -10.00000000
      6.88963211     -0.00000000     -0.00000000      0.00000000      0.00000000      0.00550132     -4.82841422      0.00032634      9.43221812      0.75130575      0.00000000      0.99981460      0.10573110      0.55034941      0.55034941      0.28778998      0.90414311      1.20000000    -10.00000000
      7.05685619     -0.00000000     -0.00000000      0.00000000      0.00000000      0.00484462     -4.92479491      0.00030874      9.13384656      0.80713113      0.00000000      0.99981460      0.10288291      0.54905532      0.54905532      0.28737277      0.90132079      1.20000000    -10.00000000
      7.22408027     -0.00000000     -0.00000000      0.00000000      0.00000000      0.00426628     -5.01882431      0.00029220      8.82626724      0.86745793      0.00000000      0.99981460      0.10019545      0.54781597      0.54781597      0.28701758      0.89823196      1.20000000    -10.00000000
      7.39130435     -0.00000000     -0.00000000      0.00000000      0.00000000      0.00375718     -5.11031284      0.00027666      8.51179190      0.93260016      0.00000000      0.99981460      0.09765860      0.54662929      0.54662929      0.28672006      0.89486734      1.20000000    -10.00000000
      7.55852843     -0.00000000     -0.00000000      0.00000000      0.00000000      0.00330919     -5.19905804      0.00026204      8.19254494      1.00288702      0.00000000      0.99981460      0.09526275      0.54549300      0.54549300      0.28645053      0.89121620      1.20000000    -10.00000000
      7.72575251     -0.00000000     -0.00000000      0.00000000      0.00000000      0.00291511     -5.28484501      0.00024827      7.87048210      1.07866027      0.00000000      0.99981460      0.09299891      0.54440529      0.54440529      0.28628272      0.88726656      1.20000000    -10.00000000
      7.89297659     -0.00000000     -0.00000000      0.00000000      0.00000000      0.00256853     -5.36744670      0.00023531      7.54740259      1.16027110      0.00000000      0.99981460      0.09085895      0.54336351      0.54336351      0.28613616      0.88300539      1.20000000    -10.00000000
      8.06020067     -0.00000000     -0.00000000      0.00000000      0.00000000      0.00226379     -5.44662435      0.00022308      7.22495572      1.24807638      0.00000000      0.99981460      0.08883471      0.54236567      0.54236567      0.28603306      0.87841880      1.20000000    -10.00000000
      8.22742475     -0.00000000     -0.00000000      0.00000000      0.00000000      0.00199586     -5.52212782      0.00021155      6.90464559      1.34243426      0.00000000      0.99981460      0.08691815      0.54140964      0.54140964      0.28597113      0.87349211      1.20000000    -10.00000000
      8.39464883     -0.00000000     -0.00000000      0.00000000      0.00000000      0.00176033     -5.59369614      0.00020066      6.58783378      1.44369888      0.00000000      0.99981460      0.08510578      0.54049337      0.54049337      0.28593517      0.86821008      1.20000000    -10.00000000
      8.56187291     -0.00000000     -0.00000000      0.00000000      0.00000000      0.00155328     -5.66105813      0.00019037      6.27574191      1.55221424      0.00000000      0.99981460      0.08338808      0.53961487      0.53961487      0.28596043      0.86255697      1.20000000    -10.00000000
      8.72909699     -0.00000000     -0.00000000      0.00000000      0.00000000      0.00137127     -5.72393325      0.00018063      5.96945454      1.66830704      0.00000000      0.99981460      0.08176035      0.53877224      0.53877224      0.28600713      0.85651675      1.20000000    -10.00000000
      8.89632107     -0.00000000     -0.00000000      0.00000000      0.00000000      0.00121126     -5.78203273      0.00017141      5.66992264      1.79227839      0.00000000      0.99981460      0.08021722      0.53796366      0.53796366      0.28608584      0.85007322      1.20000000    -10.00000000
      9.06354515     -0.00000000     -0.00000000      0.00000000      0.00000000      0.00107057     -5.83506094      0.00016267      5.37796793      1.92439444      0.00000000      0.99981460      0.07875374      0.53718732      0.53718732      0.28619472      0.84321025      1.20000000    -10.00000000
      9.23076923     -0.00000000     -0.00000000      0.00000000      0.00000000      0.00094685     -5.88271709      0.00015437      5.09428794      2.06487586      0.00000000      0.99981460      0.07736534      0.53644162      0.53644162      0.28633206      0.83591192      1.20000000    -10.00000000
      9.39799331     -0.00000000     -0.00000000      0.00000000      0.00000000      0.00083804     -5.92469736      0.00014649      4.81946191      2.21388623      0.00000000      0.99981460      0.07604775      0.53572494      0.53572494      0.28649634      0.82816281      1.20000000    -10.00000000
      9.56521739     -0.00000000     -0.00000000      0.00000000      0.00000000      0.00074232     -5.96069730      0.00013900      4.55395740      2.37151940      0.00000000      0.99981460      0.07479702      0.53503581      0.53503581      0.28668607      0.81994820      1.20000000    -10.00000000
      9.73244147     -0.00000000     -0.00000000      0.00000000      0.00000000      0.00065809     -5.99041474      0.00013186      4.29813732      2.53778605      0.00000000      0.99981460      0.07360952      0.53437280      0.53437280      0.28689994      0.81125442      1.20000000    -10.00000000
      9.89966555     -0.00000000     -0.00000000      0.00000000      0.00000000      0.00058394     -6.01355308      0.00012507      4.05226747      2.71259966      0.00000000      0.99981460      0.07248184      0.53373455      0.53373455      0.28713666      0.80206907      1.20000000    -10.00000000
     10.06688963     -0.00000000     -0.00000000      0.00000000      0.00000000      0.00051865     -6.02982497      0.00011859      3.81652428      2.89576218      0.00000000      0.99981460      0.07141082      0.53311981      0.53311981      0.28739513      0.79238141      1.20000000    -10.00000000
     10.23411371     -0.00000000     -0.00000000      0.00000000      0.00000000      0.00046114     -6.03895648      0.00011240      3.59100271      3.08694986      0.00000000      0.99981460      0.07039500      0.53252736      0.53252736      0.28767418      0.78218266      1.20000000    -10.00000000
     10.40133779     -0.00000000     -0.00000000      0.00000000      0.00000000      0.00041046     -6.04069153      0.00010648      3.37572418      3.28569974      0.00000000      0.99981460      0.06942748      0.53195610      0.53195610      0.28797278      0.77146640      1.20000000    -10.00000000
     10.56856187     -0.00000000     -0.00000000      0.00000000      0.00000000      0.00036577     -6.03479676      0.00010083      3.17064433      3.49139736      0.00000000      0.99981460      0.06850999      0.53140494      0.53140494      0.28829021      0.76022889      1.20000000    -10.00000000
     10.73578595     -0.00000000     -0.00000000      0.00000000      0.00000000      0.00032635     -6.02106659      0.00009542      2.97566068      3.70326647      0.00000000      0.99981460      0.06763868      0.53087288      0.53087288      0.28862535      0.74846948      1.20000000    -10.00000000
     10.90301003     -0.00000000     -0.00000000      0.00000000      0.00000000      0.00029155     -5.99932847      0.00009025      2.79061997      3.92036130      0.00000000      0.99981460      0.06681147      0.53035897      0.53035897      0.28897738      0.73619091      1.20000000    -10.00000000
     11.07023411     -0.00000000     -0.00000000      0.00000000      0.00000000      0.00026082     -5.96944822      0.00008529      2.61532506      4.14156243      0.00000000      0.99981460      0.06602633      0.52986233      0.52986233      0.28934555      0.72339970      1.20000000    -10.00000000
     11.23745819     -0.00000000     -0.00000000      0.00000000      0.00000000      0.00023366     -5.93133521      0.00008054      2.44954167      4.36557664      0.00000000      0.99981460      0.06527314      0.52938212      0.52938212      0.28973068      0.71010642      1.20000000    -10.00000000
     11.40468227     -0.00000000     -0.00000000      0.00000000      0.00000000      0.00020963     -5.88494744      0.00007599      2.29300444      4.59094183      0.00000000      0.99981460      0.06457495      0.52891754      0.52891754      0.29012742      0.69632595      1.20000000    -10.00000000
     11.57190635     -0.00000000     -0.00000000      0.00000000      0.00000000      0.00018837     -5.83029605      0.00007163      2.14542272      4.81603738      0.00000000      0.99981460      0.06390527      0.52846786      0.52846786      0.29053971      0.68207771      1.20000000    -10.00000000
     11.73913043     -0.00000000     -0.00000000      0.00000000      0.00000000      0.00016954     -5.76744945      0.00006745      2.00648582      5.03910035      0.00000000      0.99981460      0.06327095      0.52803236      0.52803236      0.29096543      0.66738576      1.20000000    -10.00000000
     11.90635452     -0.00000000     -0.00000000      0.00000000      0.00000000      0.00015284     -5.69653653      0.00006346      1.87586778      5.25824791      0.00000000      0.99981460      0.06267053      0.52761040      0.52761040      0.29140360      0.65227887      1.20000000    -10.00000000
     12.07357860     -0.00000000     -0.00000000      0.00000000      0.00000000      0.00013802     -5.61774903      0.00005963      1.75323173      5.47150569      0.00000000      0.99981460      0.06210344      0.52720135      0.52720135      0.29185456      0.63679047      1.20000000    -10.00000000
     12.24080268     -0.00000000     -0.00000000      0.00000000      0.00000000      0.00012486     -5.53134279      0.00005597      1.63823371      5.67684188      0.00000000      0.99981460      0.06156618      0.52680463      0.52680463      0.29231706      0.62095852      1.20000000    -10.00000000
     12.40802676     -0.00000000     -0.00000000      0.00000000      0.00000000      0.00011316     -5.43763778      0.00005247      1.53052618      5.87220619      0.00000000      0.99981460      0.06105985      0.52641967      0.52641967      0.29279042      0.60482527      1.20000000    -10.00000000
     12.57525084     -0.00000000     -0.00000000      0.00000000      0.00000000      0.00010275     -5.33701679      0.00004913      1.42976095      6.05557260      0.00000000      0.99981460      0.06058261      0.52604596      0.52604596      0.29327457      0.58843688      1.20000000    -10.00000000
     12.74247492     -0.00000000     -0.00000000      0.00000000      0.00000000      0.00009347     -5.22992277      0.00004594      1.33559193      6.22498450      0.00000000      0.99981460      0.06013346      0.52568302      0.52568302      0.29376889      0.57184301      1.20000000    -10.00000000
     12.90969900     -0.00000000     -0.00000000      0.00000000      0.00000000      0.00008519     -5.11685470      0.00004290      1.24767721      6.37860100      0.00000000      0.99981460      0.05971144      0.52533036      0.52533036      0.29429946      0.55509626      1.20000000    -10.00000000
     13.07692308     -0.00000000     -0.00000000      0.00000000      0.00000000      0.00007779     -4.99836223      0.00004001      1.16568112      6.51474167      0.00000000      0.99981460      0.05931634      0.52498756      0.52498756      0.29478409      0.53825150      1.20000000    -10.00000000
     13.24414716     -0.00000000     -0.00000000      0.00000000      0.00000000      0.00007118     -4.87503903      0.00003727      1.08927579      6.63192877      0.00000000      0.99981460      0.05894522      0.52465420      0.52465420      0.29530831      0.52136525      1.20000000    -10.00000000
     13.41137124     -0.00000000     -0.00000000      0.00000000      0.00000000      0.00006525     -4.74751500      0.00003467      1.01814242      6.72892468      0.00000000      0.99981460      0.05859942      0.52432989      0.52432989      0.29583890      0.50449483      1.20000000    -10.00000000
     13.57859532     -0.00000000     -0.00000000      0.00000000      0.00000000      0.00005994     -4.61644770      0.00003220      0.95197240      6.80476281      0.00000000      0.99981460      0.05828664      0.52401426      0.52401426      0.29637751      0.48769767      1.20000000    -10.00000000
     13.74581940     -0.00000000     -0.00000000      0.00000000      0.00000000      0.00005517     -4.48251310      0.00002988      0.89046807      6.85877082      0.00000000      0.99981460      0.05797848      0.52370695      0.52370695      0.29692378      0.47103047      1.20000000    -10.00000000
     13.91304348     -0.00000000     -0.00000000      0.00000000      0.00000000      0.00005088     -4.34639593      0.00002768      0.83334338      6.89058498      0.00000000      0.99981460      0.05770239      0.52340763      0.52340763      0.29747083      0.45454844      1.20000000    -10.00000000
     14.08026756     -0.00000000     -0.00000000      0.00000000      0.00000000      0.00004701     -4.20877999      0.00002561      0.78032426      6.90015506      0.00000000      0.99981460      0.05744739      0.52311600      0.52311600      0.29803778      0.43830457      1.20000000    -10.00000000
     14.24749164     -0.00000000     -0.00000000      0.00000000      0.00000000      0.00004352     -4.07033859      0.00002367      0.73114894      6.88773978      0.00000000      0.99981460      0.05717691      0.52283174      0.52283174      0.29860582      0.42234895      1.20000000    -10.00000000
     14.41471572     -0.00000000     -0.00000000      0.00000000      0.00000000      0.00004037     -3.93172545      0.00002185      0.68556803      6.85389295      0.00000000      0.99981460      0.05700115      0.52255459      0.52255459      0.29917840      0.40672819      1.20000000    -10.00000000
     14.58193980     -0.00000000     -0.00000000      0.00000000      0.00000000      0.00003752     -3.79356621      0.00002014      0.64334455      6.79944117      0.00000000      0.99981460      0.05680844      0.52228426      0.52228426      0.29975775      0.39148488      1.20000000    -10.00000000
     14.74916388     -0.00000000     -0.00000000      0.00000000      0.00000000      0.00003493     -3.65645077      0.00001855      0.60425375      6.72545410      0.00000000      0.99981460      0.05663530      0.52202050      0.52202050      0.30033333      0.37665722      1.20000000    -10.00000000
     14.91638796     -0.00000000     -0.00000000      0.00000000      0.00000000      0.00003258     -3.52092647      0.00001706      0.56808298      6.63320843      0.00000000      0.99981460      0.05648126      0.52176307      0.52176307      0.30093318      0.36227865      1.20000000    -10.00000000
     15.08361204     -0.00000000     -0.00000000      0.00000000      0.00000000      0.00003044     -3.38749223      0.00001568      0.53463131      6.52414701      0.00000000      0.99981460      0.05634578      0.52151175      0.52151175      0.30152860      0.34837769      1.20000000    -10.00000000
     15.25083612     -0.00000000     -0.00000000      0.00000000      0.00000000      0.00002849     -3.25659350      0.00001440      0.50370922      6.39983400      0.00000000      0.99981460      0.05622416      0.52126630      0.52126630      0.30213144      0.33497781      1.20000000    -10.00000000
     15.41806020     -0.00000000     -0.00000000      0.00000000      0.00000000      0.00002671     -3.12861772      0.00001321      0.47513813      6.26190718      0.00000000      0.99981460      0.05612894      0.52102653      0.52102653      0.30273339      0.32209738      1.20000000    -10.00000000
     15.58528428     -0.00000000     -0.00000000      0.00000000      0.00000000      0.00002508     -3.00389008      0.00001210      0.44874985      6.11202706      0.00000000      0.99981460      0.05608952      0.52079223      0.52079223      0.30334275      0.30974971      1.20000000    -10.00000000
     15.75250836     -0.00000000     -0.00000000      0.00000000      0.00000000      0.00002359     -2.88266877      0.00001109      0.42438599      5.95182237      0.00000000      0.99981460      0.05598140      0.52056321      0.52056321      0.30395557      0.29794311      1.20000000    -10.00000000
     15.91973244     -0.00000000     -0.00000000      0.00000000      0.00000000      0.00002222     -2.76513874      0.00001014      0.40189723      5.78282903      0.00000000      0.99981460      0.05593455      0.52033929      0.52033929      0.30457231      0.28668095      1.20000000    -10.00000000
     16.08695652     -0.00000000     -0.00000000      0.00000000      0.00000000      0.00002096     -2.65140250      0.00000928      0.38114248      5.60641806      0.00000000      0.99981460      0.05590011      0.52012030      0.52012030      0.30519254      0.27596174      1.20000000    -10.00000000
     16.25418060     -0.00000000     -0.00000000      0.00000000      0.00000000      0.00001979     -2.54146542      0.00000848      0.36198781      5.42370385      0.00000000      0.99981460      0.05588341      0.51990608      0.51990608      0.30581618      0.26577904      1.20000000    -10.00000000
     16.42140468     -0.00000000     -0.00000000      0.00000000      0.00000000      0.00001872     -2.43521229      0.00000774      0.34430526      5.23541970      0.00000000      0.99981460      0.05588223      0.51969646      0.51969646      0.30644267      0.25612134      1.20000000    -10.00000000
     16.58862876     -0.00000000     -0.00000000      0.00000000      0.00000000      0.00001773     -2.33237050      0.00000706      0.32797137      5.04174243      0.00000000      0.99981460      0.05589622      0.51949130      0.51949130      0.30707225      0.24697172      1.20000000    -10.00000000
     16.75585284     -0.00000000     -0.00000000      0.00000000      0.00000000      0.00001680     -2.23245571      0.00000642      0.31286591      4.84204662      0.00000000      0.99981460      0.05592517      0.51929046      0.51929046      0.30770061      0.23830759      1.20000000    -10.00000000
     16.92307692     -0.00000000     -0.00000000      0.00000000      0.00000000      0.00001595     -2.13470112      0.00000584      0.29887164      4.63458610      0.00000000      0.99981460      0.05596860      0.51909379      0.51909379      0.30824228      0.23010098      1.20000000    -10.00000000
     17.09030100     -0.00000000     -0.00000000      0.00000000      0.00000000      0.00001515     -2.03799144      0.00000528      0.28587770      4.41617156      0.00000000      0.99981460      0.05606679      0.51890116      0.51890116      0.30897582      0.22232107      1.20000000    -10.00000000
     17.25752508     -0.00000000     -0.00000000      0.00000000      0.00000000      0.00001440     -1.94087298      0.00000475      0.27379206      4.18210462      0.00000000      0.99981460      0.05609811      0.51871245      0.51871245      0.30961466      0.21494251      1.20000000    -10.00000000
     17.42474916     -0.00000000     -0.00000000      0.00000000      0.00000000      0.00001369     -1.84179848      0.00000424      0.26257111      3.92698093      0.00000000      0.99981460      0.05618364      0.51852754      0.51852754      0.31025946      0.20796540      1.20000000    -10.00000000
     17.59197324     -0.00000000     -0.00000000      0.00000000      0.00000000      0.00001303     -1.73981446      0.00000375      0.25226868      3.64723747      0.00000000      0.99981460      0.05628242      0.51834632      0.51834632      0.31089776      0.20144933      1.20000000    -10.00000000
     17.75919732     -0.00000000     -0.00000000      0.00000000      0.00000000      0.00001240     -1.63566307      0.00000328      0.24307646      3.34554063      0.00000000      0.99981460      0.05639484      0.51816866      0.51816866      0.31154168      0.19554425      1.20000000    -10.00000000
     17.92642140     -0.00000000     -0.00000000      0.00000000      0.00000000      0.00001182     -1.53338054      0.00000283      0.23528778      3.03754019      0.00000000      0.99981460      0.05647744      0.51799446      0.51799446      0.31218688      0.19047204      1.20000000    -10.00000000
     18.09364548     -0.00000000     -0.00000000      0.00000000      0.00000000      0.00001127     -1.43615664      0.00000243      0.22908945      2.73665492      0.00000000      0.99981460      0.05665655      0.51782359      0.51782359      0.31300627      0.18638957      1.20000000    -10.00000000
     18.26086957     -0.00000000     -0.00000000      0.00000000      0.00000000      0.00001076     -1.34956856      0.00000210      0.22444941      2.46656714      0.00000000      0.99981460      0.05680839      0.51765599      0.51765599      0.31348072      0.18330640      1.20000000    -10.00000000
     18.42809365     -0.00000000     -0.00000000      0.00000000      0.00000000      0.00001029     -1.27589614      0.00000182      0.22102176      2.23880938      0.00000000      0.99981460      0.05697110      0.51749157      0.51749157      0.31412885      0.18101378      1.20000000    -10.00000000
     18.59531773     -0.00000000     -0.00000000      0.00000000      0.00000000      0.00000986     -1.21493974      0.00000160      0.21833337      2.05499549      0.00000000      0.99981460      0.05714584      0.51733023      0.51733023      0.31477800      0.17920659      1.20000000    -10.00000000
     18.76254181     -0.00000000     -0.00000000      0.00000000      0.00000000      0.00000945     -1.16498051      0.00000143      0.21596881      1.91015144      0.00000000      0.99981460      0.05732114      0.51717188      0.51717188      0.31542765      0.17761048      1.20000000    -10.00000000
     18.92976589     -0.00000000     -0.00000000      0.00000000      0.00000000      0.00000908     -1.12383981      0.00000129      0.21365491      1.79687326      0.00000000      0.99981460      0.05753063      0.51701645      0.51701645      0.31607762      0.17604256      1.20000000    -10.00000000
     19.09698997     -0.00000000     -0.00000000      0.00000000      0.00000000      0.00000872     -1.08950105      0.00000118      0.21125293      1.70794574      0.00000000      0.99981460      0.05774025      0.51686384      0.51686384      0.31672586      0.17440860      1.20000000    -10.00000000
     19.26421405     -0.00000000     -0.00000000      0.00000000      0.00000000      0.00000839     -1.06033146      0.00000108      0.20871490      1.63738708      0.00000000      0.99981460      0.05796109      0.51671398      0.51671398      0.31737844      0.17267504      1.20000000    -10.00000000
     19.43143813     -0.00000000     -0.00000000      0.00000000      0.00000000      0.00000807     -1.03509096      0.00000101      0.20604220      1.58060141      0.00000000      0.99981460      0.05819296      0.51656680      0.51656680      0.31802892      0.17084162      1.20000000    -10.00000000
     19.59866221     -0.00000000     -0.00000000      0.00000000      0.00000000      0.00000777     -1.01286444      0.00000094      0.20325791      1.53418135      0.00000000      0.99981460      0.05843563      0.51642223      0.51642223      0.31867944      0.16892298      1.20000000    -10.00000000
     19.76588629     -0.00000000     -0.00000000      0.00000000      0.00000000      0.00000749     -0.99298284      0.00000088      0.20039146      1.49563556      0.00000000      0.99981460      0.05869113      0.51628019      0.51628019      0.31932300      0.16693843      1.20000000    -10.00000000
     19.93311037     -0.00000000     -0.00000000      0.00000000      0.00000000      0.00000722     -0.97495609      0.00000083      0.19747135      1.46314552      0.00000000      0.99981460      0.05895271      0.51614061      0.51614061      0.31997961      0.16490695      1.20000000    -10.00000000
     20.10033445     -0.00000000     -0.00000000      0.00000000      0.00000000      0.00000696     -0.95842229      0.00000079      0.19452231      1.43537673      0.00000000      0.99981460      0.05922674      0.51600344      0.51600344      0.32062913      0.16284527      1.20000000    -10.00000000
     20.26755853     -0.00000000     -0.00000000      0.00000000      0.00000000      0.00000672     -0.94311102      0.00000075      0.19156459      1.41134082      0.00000000      0.99981460      0.05951086      0.51586860      0.51586860      0.32127815      0.16076728      1.20000000    -10.00000000
     20.43478261     -0.00000000     -0.00000000      0.00000000      0.00000000      0.00000648     -0.92881745      0.00000071      0.18861425      1.39029746      0.00000000      0.99981460      0.05980486      0.51573605      0.51573605      0.32192654      0.15868416      1.20000000    -10.00000000
     20.60200669     -0.00000000     -0.00000000      0.00000000      0.00000000      0.00000626     -0.91538418      0.00000068      0.18568372      1.37168527      0.00000000      0.99981460      0.06008232      0.51560571      0.51560571      0.32257421      0.15660477      1.20000000    -10.00000000
     20.76923077     -0.00000000     -0.00000000      0.00000000      0.00000000      0.00000604     -0.90268849      0.00000065      0.18278248      1.35507318      0.00000000      0.99981460      0.06042228      0.51547754      0.51547754      0.32322133      0.15453601      1.20000000    -10.00000000
     20.93645485     -0.00000000     -0.00000000      0.00000000      0.00000000      0.00000584     -0.89063333      0.00000062      0.17991764      1.34012603      0.00000000      0.99981460      0.06074471      0.51535149      0.51535149      0.32415786      0.15248322      1.20000000    -10.00000000
     21.10367893     -0.00000000     -0.00000000      0.00000000      0.00000000      0.00000564     -0.87914085      0.00000059      0.17709445      1.32658009      0.00000000      0.99981460      0.06107676      0.51522749      0.51522749      0.32451918      0.15045050      1.20000000    -10.00000000
     21.27090301     -0.00000000     -0.00000000      0.00000000      0.00000000      0.00000546     -0.86814781      0.00000057      0.17431671      1.31422539      0.00000000      0.99981460      0.06141776      0.51510550      0.51510550      0.32515596      0.14844097      1.20000000    -10.00000000
     21.43812709     -0.00000000     -0.00000000      0.00000000      0.00000000      0.00000528     -0.85760218      0.00000054      0.17158706      1.30289293      0.00000000      0.99981460      0.06176774      0.51498546      0.51498546      0.32579852      0.14645694      1.20000000    -10.00000000
     21.60535117     -0.00000000     -0.00000000      0.00000000      0.00000000      0.00000511     -0.84746063      0.00000052      0.16890730      1.29244525      0.00000000      0.99981460      0.06207902      0.51486734      0.51486734      0.32644000      0.14450017      1.20000000    -10.00000000
     21.77257525     -0.00000000     -0.00000000      0.00000000      0.00000000      0.00000494     -0.83768670      0.00000050      0.16627852      1.28276945      0.00000000      0.99981460      0.06249382      0.51475108      0.51475108      0.32708014      0.14257188      1.20000000    -10.00000000
     21.93979933     -0.00000000     -0.00000000      0.00000000      0.00000000      0.00000478     -0.82824940      0.00000048      0.16370128      1.27377194      0.00000000      0.99981460      0.06286962      0.51463665      0.51463665      0.32771884      0.14067294      1.20000000    -10.00000000
     22.10702341     -0.00000000     -0.00000000      0.00000000      0.00000000      0.00000463     -0.81912210      0.00000046      0.16117576      1.26537445      0.00000000      0.99981460      0.06327732      0.51452400      0.51452400      0.32835584      0.13880393      1.20000000    -10.00000000
     22.27424749     -0.00000000     -0.00000000      0.00000000      0.00000000      0.00000449     -0.81028178      0.00000045      0.15870180      1.25751102      0.00000000      0.99981460      0.06364601      0.51441308      0.51441308      0.32899198      0.13696518      1.20000000    -10.00000000
     22.44147157     -0.00000000     -0.00000000      0.00000000      0.00000000      0.00000435     -0.80170831      0.00000043      0.15627900      1.25012562      0.00000000      0.99981460      0.06404630      0.51430386      0.51430386      0.32962618      0.13515683      1.20000000    -10.00000000
     22.60869565     -0.00000000     -0.00000000      0.00000000      0.00000000      0.00000421     -0.79338400      0.00000041      0.15390678      1.24317031      0.00000000      0.99981460      0.06445447      0.51419629      0.51419629      0.33025873      0.13337887      1.20000000    -10.00000000
     22.77591973     -0.00000000     -0.00000000      0.00000000      0.00000000      0.00000408     -0.78529318      0.00000040      0.15158442      1.23660381      0.00000000      0.99981460      0.06487036      0.51409035      0.51409035      0.33088956      0.13163119      1.20000000    -10.00000000
     22.94314381     -0.00000000     -0.00000000      0.00000000      0.00000000      0.00000396     -0.77742187      0.00000038      0.14931110      1.23039037      0.00000000      0.99981460      0.06529447      0.51398599      0.51398599      0.33151856      0.12991356      1.20000000    -10.00000000
     23.11036789     -0.00000000     -0.00000000      0.00000000      0.00000000      0.00000384     -0.76975755      0.00000037      0.14708591      1.22449882      0.00000000      0.99981460      0.06572477      0.51388317      0.51388317      0.33214589      0.12822571      1.20000000    -10.00000000
     23.27759197     -0.00000000     -0.00000000      0.00000000      0.00000000      0.00000373     -0.76228894      0.00000036      0.14490788      1.21890184      0.00000000      0.99981460      0.06616293      0.51378187      0.51378187      0.33277126      0.12656729      1.20000000    -10.00000000
     23.44481605     -0.00000000     -0.00000000      0.00000000      0.00000000      0.00000362     -0.75500581      0.00000035      0.14277604      1.21357538      0.00000000      0.99981460      0.06660848      0.51368205      0.51368205      0.33339475      0.12493790      1.20000000    -10.00000000
     23.61204013     -0.00000000     -0.00000000      0.00000000      0.00000000      0.00000351     -0.74789884      0.00000033      0.14068936      1.20849814      0.00000000      0.99981460      0.06706096      0.51358368      0.51358368      0.33407550      0.12333713      1.20000000    -10.00000000
     23.77926421     -0.00000000     -0.00000000      0.00000000      0.00000000      0.00000341     -0.74095953      0.00000032      0.13864679      1.20365121      0.00000000      0.99981460      0.06751417      0.51348672      0.51348672      0.33463557      0.12176453      1.20000000    -10.00000000
     23.94648829     -0.00000000     -0.00000000      0.00000000      0.00000000      0.00000331     -0.73418008      0.00000031      0.13664732      1.19901769      0.00000000      0.99981460      0.06798660      0.51339115      0.51339115      0.33525326      0.12021963      1.20000000    -10.00000000
     24.11371237     -0.00000000     -0.00000000      0.00000000      0.00000000      0.00000321     -0.72755329      0.00000030      0.13468989      1.19458244      0.00000000      0.99981460      0.06845947      0.51329693      0.51329693      0.33586576      0.11870194      1.20000000    -10.00000000
     24.28093645     -0.00000000     -0.00000000      0.00000000      0.00000000      0.00000312     -0.72107252      0.00000029      0.13277349      1.19033183      0.00000000      0.99981460      0.06893882      0.51320404      0.51320404      0.33648149      0.11721098      1.20000000    -10.00000000
     24.44816054     -0.00000000     -0.00000000      0.00000000      0.00000000      0.00000303     -0.71473163      0.00000028      0.13089709      1.18625357      0.00000000      0.99981460      0.06942470      0.51311244      0.51311244      0.33709268      0.11574624      1.20000000    -10.00000000
     24.61538462     -0.00000000     -0.00000000      0.00000000      0.00000000      0.00000295     -0.70852488      0.00000028      0.12905969      1.18233652      0.00000000      0.99981460      0.06991656      0.51302212      0.51302212      0.33770108      0.11430723      1.20000000    -10.00000000
     24.78260870     -0.00000000     -0.00000000      0.00000000      0.00000000      0.00000287     -0.70244695      0.00000027      0.12726031      1.17857057      0.00000000      0.99981460      0.07041511      0.51293304      0.51293304      0.33830791      0.11289345      1.20000000    -10.00000000
     24.94983278     -0.00000000     -0.00000000      0.00000000      0.00000000      0.00000279     -0.69649286      0.00000026      0.12549799      1.17494649      0.00000000      0.99981460      0.07091924      0.51284518      0.51284518      0.33891217      0.11150441      1.20000000    -10.00000000
     25.11705686     -0.00000000     -0.00000000      0.00000000      0.00000000      0.00000271     -0.69065795      0.00000025      0.12377177      1.17145588      0.00000000      0.99981460      0.07142968      0.51275852      0.51275852      0.33951396      0.11013960      1.20000000    -10.00000000
     25.28428094     -0.00000000     -0.00000000      0.00000000      0.00000000      0.00000264     -0.68493783      0.00000024      0.12208074      1.16809099      0.00000000      0.99981460      0.07194574      0.51267302      0.51267302      0.34011371      0.10879853      1.20000000    -10.00000000
     25.45150502     -0.00000000     -0.00000000      0.00000000      0.00000000      0.00000257     -0.67932841      0.00000024      0.12042399      1.16484476      0.00000000      0.99981460      0.07247104      0.51258867      0.51258867      0.34070996      0.10748073      1.20000000    -10.00000000
     25.61872910     -0.00000000     -0.00000000      0.00000000      0.00000000      0.00000250     -0.67382580      0.00000023      0.11880065      1.16171066      0.00000000      0.99981460      0.07296900      0.51250545      0.51250545      0.34130585      0.10618571      1.20000000    -10.00000000
     25.78595318     -0.00000000     -0.00000000      0.00000000      0.00000000      0.00000243     -0.66842634      0.00000022      0.11720985      1.15868268      0.00000000      0.99981460      0.07352767      0.51242332      0.51242332      0.34189831      0.10491301      1.20000000    -10.00000000
     25.95317726     -0.00000000     -0.00000000      0.00000000      0.00000000      0.00000237     -0.66312659      0.00000022      0.11565077      1.15575524      0.00000000      0.99981460      0.07406584      0.51234227      0.51234227      0.34248852      0.10366216      1.20000000    -10.00000000
     26.12040134     -0.00000000     -0.00000000      0.00000000      0.00000000      0.00000230     -0.65792327      0.00000021      0.11412259      1.15292320      0.00000000      0.99981460      0.07460926      0.51226228      0.51226228      0.34307588      0.10243271      1.20000000    -10.00000000
     26.28762542     -0.00000000     -0.00000000      0.00000000      0.00000000      0.00000224     -0.65281328      0.00000020      0.11262453      1.15018177      0.00000000      0.99981460      0.07507202      0.51218333      0.51218333      0.34366048      0.10122420      1.20000000    -10.00000000
     26.45484950     -0.00000000     -0.00000000      0.00000000      0.00000000      0.00000219     -0.64779369      0.00000020      0.11115582      1.14752652      0.00000000      0.99981460      0.07571143      0.51210539      0.51210539      0.34424321      0.10003621      1.20000000    -10.00000000
     26.62207358     -0.00000000     -0.00000000      0.00000000      0.00000000      0.00000213     -0.64286168      0.00000019      0.10971571      1.14495329      0.00000000      0.99981460      0.07626990      0.51202845      0.51202845      0.34482155      0.09886830      1.20000000    -10.00000000
     26.78929766     -0.00000000     -0.00000000      0.00000000      0.00000000      0.00000207     -0.63801460      0.00000019      0.10830348      1.14245823      0.00000000      0.99981460      0.07683322      0.51195249      0.51195249      0.34545419      0.09772006      1.20000000    -10.00000000
     26.95652174     -0.00000000     -0.00000000      0.00000000      0.00000000      0.00000202     -0.63324993      0.00000018      0.10691843      1.14003772      0.00000000      0.99981460      0.07735611      0.51187748      0.51187748      0.34597609      0.09659107      1.20000000    -10.00000000
     27.12374582     -0.00000000     -0.00000000      0.00000000      0.00000000      0.00000197     -0.62856523      0.00000018      0.10555988      1.13768840      0.00000000      0.99981460      0.07797359      0.51180342      0.51180342      0.34654850      0.09548092      1.20000000    -10.00000000
     27.29096990     -0.00000000     -0.00000000      0.00000000      0.00000000      0.00000192     -0.62395820      0.00000017      0.10422716      1.13540710      0.00000000      0.99981460      0.07856746      0.51173028      0.51173028      0.34711802      0.09438924      1.20000000    -10.00000000
     27.45819398     -0.00000000     -0.00000000      0.00000000      0.00000000      0.00000187     -0.61942663      0.00000017      0.10291963      1.13319085      0.00000000      0.99981460      0.07913265      0.51165805      0.51165805      0.34768531      0.09331562      1.20000000    -10.00000000
     27.62541806     -0.00000000     -0.00000000      0.00000000      0.00000000      0.00000183     -0.61496843      0.00000016      0.10163666      1.13103686      0.00000000      0.99981460      0.07982583      0.51158670      0.51158670      0.34825021      0.09225969      1.20000000    -10.00000000
     27.79264214     -0.00000000     -0.00000000      0.00000000      0.00000000      0.00000178     -0.61058156      0.00000016      0.10037765      1.12894252      0.00000000      0.99981460      0.08030887      0.51151623      0.51151623      0.34881316      0.09122109      1.20000000    -10.00000000
     27.95986622     -0.00000000     -0.00000000      0.00000000      0.00000000      0.00000174     -0.60626409      0.00000015      0.09914202      1.12690534      0.00000000      0.99981460      0.08090273      0.51144661      0.51144661      0.34937173      0.09019946      1.20000000    -10.00000000
     28.12709030     -0.00000000     -0.00000000      0.00000000      0.00000000      0.00000170     -0.60201416      0.00000015      0.09792918      1.12492300      0.00000000      0.99981460      0.08150085      0.51137784      0.51137784      0.34992849      0.08919444      1.20000000    -10.00000000
     28.29431438     -0.00000000     -0.00000000      0.00000000      0.00000000      0.00000166     -0.59783001      0.00000015      0.09673859      1.12299330      0.00000000      0.99981460      0.08210305      0.51130989      0.51130989      0.35048231      0.08820570      1.20000000    -10.00000000
     28.46153846     -0.00000000     -0.00000000      0.00000000      0.00000000      0.00000162     -0.59370992      0.00000014      0.09556971      1.12111417      0.00000000      0.99981460      0.08270901      0.51124275      0.51124275      0.35103425      0.08723289      1.20000000    -10.00000000
     28.62876254     -0.00000000     -0.00000000      0.00000000      0.00000000      0.00000158     -0.58965224      0.00000014      0.09442201      1.11928364      0.00000000      0.99981460      0.08331872      0.51117641      0.51117641      0.35158315      0.08627569      1.20000000    -10.00000000
     28.79598662     -0.00000000     -0.00000000      0.00000000      0.00000000      0.00000154     -0.58565539      0.00000014      0.09329499      1.11749985      0.00000000      0.99981460      0.08393215      0.51111085      0.51111085      0.35212956      0.08533378      1.20000000    -10.00000000
     28.96321070     -0.00000000     -0.00000000      0.00000000      0.00000000      0.00000150     -0.58171787      0.00000013      0.09218815      1.11576105      0.00000000      0.99981460      0.08454891      0.51104606      0.51104606      0.35267298      0.08440684      1.20000000    -10.00000000
     29.13043478     -0.00000000     -0.00000000      0.00000000      0.00000000      0.00000147     -0.57783819      0.00000013      0.09110102      1.11406555      0.00000000      0.99981460      0.08521457      0.51098203      0.51098203      0.35321395      0.08349458      1.20000000    -10.00000000
     29.29765886     -0.00000000     -0.00000000      0.00000000      0.00000000      0.00000143     -0.57401497      0.00000013      0.09003313      1.11241178      0.00000000      0.99981460      0.08579299      0.51091873      0.51091873      0.35387247      0.08259669      1.20000000    -10.00000000
     29.46488294     -0.00000000     -0.00000000      0.00000000      0.00000000      0.00000140     -0.57024683      0.00000012      0.08898403      1.11079822      0.00000000      0.99981460      0.08642000      0.51085617      0.51085617      0.35428781      0.08171289      1.20000000    -10.00000000
     29.63210702     -0.00000000     -0.00000000      0.00000000      0.00000000      0.00000137     -0.56653246      0.00000012      0.08795329      1.10922345      0.00000000      0.99981460      0.08704397      0.51079432      0.51079432      0.35482077      0.08084289      1.20000000    -10.00000000
     29.79933110     -0.00000000     -0.00000000      0.00000000      0.00000000      0.00000134     -0.56287061      0.00000012      0.08694046      1.10768609      0.00000000      0.99981460      0.08768357      0.51073317      0.51073317      0.35535107      0.07998641      1.20000000    -10.00000000
     29.96655518     -0.00000000     -0.00000000      0.00000000      0.00000000      0.00000131     -0.55926005      0.00000011      0.08594515      1.10618486      0.00000000      0.99981460      0.08832001      0.51067272      0.51067272      0.35587876      0.07914318      1.20000000    -10.00000000
     30.13377926     -0.00000000     -0.00000000      0.00000000      0.00000000      0.00000128     -0.55569961      0.00000011      0.08496696      1.10471852      0.00000000      0.99981460      0.08895735      0.51061295      0.51061295      0.35640387      0.07831294      1.20000000    -10.00000000
     30.30100334     -0.00000000     -0.00000000      0.00000000      0.00000000      0.00000125     -0.55218814      0.00000011      0.08400548      1.10328588      0.00000000      0.99981460      0.08960185      0.51055385      0.51055385      0.35692599      0.07749543      1.20000000    -10.00000000
     30.46822742     -0.00000000     -0.00000000      0.00000000      0.00000000      0.00000122     -0.54872454      0.00000011      0.08306034      1.10188582      0.00000000      0.99981460      0.09024663      0.51049540      0.51049540      0.35744563      0.07669041      1.20000000    -10.00000000
     30.63545151     -0.00000000     -0.00000000      0.00000000      0.00000000      0.00000119     -0.54530775      0.00000010      0.08213117      1.10051726      0.00000000      0.99981460      0.09089447      0.51043760      0.51043760      0.35796216      0.07589761      1.20000000    -10.00000000
     30.80267559     -0.00000000     -0.00000000      0.00000000      0.00000000      0.00000117     -0.54193674      0.00000010      0.08121761      1.09917919      0.00000000      0.99981460      0.09132047      0.51038044      0.51038044      0.35847647      0.07511680      1.20000000    -10.00000000
     30.96989967     -0.00000000     -0.00000000      0.00000000      0.00000000      0.00000114     -0.53861052      0.00000010      0.08031932      1.09787061      0.00000000      0.99981460      0.09219763      0.51032390      0.51032390      0.35898850      0.07434776      1.20000000    -10.00000000
     31.13712375     -0.00000000     -0.00000000      0.00000000      0.00000000      0.00000112     -0.53532810      0.00000010      0.07943595      1.09659059      0.00000000      0.99981460      0.09285288      0.51026798      0.51026798      0.35949820      0.07359024      1.20000000    -10.00000000
     31.30434783     -0.00000000     -0.00000000      0.00000000      0.00000000      0.00000109     -0.53208857      0.00000009      0.07856717      1.09533823      0.00000000      0.99981460      0.09351086      0.51021266      0.51021266      0.36000550      0.07284402      1.20000000    -10.00000000
     31.47157191     -0.00000000     -0.00000000      0.00000000      0.00000000      0.00000107     -0.52889101      0.00000009      0.07771267      1.09411266      0.00000000      0.99981460      0.09417106      0.51015794      0.51015794      0.36050798      0.07210890      1.20000000    -10.00000000
     31.63879599     -0.00000000     -0.00000000      0.00000000      0.00000000      0.00000105     -0.52573455      0.00000009      0.07687213      1.09291307      0.00000000      0.99981460      0.09483421      0.51010380      0.51010380      0.36100912      0.07138464      1.20000000    -10.00000000
     31.80602007     -0.00000000     -0.00000000      0.00000000      0.00000000      0.00000102     -0.52261833      0.00000009      0.07604525      1.09173866      0.00000000      0.99981460      0.09549810      0.51005024      0.51005024      0.36150768      0.07067105      1.20000000    -10.00000000
     31.97324415     -0.00000000     -0.00000000      0.00000000      0.00000000      0.00000100     -0.51954152      0.00000009      0.07523173      1.09058868      0.00000000      0.99981460      0.09616481      0.50999725      0.50999725      0.36200361      0.06996792      1.20000000    -10.00000000
     32.14046823     -0.00000000     -0.00000000      0.00000000      0.00000000      0.00000098     -0.51650332      0.00000008      0.07443128      1.08946239      0.00000000      0.99981460      0.09683360      0.50994481      0.50994481      0.36249686      0.06927505      1.20000000    -10.00000000
     32.30769231     -0.00000000     -0.00000000      0.00000000      0.00000000      0.00000096     -0.51350296      0.00000008      0.07364363      1.08835910      0.00000000      0.99981460      0.09750452      0.50989293      0.50989293      0.36295223      0.06859225      1.20000000    -10.00000000
     32.47491639     -0.00000000     -0.00000000      0.00000000      0.00000000      0.00000094     -0.51053967      0.00000008      0.07286850      1.08727813      0.00000000      0.99981460      0.09832555      0.50984158      0.50984158      0.36347567      0.06791932      1.20000000    -10.00000000
     32.64214047     -0.00000000     -0.00000000      0.00000000      0.00000000      0.00000092     -0.50761273      0.00000008      0.07210563      1.08621885      0.00000000      0.99981460      0.09885161      0.50979077      0.50979077      0.36396114      0.06725609      1.20000000    -10.00000000
     32.80936455     -0.00000000     -0.00000000      0.00000000      0.00000000      0.00000090     -0.50472141      0.00000008      0.07135476      1.08518062      0.00000000      0.99981460      0.09952776      0.50974048      0.50974048      0.36444431      0.06660236      1.20000000    -10.00000000
     32.97658863     -0.00000000     -0.00000000      0.00000000      0.00000000      0.00000088     -0.50186503      0.00000008      0.07061563      1.08416286      0.00000000      0.99981460      0.10017296      0.50969071      0.50969071      0.36492453      0.06595797      1.20000000    -10.00000000
     33.14381271     -0.00000000     -0.00000000      0.00000000      0.00000000      0.00000086     -0.49904291      0.00000007      0.06988801      1.08316498      0.00000000      0.99981460      0.10088551      0.50964145      0.50964145      0.36540175      0.06532273      1.20000000    -10.00000000
     33.31103679     -0.00000000     -0.00000000      0.00000000      0.00000000      0.00000085     -0.49625439      0.00000007      0.06917165      1.08218645      0.00000000      0.99981460      0.10156686      0.50959268      0.50959268      0.36587739      0.06469649      1.20000000    -10.00000000
     33.47826087     -0.00000000     -0.00000000      0.00000000      0.00000000      0.00000083     -0.49349883      0.00000007      0.06846632      1.08122671      0.00000000      0.99981460      0.10224969      0.50954441      0.50954441      0.36635005      0.06407906      1.20000000    -10.00000000
     33.64548495     -0.00000000     -0.00000000      0.00000000      0.00000000      0.00000081     -0.49077562      0.00000007      0.06777180      1.08028527      0.00000000      0.99981460      0.10293400      0.50949662      0.50949662      0.36681981      0.06347030      1.20000000    -10.00000000
     33.81270903     -0.00000000     -0.00000000      0.00000000      0.00000000      0.00000080     -0.48808415      0.00000007      0.06708786      1.07936162      0.00000000      0.99981460      0.10361959      0.50944931      0.50944931      0.36728778      0.06287004      1.20000000    -10.00000000
     33.97993311     -0.00000000     -0.00000000      0.00000000      0.00000000      0.00000078     -0.48542383      0.00000007      0.06641429      1.07845529      0.00000000      0.99981460      0.10430640      0.50940248      0.50940248      0.36775093      0.06227813      1.20000000    -10.00000000
     34.14715719     -0.00000000     -0.00000000      0.00000000      0.00000000      0.00000077     -0.48279409      0.00000007      0.06575088      1.07756583      0.00000000      0.99981460      0.10499537      0.50935610      0.50935610      0.36821534      0.06169442      1.20000000    -10.00000000
     34.31438127     -0.00000000     -0.00000000      0.00000000      0.00000000      0.00000075     -0.48019437      0.00000006      0.06509743      1.07669278      0.00000000      0.99981460      0.10568440      0.50931018      0.50931018      0.36867548      0.06111876      1.20000000    -10.00000000
     34.48160535     -0.00000000     -0.00000000      0.00000000      0.00000000      0.00000074     -0.47762413      0.00000006      0.06445373      1.07583571      0.00000000      0.99981460      0.10609327      0.50926472      0.50926472      0.36913034      0.06055099      1.20000000    -10.00000000
     34.64882943     -0.00000000     -0.00000000      0.00000000      0.00000000      0.00000072     -0.47508283      0.00000006      0.06381960      1.07499422      0.00000000      0.99981460      0.10706689      0.50921969      0.50921969      0.36959347      0.05999099      1.20000000    -10.00000000
     34.81605351     -0.00000000     -0.00000000      0.00000000      0.00000000      0.00000071     -0.47256996      0.00000006      0.06319483      1.07416791      0.00000000      0.99981460      0.10776008      0.50917510      0.50917510      0.37004049      0.05943862      1.20000000    -10.00000000
     34.98327759     -0.00000000     -0.00000000      0.00000000      0.00000000      0.00000069     -0.47008502      0.00000006      0.06257926      1.07335639      0.00000000      0.99981460      0.10845362      0.50913095      0.50913095      0.37049097      0.05889373      1.20000000    -10.00000000
     35.15050167     -0.00000000     -0.00000000      0.00000000      0.00000000      0.00000068     -0.46762752      0.00000006      0.06197269      1.07255928      0.00000000      0.99981460      0.10914841      0.50908722      0.50908722      0.37093854      0.05835620      1.20000000    -10.00000000
     35.31772575     -0.00000000     -0.00000000      0.00000000      0.00000000      0.00000067     -0.46519698      0.00000006      0.06137495      1.07177623      0.00000000      0.99981460      0.10983545      0.50904390      0.50904390      0.37138388      0.05782589      1.20000000    -10.00000000
     35.48494983     -0.00000000     -0.00000000      0.00000000      0.00000000      0.00000065     -0.46279293      0.00000006      0.06078587      1.07100689      0.00000000      0.99981460      0.11054063      0.50900100      0.50900100      0.37182671      0.05730268      1.20000000    -10.00000000
     35.65217391     -0.00000000     -0.00000000      0.00000000      0.00000000      0.00000064     -0.46041491      0.00000005      0.06020529      1.07025092      0.00000000      0.99981460      0.11123822      0.50895850      0.50895850      0.37226713      0.05678645      1.20000000    -10.00000000
     35.81939799     -0.00000000     -0.00000000      0.00000000      0.00000000      0.00000063     -0.45806249      0.00000005      0.05963304      1.06950799      0.00000000      0.99981460      0.11193645      0.50891641      0.50891641      0.37271632      0.05627707      1.20000000    -10.00000000
     35.98662207     -0.00000000     -0.00000000      0.00000000      0.00000000      0.00000062     -0.45573522      0.00000005      0.05906895      1.06877779      0.00000000      0.99981460      0.11259467      0.50887471      0.50887471      0.37314035      0.05577442      1.20000000    -10.00000000
     36.15384615     -0.00000000     -0.00000000      0.00000000      0.00000000      0.00000061     -0.45343269      0.00000005      0.05851289      1.06806001      0.00000000      0.99981460      0.11333451      0.50883340      0.50883340      0.37357401      0.05527839      1.20000000    -10.00000000
     36.32107023     -0.00000000     -0.00000000      0.00000000      0.00000000      0.00000060     -0.45115448      0.00000005      0.05796468      1.06735436      0.00000000      0.99981460      0.11403457      0.50879247      0.50879247      0.37398204      0.05478886      1.20000000    -10.00000000
     36.48829431     -0.00000000     -0.00000000      0.00000000      0.00000000      0.00000058     -0.44890019      0.00000005      0.05742419      1.06666055      0.00000000      0.99981460      0.11489425      0.50875193      0.50875193      0.37443356      0.05430573      1.20000000    -10.00000000
     36.65551839     -0.00000000     -0.00000000      0.00000000      0.00000000      0.00000057     -0.44666942      0.00000005      0.05689126      1.06597830      0.00000000      0.99981460      0.11543632      0.50871175      0.50871175      0.37486037      0.05382887      1.20000000    -10.00000000
     36.82274247     -0.00000000     -0.00000000      0.00000000      0.00000000      0.00000056     -0.44446179      0.00000005      0.05636577      1.06530734      0.00000000      0.99981460      0.11613779      0.50867195      0.50867195      0.37525964      0.05335820      1.20000000    -10.00000000
     36.98996656     -0.00000000     -0.00000000      0.00000000      0.00000000      0.00000055     -0.44227692      0.00000005      0.05584757      1.06464741      0.00000000      0.99981460      0.11683983      0.50863250      0.50863250      0.37570478      0.05289359      1.20000000    -10.00000000
     37.15719064     -0.00000000     -0.00000000      0.00000000      0.00000000      0.00000054     -0.44011444      0.00000005      0.05533652      1.06399825      0.00000000      0.99981460      0.11754226      0.50859342      0.50859342      0.37612496      0.05243495      1.20000000    -10.00000000
     37.32441472     -0.00000000     -0.00000000      0.00000000      0.00000000      0.00000053     -0.43797399      0.00000004      0.05483249      1.06335963      0.00000000      0.99981460      0.11824498      0.50855469      0.50855469      0.37654903      0.05198218      1.20000000    -10.00000000
     37.49163880     -0.00000000     -0.00000000      0.00000000      0.00000000      0.00000052     -0.43585523      0.00000004      0.05433536      1.06273130      0.00000000      0.99981460      0.11894788      0.50851631      0.50851631      0.37695582      0.05153518      1.20000000    -10.00000000
     37.65886288     -0.00000000     -0.00000000      0.00000000      0.00000000      0.00000051     -0.43375780      0.00000004      0.05384500      1.06211304      0.00000000      0.99981460      0.11962054      0.50847827      0.50847827      0.37736777      0.05109385      1.20000000    -10.00000000
     37.82608696     -0.00000000     -0.00000000      0.00000000      0.00000000      0.00000050     -0.43168138      0.00000004      0.05336128      1.06150460      0.00000000      0.99981460      0.12035448      0.50844057      0.50844057      0.37785012      0.05065810      1.20000000    -10.00000000
     37.99331104     -0.00000000     -0.00000000      0.00000000      0.00000000      0.00000050     -0.42962563      0.00000004      0.05288409      1.06090579      0.00000000      0.99981460      0.12105835      0.50840320      0.50840320      0.37818589      0.05022784      1.20000000    -10.00000000
     38.16053512     -0.00000000     -0.00000000      0.00000000      0.00000000      0.00000049     -0.42759023      0.00000004      0.05241331      1.06031639      0.00000000      0.99981460      0.12176209      0.50836617      0.50836617      0.37859201      0.04980297      1.20000000    -10.00000000
     38.32775920     -0.00000000     -0.00000000      0.00000000      0.00000000      0.00000048     -0.42557487      0.00000004      0.05194882      1.05973618      0.00000000      0.99981460      0.12246594      0.50832946      0.50832946      0.37899471      0.04938341      1.20000000    -10.00000000
     38.49498328     -0.00000000     -0.00000000      0.00000000      0.00000000      0.00000047     -0.42357924      0.00000004      0.05149051      1.05916499      0.00000000      0.99981460      0.12316983      0.50829307      0.50829307      0.37939585      0.04896907      1.20000000    -10.00000000
     38.66220736     -0.00000000     -0.00000000      0.00000000      0.00000000      0.00000046     -0.42160303      0.00000004      0.05103828      1.05860258      0.00000000      0.99981460      0.12387372      0.50825700      0.50825700      0.37979479      0.04855986      1.20000000    -10.00000000
     38.82943144     -0.00000000     -0.00000000      0.00000000      0.00000000      0.00000045     -0.41964595      0.00000004      0.05059200      1.05804881      0.00000000      0.99981460      0.12463145      0.50822125      0.50822125      0.38019155      0.04815571      1.20000000    -10.00000000
     38.99665552     -0.00000000     -0.00000000      0.00000000      0.00000000      0.00000045     -0.41770772      0.00000004      0.05015159      1.05750347      0.00000000      0.99981460      0.12526926      0.50818580      0.50818580      0.38058616      0.04775653      1.20000000    -10.00000000
     39.16387960     -0.00000000     -0.00000000      0.00000000      0.00000000      0.00000044     -0.41578806      0.00000004      0.04971694      1.05696639      0.00000000      0.99981460      0.12598507      0.50815066      0.50815066      0.38097852      0.04736223      1.20000000    -10.00000000
     39.33110368     -0.00000000     -0.00000000      0.00000000      0.00000000      0.00000043     -0.41388667      0.00000004      0.04928794      1.05643739      0.00000000      0.99981460      0.12668817      0.50811582      0.50811582      0.38136868      0.04697275      1.20000000    -10.00000000
     39.49832776     -0.00000000     -0.00000000      0.00000000      0.00000000      0.00000042     -0.41200330      0.00000004      0.04886449      1.05591629      0.00000000      0.99981460      0.12739169      0.50808128      0.50808128      0.38175636      0.04658799      1.20000000    -10.00000000
     39.66555184     -0.00000000     -0.00000000      0.00000000      0.00000000      0.00000042     -0.41013767      0.00000003      0.04844651      1.05540295      0.00000000      0.99981460      0.12809483      0.50804703      0.50804703      0.38213685      0.04620790      1.20000000    -10.00000000
     39.83277592     -0.00000000     -0.00000000      0.00000000      0.00000000      0.00000041     -0.40828953      0.00000003      0.04803390      1.05489721      0.00000000      0.99981460      0.12879830      0.50801307      0.50801307      0.38252649      0.04583239      1.20000000    -10.00000000
     40.00000000     -0.00000000     -0.00000000      0.00000000      0.00000000      0.00000040     -0.40645863      0.00000003      0.04762656      1.05439890      0.00000000      0.99981460      0.12950103      0.50797939      0.50797939      0.38290857      0.04546139      1.20000000    -10.00000000
