    -10.00000000     -0.00000000     -0.00000000      0.00000000      0.00000000      0.01782122      0.00000222      0.01022205      0.00000000      3.11339360      0.00000000      0.99981943      0.50003847      0.50005149      0.50005149      0.49999349      0.00000000      2.80000000    -10.00000000
     -9.83277592     -0.00000000     -0.00000000      0.00000000      0.00000000      0.01776499      0.11518270      0.01019582      0.00129451      3.11523288      0.00000000      0.99981943      0.50402990      0.49940587      0.49940587      0.50138852      0.00129284      2.80000000    -10.00000000
     -9.66555184     -0.00000000     -0.00000000      0.00000000      0.00000000      0.01784511      0.22951840      0.01015408      0.00518444      3.08854998      0.00000000      0.99981943      0.50826356      0.49884542      0.49884542      0.50299058      0.00515770      2.80000000    -10.00000000
     -9.49832776     -0.00000000     -0.00000000      0.00000000      0.00000000      0.01797320      0.34179398      0.01008528      0.01165881      3.04576363      0.00000000      0.99981943      0.51314031      0.49827061      0.49827061      0.50494864      0.01152445      2.80000000    -10.00000000
     -9.33110368     -0.00000000     -0.00000000      0.00000000      0.00000000      0.01814239      0.45137320      0.00999032      0.02071928      2.98894847      0.00000000      0.99981943      0.51904740      0.49770027      0.49770027      0.50603532      0.02029870      2.80000000    -10.00000000
     -9.16387960     -0.00000000     -0.00000000      0.00000000      0.00000000      0.01835556      0.55748736      0.00987043      0.03236604      2.91878446      0.00000000      0.99981943      0.52197807      0.49713208      0.49713208      0.50723325      0.03135132      2.80000000    -10.00000000
     -8.99665552     -0.00000000     -0.00000000      0.00000000      0.00000000      0.01861451      0.65940519      0.00972715      0.04659707      2.83640103      0.00000000      0.99981943      0.52548395      0.49655665      0.49655665      0.50847612      0.04452245      2.80000000    -10.00000000
     -8.82943144     -0.00000000     -0.00000000      0.00000000      0.00000000      0.01892031      0.75647405      0.00956227      0.06340788      2.74325606      0.00000000      0.99981943      0.52909445      0.49598577      0.49598577      0.50972326      0.05962705      2.80000000    -10.00000000
     -8.66220736     -0.00000000     -0.00000000      0.00000000      0.00000000      0.01927374      0.84813292      0.00937778      0.08279078      2.64099391      0.00000000      0.99981943      0.53270593      0.49542059      0.49542059      0.51102169      0.07646055      2.80000000    -10.00000000
     -8.49498328     -0.00000000     -0.00000000      0.00000000      0.00000000      0.01967546      0.93391786      0.00917579      0.10473384      2.53134797      0.00000000      0.99981943      0.53627885      0.49486022      0.49486022      0.51219953      0.09480459      2.80000000    -10.00000000
     -8.32775920     -0.00000000     -0.00000000      0.00000000      0.00000000      0.02012613      1.01346361      0.00895851      0.12921971      2.41606750      0.00000000      0.99981943      0.53980273      0.49430504      0.49430504      0.51341540      0.11443274      2.80000000    -10.00000000
     -8.16053512     -0.00000000     -0.00000000      0.00000000      0.00000000      0.02062640      1.08650198      0.00872819      0.15622414      2.29685933      0.00000000      0.99981943      0.54322727      0.49375834      0.49375834      0.51461088      0.13511579      2.80000000    -10.00000000
     -7.99331104     -0.00000000     -0.00000000      0.00000000      0.00000000      0.02117695      1.15285763      0.00848706      0.18571436      2.17534123      0.00000000      0.99981943      0.54658239      0.49321576      0.49321576      0.51578511      0.15662656      2.80000000    -10.00000000
     -7.82608696     -0.00000000     -0.00000000      0.00000000      0.00000000      0.02177850      1.21244184      0.00823730      0.21764720      2.05300620      0.00000000      0.99981943      0.54983619      0.49268290      0.49268290      0.51693126      0.17874405      2.80000000    -10.00000000
     -7.65886288     -0.00000000     -0.00000000      0.00000000      0.00000000      0.02243177      1.26524453      0.00798099      0.25196710      1.93119718      0.00000000      0.99981943      0.55298419      0.49216009      0.49216009      0.51800263      0.20125696      2.80000000    -10.00000000
     -7.49163880     -0.00000000     -0.00000000      0.00000000      0.00000000      0.02313749      1.31132547      0.00772010      0.28860388      1.81109129      0.00000000      0.99981943      0.55600983      0.49164720      0.49164720      0.51912858      0.22396633      2.80000000    -10.00000000
     -7.32441472     -0.00000000     -0.00000000      0.00000000      0.00000000      0.02389641      1.35080470      0.00745648      0.32747038      1.69369265      0.00000000      0.99981943      0.55886142      0.49114627      0.49114627      0.52018364      0.24668753      2.80000000    -10.00000000
     -7.15719064     -0.00000000     -0.00000000      0.00000000      0.00000000      0.02470925      1.38385302      0.00719179      0.36846001      1.57983262      0.00000000      0.99981943      0.56158481      0.49065682      0.49065682      0.52117471      0.26925158      2.80000000    -10.00000000
     -6.98996656     -0.00000000     -0.00000000      0.00000000      0.00000000      0.02557672      1.41068256      0.00692757      0.41144411      1.47017575      0.00000000      0.99981943      0.56413412      0.49018046      0.49018046      0.52212983      0.29150578      2.80000000    -10.00000000
     -6.82274247     -0.00000000     -0.00000000      0.00000000      0.00000000      0.02649950      1.43153789      0.00666515      0.45626932      1.36523037      0.00000000      0.99981943      0.56647100      0.48971834      0.48971834      0.52303830      0.31331383      2.80000000    -10.00000000
     -6.65551839     -0.00000000     -0.00000000      0.00000000      0.00000000      0.02747819      1.44668776      0.00640574      0.50275486      1.26536216      0.00000000      0.99981943      0.56855696      0.48927464      0.48927464      0.52389665      0.33455547      2.80000000    -10.00000000
     -6.48829431     -0.00000000     -0.00000000      0.00000000      0.00000000      0.02851335      1.45641776      0.00615037      0.55068998      1.17080959      0.00000000      0.99981943      0.57044377      0.48884486      0.48884486      0.52470584      0.35512577      2.80000000    -10.00000000
     -6.32107023     -0.00000000     -0.00000000      0.00000000      0.00000000      0.02960544      1.46102357      0.00589991      0.59983102      1.08170052      0.00000000      0.99981943      0.57151070      0.48843535      0.48843535      0.52545052      0.37493398      2.80000000    -10.00000000
     -6.15384615     -0.00000000     -0.00000000      0.00000000      0.00000000      0.03075483      1.46080557      0.00565510      0.64989930      0.99806833      0.00000000      0.99981943      0.57388439      0.48804803      0.48804803      0.52613248      0.39390240      2.80000000    -10.00000000
     -5.98662207     -0.00000000     -0.00000000      0.00000000      0.00000000      0.03196174      1.45606392      0.00541655      0.70057866      0.91986794      0.00000000      0.99981943      0.57594128      0.48768301      0.48768301      0.52674729      0.41196487      2.80000000    -10.00000000
     -5.81939799     -0.00000000     -0.00000000      0.00000000      0.00000000      0.03322626      1.44709464      0.00518474      0.75151352      0.84699058      0.00000000      0.99981943      0.57775176      0.48734415      0.48734415      0.52728969      0.42906521      2.80000000    -10.00000000
     -5.65217391     -0.00000000     -0.00000000      0.00000000      0.00000000      0.03454831      1.43418651      0.00496004      0.80230735      0.77927726      0.00000000      0.99981943      0.57930922      0.48702925      0.48702925      0.52775662      0.44515568      2.80000000    -10.00000000
     -5.48494983     -0.00000000     -0.00000000      0.00000000      0.00000000      0.03592761      1.41761856      0.00474274      0.85252170      0.71653077      0.00000000      0.99981943      0.58061160      0.48674455      0.48674455      0.52814317      0.46019526      2.80000000    -10.00000000
     -5.31772575     -0.00000000     -0.00000000      0.00000000      0.00000000      0.03736365      1.39765828      0.00453303      0.90167585      0.65852623      0.00000000      0.99981943      0.58163515      0.48649105      0.48649105      0.52844565      0.47414803      2.80000000    -10.00000000
     -5.15050167     -0.00000000     -0.00000000      0.00000000      0.00000000      0.03885572      1.37456032      0.00433103      0.94924740      0.60501995      0.00000000      0.99981943      0.58241714      0.48627120      0.48627120      0.52865823      0.48698149      2.80000000    -10.00000000
     -4.98327759     -0.00000000     -0.00000000      0.00000000      0.00000000      0.04040279      1.34856562      0.00413678      0.99467381      0.55575706      0.00000000      0.99981943      0.58291248      0.48608474      0.48608474      0.52877532      0.49866490      2.80000000    -10.00000000
     -4.81605351     -0.00000000     -0.00000000      0.00000000      0.00000000      0.04200358      1.31990101      0.00395029      1.03735524      0.51047764      0.00000000      0.99981943      0.58312923      0.48594098      0.48594098      0.52878803      0.50916758      2.80000000    -10.00000000
     -4.64882943     -0.00000000     -0.00000000      0.00000000      0.00000000      0.04365646      1.28877909      0.00377151      1.07665882      0.46892174      0.00000000      0.99981943      0.58306154      0.48583495      0.48583495      0.52870121      0.51845725      2.80000000    -10.00000000
     -4.48160535     -0.00000000     -0.00000000      0.00000000      0.00000000      0.04535947      1.25539836      0.00360034      1.11192455      0.43083334      0.00000000      0.99981943      0.58270897      0.48577159      0.48577159      0.52849881      0.52649824      2.80000000    -10.00000000
     -4.31438127     -0.00000000     -0.00000000      0.00000000      0.00000000      0.04711030      1.21994359      0.00343667      1.14247318      0.39596336      0.00000000      0.99981943      0.58205948      0.48575710      0.48575710      0.52814657      0.53324970      2.80000000    -10.00000000
     -4.14715719     -0.00000000     -0.00000000      0.00000000      0.00000000      0.04890620      1.18258630      0.00328033      1.16761603      0.36407189      0.00000000      0.99981943      0.58112643      0.48578758      0.48578758      0.52750453      0.53866368      2.80000000    -10.00000000
     -3.97993311     -0.00000000     -0.00000000      0.00000000      0.00000000      0.05074403      1.14348539      0.00313116      1.18666707      0.33492985      0.00000000      0.99981943      0.57988607      0.48586978      0.48586978      0.52716947      0.54268301      2.80000000    -10.00000000
     -3.81270903     -0.00000000     -0.00000000      0.00000000      0.00000000      0.05262021      1.10278778      0.00298896      1.19895728      0.30832000      0.00000000      0.99981943      0.57834906      0.48600524      0.48600524      0.52669607      0.54523901      2.80000000    -10.00000000
     -3.64548495     -0.00000000     -0.00000000      0.00000000      0.00000000      0.05453069      1.06062913      0.00285354      1.20385120      0.28403758      0.00000000      0.99981943      0.57651121      0.48619580      0.48619580      0.52610707      0.54624886      2.80000000    -10.00000000
     -3.47826087     -0.00000000     -0.00000000      0.00000000      0.00000000      0.05647095      1.01713446      0.00272466      1.20076579      0.26189062      0.00000000      0.99981943      0.57437239      0.48644444      0.48644444      0.52539397      0.54561271      2.80000000    -10.00000000
     -3.31103679     -0.00000000     -0.00000000      0.00000000      0.00000000      0.05843598      0.97241890      0.00260210      1.18919130      0.24169996      0.00000000      0.99981943      0.57193224      0.48675524      0.48675524      0.52455791      0.54321032      2.80000000    -10.00000000
     -3.14381271     -0.00000000     -0.00000000      0.00000000      0.00000000      0.06042030      0.92658828      0.00248563      1.16871405      0.22329904      0.00000000      0.99981943      0.56919565      0.48712485      0.48712485      0.52358826      0.53889726      2.80000000    -10.00000000
     -2.97658863     -0.00000000     -0.00000000      0.00000000      0.00000000      0.06241793      0.87973975      0.00237502      1.13904076      0.20653358      0.00000000      0.99981943      0.56616657      0.48755966      0.48755966      0.52249827      0.53250073      2.80000000    -10.00000000
     -2.80936455     -0.00000000     -0.00000000      0.00000000      0.00000000      0.06442240      0.83196240      0.00227002      1.10002411      0.19126112      0.00000000      0.99981943      0.56283490      0.48805973      0.48805973      0.52127776      0.52381499      2.80000000    -10.00000000
     -2.64214047     -0.00000000     -0.00000000      0.00000000      0.00000000      0.06642682      0.78333779      0.00217041      1.05168906      0.17735046      0.00000000      0.99981943      0.55922483      0.48862737      0.48862737      0.51992920      0.51259671      2.80000000    -10.00000000
     -2.47491639     -0.00000000     -0.00000000      0.00000000      0.00000000      0.06842382      0.73394053      0.00207595      0.99425924      0.16468105      0.00000000      0.99981943      0.55557344      0.48926296      0.48926296      0.51845373      0.49856068      2.80000000    -10.00000000
     -2.30769231     -0.00000000     -0.00000000      0.00000000      0.00000000      0.07040565      0.68383881      0.00198641      0.92818288      0.15314240      0.00000000      0.99981943      0.55118973      0.48996711      0.48996711      0.51684092      0.48137700      2.80000000    -10.00000000
     -2.14046823     -0.00000000     -0.00000000      0.00000000      0.00000000      0.07236419      0.63309486      0.00190157      0.85415728      0.14263340      0.00000000      0.99981943      0.54684272      0.49074162      0.49074162      0.51512539      0.46067143      2.80000000    -10.00000000
     -1.97324415     -0.00000000     -0.00000000      0.00000000      0.00000000      0.07429102      0.58176547      0.00182119      0.77315108      0.13306169      0.00000000      0.99981943      0.54217938      0.49158501      0.49158501      0.51327731      0.43603226      2.80000000    -10.00000000
     -1.80602007     -0.00000000     -0.00000000      0.00000000      0.00000000      0.07617743      0.52990242      0.00174508      0.68642328      0.12434299      0.00000000      0.99981943      0.53707379      0.49250365      0.49250365      0.51130362      0.40702906      2.80000000    -10.00000000
     -1.63879599     -0.00000000     -0.00000000      0.00000000      0.00000000      0.07801452      0.47755293      0.00167300      0.59553805      0.11640055      0.00000000      0.99981943      0.53167486      0.49347983      0.49347983      0.50922251      0.37325218      2.80000000    -10.00000000
     -1.47157191     -0.00000000     -0.00000000      0.00000000      0.00000000      0.07979326      0.42475999      0.00160477      0.50237430      0.10916447      0.00000000      0.99981943      0.52617240      0.49452460      0.49452460      0.50702442      0.33438691      2.80000000    -10.00000000
     -1.30434783     -0.00000000     -0.00000000      0.00000000      0.00000000      0.08150458      0.37156279      0.00154019      0.40912918      0.10257121      0.00000000      0.99981943      0.52036930      0.49563794      0.49563794      0.50471755      0.29034186      2.80000000    -10.00000000
     -1.13712375     -0.00000000     -0.00000000      0.00000000      0.00000000      0.08313942      0.31799703      0.00147906      0.31831471      0.09656304      0.00000000      0.99981943      0.51440375      0.49681517      0.49681517      0.50230727      0.24145578      2.80000000    -10.00000000
     -0.96989967     -0.00000000     -0.00000000      0.00000000      0.00000000      0.08468883      0.26409519      0.00142119      0.23274679      0.09108751      0.00000000      0.99981943      0.50821930      0.49804917      0.49804917      0.49979649      0.18880340      2.80000000    -10.00000000
     -0.80267559     -0.00000000     -0.00000000      0.00000000      0.00000000      0.08614407      0.20988688      0.00136641      0.15552634      0.08609702      0.00000000      0.99981943      0.50185434      0.49934908      0.49934908      0.49719751      0.13459351      2.80000000    -10.00000000
     -0.63545151     -0.00000000     -0.00000000      0.00000000      0.00000000      0.08749669      0.15539902      0.00131454      0.09001245      0.08154841      0.00000000      0.99981943      0.49532129      0.50070054      0.50070054      0.49450993      0.08257929      2.80000000    -10.00000000
     -0.46822742     -0.00000000     -0.00000000      0.00000000      0.00000000      0.08873864      0.10065613      0.00126542      0.03978754      0.07740249      0.00000000      0.99981943      0.48863427      0.50209964      0.50209964      0.49174538      0.03826506      2.80000000    -10.00000000
     -0.30100334     -0.00000000     -0.00000000      0.00000000      0.00000000      0.08986233      0.04568049      0.00121888      0.00861520      0.07362374      0.00000000      0.99981943      0.48181101      0.50354527      0.50354527      0.48894866      0.00854161      2.80000000    -10.00000000
     -0.13377926     -0.00000000     -0.00000000      0.00000000      0.00000000      0.09086074     -0.00950763      0.00117478      0.00039152      0.07017994      0.00000000      0.99981943      0.47470490      0.50503610      0.50503610      0.48612263      0.00039137      2.80000000    -10.00000000
      0.03344482     -0.00000000     -0.00000000      0.00000000      0.00000000      0.09172751     -0.06488980      0.00113295      0.01909098      0.06704190      0.00000000      0.99981943      0.46787363      0.50657195      0.50657195      0.48311621      0.01873334      2.80000000    -10.00000000
      0.20066890     -0.00000000     -0.00000000      0.00000000      0.00000000      0.09245699     -0.12044931      0.00109327      0.06870833      0.06418311      0.00000000      0.99981943      0.46066375      0.50811699      0.50811699      0.48005257      0.06429100      2.80000000    -10.00000000
      0.36789298     -0.00000000     -0.00000000      0.00000000      0.00000000      0.09304434     -0.17617096      0.00105558      0.15319817      0.06157956      0.00000000      0.99981943      0.45337726      0.50970001      0.50970001      0.47694426      0.13284635      2.80000000    -10.00000000
      0.53511706     -0.00000000     -0.00000000      0.00000000      0.00000000      0.09348560     -0.23204099      0.00101977      0.27641390      0.05920946      0.00000000      0.99981943      0.44615927      0.51129774      0.51129774      0.47379849      0.21655507      2.80000000    -10.00000000
      0.70234114     -0.00000000     -0.00000000      0.00000000      0.00000000      0.09377770     -0.28804692      0.00098570      0.44204783      0.05705303      0.00000000      0.99981943      0.43882681      0.51291070      0.51291070      0.47062424      0.30654173      2.80000000    -10.00000000
      0.86956522     -0.00000000     -0.00000000      0.00000000      0.00000000      0.09391852     -0.34417742      0.00095325      0.65357426      0.05509235      0.00000000      0.99981943      0.43147932      0.51452993      0.51452993      0.46739452      0.39524942      2.80000000    -10.00000000
      1.03678930     -0.00000000     -0.00000000      0.00000000      0.00000000      0.09390694     -0.40042224      0.00092232      0.91419690      0.05331116      0.00000000      0.99981943      0.42410061      0.51614948      0.51614948      0.46422244      0.47758770      2.80000000    -10.00000000
      1.20401338     -0.00000000     -0.00000000      0.00000000      0.00000000      0.09374281     -0.45677207      0.00089279      1.22680201      0.05169471      0.00000000      0.99981943      0.41673753      0.51776158      0.51776158      0.46101222      0.55092550      2.80000000    -10.00000000
      1.37123746     -0.00000000     -0.00000000      0.00000000      0.00000000      0.09342702     -0.51321846      0.00086457      1.59391792      0.05022964      0.00000000      0.99981943      0.40941879      0.51936475      0.51936475      0.45780690      0.61448279      2.80000000    -10.00000000
      1.53846154     -0.00000000     -0.00000000      0.00000000      0.00000000      0.09296139     -0.56975371      0.00083755      2.01768150      0.04890387      0.00000000      0.99981943      0.40203055      0.52094683      0.52094683      0.45461427      0.66861977      2.80000000    -10.00000000
      1.70568562     -0.00000000     -0.00000000      0.00000000      0.00000000      0.09234875     -0.62637075      0.00081166      2.49981123      0.04770646      0.00000000      0.99981943      0.39478129      0.52252129      0.52252129      0.45144225      0.71427030      2.80000000    -10.00000000
      1.87290970     -0.00000000     -0.00000000      0.00000000      0.00000000      0.09159282     -0.68306310      0.00078681      3.04158653      0.04662759      0.00000000      0.99981943      0.38748654      0.52402771      0.52402771      0.44829736      0.75257241      2.80000000    -10.00000000
      2.04013378     -0.00000000     -0.00000000      0.00000000      0.00000000      0.09069821     -0.73982478      0.00076293      3.64383264      0.04565842      0.00000000      0.99981943      0.38030160      0.52552544      0.52552544      0.44518692      0.78466063      2.80000000    -10.00000000
      2.20735786     -0.00000000     -0.00000000      0.00000000      0.00000000      0.08967032     -0.79665025      0.00073996      4.30691071      0.04479103      0.00000000      0.99981943      0.37319164      0.52697570      0.52697570      0.44222817      0.81156645      2.80000000    -10.00000000
      2.37458194     -0.00000000     -0.00000000      0.00000000      0.00000000      0.08851529     -0.85353443      0.00071783      5.03071357      0.04401838      0.00000000      0.99981943      0.36615756      0.52838039      0.52838039      0.43910258      0.83418214      2.80000000    -10.00000000
      2.54180602     -0.00000000     -0.00000000      0.00000000      0.00000000      0.08723992     -0.91047272      0.00069649      5.81466944      0.04333416      0.00000000      0.99981943      0.35921905      0.52973216      0.52973216      0.43612760      0.85325774      2.80000000    -10.00000000
      2.70903010     -0.00000000     -0.00000000      0.00000000      0.00000000      0.08585155     -0.96746114      0.00067589      6.65775772      0.04273272      0.00000000      0.99981943      0.35237609      0.53103954      0.53103954      0.43321705      0.86941347      2.80000000    -10.00000000
      2.87625418     -0.00000000     -0.00000000      0.00000000      0.00000000      0.08435799     -1.02449644      0.00065599      7.55854243      0.04220893      0.00000000      0.99981943      0.34564451      0.53227620      0.53227620      0.43033879      0.88315767      2.80000000    -10.00000000
      3.04347826     -0.00000000     -0.00000000      0.00000000      0.00000000      0.08276741     -1.08157631      0.00063674      8.51522756      0.04175799      0.00000000      0.99981943      0.33899271      0.53343510      0.53343510      0.42759021      0.89490530      2.80000000    -10.00000000
      3.21070234     -0.00000000     -0.00000000      0.00000000      0.00000000      0.08108826     -1.13869943      0.00061811      9.52573465      0.04137531      0.00000000      0.99981943      0.33252761      0.53457402      0.53457402      0.42488245      0.90499475      2.80000000    -10.00000000
      3.37792642     -0.00000000     -0.00000000      0.00000000      0.00000000      0.07932920     -1.19586547      0.00060004     10.58779472      0.04105638      0.00000000      0.99981943      0.32615700      0.53562527      0.53562527      0.42225353      0.91370230      2.80000000    -10.00000000
      3.54515050     -0.00000000     -0.00000000      0.00000000      0.00000000      0.07749901     -1.25307490      0.00058249     11.69904056      0.04079673      0.00000000      0.99981943      0.31991879      0.53660901      0.53660901      0.41969647      0.92125389      2.80000000    -10.00000000
      3.71237458     -0.00000000     -0.00000000      0.00000000      0.00000000      0.07560651     -1.31032875      0.00056541     12.85708371      0.04059192      0.00000000      0.99981943      0.31381477      0.53752654      0.53752654      0.41722453      0.92783474      2.80000000    -10.00000000
      3.87959866     -0.00000000     -0.00000000      0.00000000      0.00000000      0.07366056     -1.36762819      0.00054877     14.05956665      0.04043763      0.00000000      0.99981943      0.30785233      0.53836982      0.53836982      0.41483609      0.93359703      2.80000000    -10.00000000
      4.04682274     -0.00000000     -0.00000000      0.00000000      0.00000000      0.07166990     -1.42497434      0.00053251     15.30419080      0.04032972      0.00000000      0.99981943      0.30202966      0.53914595      0.53914595      0.41257247      0.93866608      2.80000000    -10.00000000
      4.21404682     -0.00000000     -0.00000000      0.00000000      0.00000000      0.06964316     -1.48236802      0.00051661     16.58872837      0.04026433      0.00000000      0.99981943      0.29636297      0.53985490      0.53985490      0.41031736      0.94314541      2.80000000    -10.00000000
      4.38127090     -0.00000000     -0.00000000      0.00000000      0.00000000      0.06758873     -1.53980975      0.00050104     17.91102703      0.04023789      0.00000000      0.99981943      0.29084209      0.54049166      0.54049166      0.40819137      0.94712080      2.80000000    -10.00000000
      4.54849498     -0.00000000     -0.00000000      0.00000000      0.00000000      0.06551473     -1.59729974      0.00048578     19.26901244      0.04024713      0.00000000      0.99981943      0.28547668      0.54106589      0.54106589      0.40615037      0.95066361      2.80000000    -10.00000000
      4.71571906     -0.00000000     -0.00000000      0.00000000      0.00000000      0.06342893     -1.65483792      0.00047081     20.66068871      0.04028911      0.00000000      0.99981943      0.28027092      0.54156310      0.54156310      0.40420625      0.95383342      2.80000000    -10.00000000
      4.88294314     -0.00000000     -0.00000000      0.00000000      0.00000000      0.06133874     -1.71242402      0.00045611     22.08413426      0.04036117      0.00000000      0.99981943      0.27518592      0.54199508      0.54199508      0.40234851      0.95668020      2.80000000    -10.00000000
      5.05016722     -0.00000000     -0.00000000      0.00000000      0.00000000      0.05925112     -1.77005761      0.00044167     23.53749088      0.04046096      0.00000000      0.99981943      0.27027551      0.54236765      0.54236765      0.40058063      0.95924604      2.80000000    -10.00000000
      5.21739130     -0.00000000     -0.00000000      0.00000000      0.00000000      0.05717260     -1.82773807      0.00042750     25.01894501      0.04058639      0.00000000      0.99981943      0.26551607      0.54267005      0.54267005      0.39890382      0.96156647      2.80000000    -10.00000000
      5.38461538     -0.00000000     -0.00000000      0.00000000      0.00000000      0.05510923     -1.88546466      0.00041359     26.52670210      0.04073569      0.00000000      0.99981943      0.26091356      0.54291522      0.54291522      0.39727046      0.96367164      2.80000000    -10.00000000
      5.55183946     -0.00000000     -0.00000000      0.00000000      0.00000000      0.05306657     -1.94323647      0.00039993     28.05895604      0.04090735      0.00000000      0.99981943      0.25646627      0.54310607      0.54310607      0.39580272      0.96558720      2.80000000    -10.00000000
      5.71906355     -0.00000000     -0.00000000      0.00000000      0.00000000      0.05104971     -2.00105245      0.00038655     29.61385553      0.04110016      0.00000000      0.99981943      0.25217331      0.54324008      0.54324008      0.39442266      0.96733505      2.80000000    -10.00000000
      5.88628763     -0.00000000     -0.00000000      0.00000000      0.00000000      0.04906325     -2.05891138      0.00037343     31.18946959      0.04131320      0.00000000      0.99981943      0.24802604      0.54332247      0.54332247      0.39306517      0.96893394      2.80000000    -10.00000000
      6.05351171     -0.00000000     -0.00000000      0.00000000      0.00000000      0.04711129     -2.11681191      0.00036059     32.78375376      0.04154582      0.00000000      0.99981943      0.24403825      0.54336024      0.54336024      0.39192609      0.97039997      2.80000000    -10.00000000
      6.22073579     -0.00000000     -0.00000000      0.00000000      0.00000000      0.04519748     -2.17475252      0.00034804     34.39451845      0.04179766      0.00000000      0.99981943      0.24018920      0.54333957      0.54333957      0.39065517      0.97174704      2.80000000    -10.00000000
      6.38795987     -0.00000000     -0.00000000      0.00000000      0.00000000      0.04332500     -2.23273158      0.00033579     36.01939950      0.04206860      0.00000000      0.99981943      0.23649427      0.54328032      0.54328032      0.38957158      0.97298714      2.80000000    -10.00000000
      6.55518395     -0.00000000     -0.00000000      0.00000000      0.00000000      0.04149658     -2.29074730      0.00032383     37.65583460      0.04235880      0.00000000      0.99981943      0.23301618      0.54317932      0.54317932      0.38856655      0.97413068      2.80000000    -10.00000000
      6.72240803     -0.00000000     -0.00000000      0.00000000      0.00000000      0.03971455     -2.34879781      0.00031219     39.30104120      0.04266863      0.00000000      0.99981943      0.22965200      0.54303937      0.54303937      0.38763911      0.97518675      2.80000000    -10.00000000
      6.88963211     -0.00000000     -0.00000000      0.00000000      0.00000000      0.03798081     -2.40688109      0.00030088     40.95200358      0.04299873      0.00000000      0.99981943      0.22642650      0.54286316      0.54286316      0.38678386      0.97616324      2.80000000    -10.00000000
      7.05685619     -0.00000000     -0.00000000      0.00000000      0.00000000      0.03629690     -2.46499508      0.00028988     42.60546241      0.04334992      0.00000000      0.99981943      0.22333893      0.54265351      0.54265351      0.38600184      0.97706709      2.80000000    -10.00000000
      7.22408027     -0.00000000     -0.00000000      0.00000000      0.00000000      0.03466400     -2.52313761      0.00027923     44.25791570      0.04372325      0.00000000      0.99981943      0.22039433      0.54241285      0.54241285      0.38528922      0.97790442      2.80000000    -10.00000000
      7.39130435     -0.00000000     -0.00000000      0.00000000      0.00000000      0.03308298     -2.58130648      0.00026891     45.90562516      0.04411992      0.00000000      0.99981943      0.21758452      0.54214373      0.54214373      0.38464558      0.97868060      2.80000000    -10.00000000
      7.55852843     -0.00000000     -0.00000000      0.00000000      0.00000000      0.03155438     -2.63949945      0.00025893     47.54463598      0.04454133      0.00000000      0.99981943      0.21490921      0.54184871      0.54184871      0.38406433      0.97940040      2.80000000    -10.00000000
      7.72575251     -0.00000000     -0.00000000      0.00000000      0.00000000      0.03007848     -2.69771426      0.00024930     49.17090403      0.04498888      0.00000000      0.99981943      0.21236761      0.54153000      0.54153000      0.38355110      0.98006813      2.80000000    -10.00000000
      7.89297659     -0.00000000     -0.00000000      0.00000000      0.00000000      0.02865530     -2.75594869      0.00024002     50.77983891      0.04546450      0.00000000      0.99981943      0.20995146      0.54119001      0.54119001      0.38309584      0.98068746      2.80000000    -10.00000000
      8.06020067     -0.00000000     -0.00000000      0.00000000      0.00000000      0.02728464     -2.81420056      0.00023108     52.36735656      0.04596962      0.00000000      0.99981943      0.20766373      0.54083042      0.54083042      0.38269954      0.98126195      2.80000000    -10.00000000
      8.22742475     -0.00000000     -0.00000000      0.00000000      0.00000000      0.02596610     -2.87246775      0.00022248     53.92894538      0.04650610      0.00000000      0.99981943      0.20549850      0.54045503      0.54045503      0.38235831      0.98179466      2.80000000    -10.00000000
      8.39464883     -0.00000000     -0.00000000      0.00000000      0.00000000      0.02469908     -2.93074828      0.00021421     55.46024131      0.04707570      0.00000000      0.99981943      0.20353371      0.54006350      0.54006350      0.38207335      0.98228842      2.80000000    -10.00000000
      8.56187291     -0.00000000     -0.00000000      0.00000000      0.00000000      0.02348284     -2.98904029      0.00020628     56.95701065      0.04768018      0.00000000      0.99981943      0.20152589      0.53965908      0.53965908      0.38183781      0.98274583      2.80000000    -10.00000000
      8.72909699     -0.00000000     -0.00000000      0.00000000      0.00000000      0.02231650     -3.04734206      0.00019867     58.41523474      0.04832121      0.00000000      0.99981943      0.19972112      0.53924340      0.53924340      0.38164762      0.98316930      2.80000000    -10.00000000
      8.89632107     -0.00000000     -0.00000000      0.00000000      0.00000000      0.02119906     -3.10565209      0.00019137     59.83119518      0.04900038      0.00000000      0.99981943      0.19802197      0.53881744      0.53881744      0.38151329      0.98356107      2.80000000    -10.00000000
      9.06354515     -0.00000000     -0.00000000      0.00000000      0.00000000      0.02012940     -3.16396933      0.00018438     61.20187699      0.04971888      0.00000000      0.99981943      0.19618741      0.53838304      0.53838304      0.38142196      0.98392331      2.80000000    -10.00000000
      9.23076923     -0.00000000     -0.00000000      0.00000000      0.00000000      0.01910635     -3.22229189      0.00017769     62.52338992      0.05047877      0.00000000      0.99981943      0.19494680      0.53794188      0.53794188      0.38137207      0.98425777      2.80000000    -10.00000000
      9.39799331     -0.00000000     -0.00000000      0.00000000      0.00000000      0.01812864     -3.28061963      0.00017127     63.79429375      0.05128040      0.00000000      0.99981943      0.19356507      0.53749531      0.53749531      0.38136318      0.98456654      2.80000000    -10.00000000
      9.56521739     -0.00000000     -0.00000000      0.00000000      0.00000000      0.01719497     -3.33895178      0.00016512     65.01259681      0.05212479      0.00000000      0.99981943      0.19228301      0.53704461      0.53704461      0.38139241      0.98485138      2.80000000    -10.00000000
      9.73244147     -0.00000000     -0.00000000      0.00000000      0.00000000      0.01630399     -3.39728722      0.00015924     66.17617082      0.05301325      0.00000000      0.99981943      0.19109544      0.53659092      0.53659092      0.38145775      0.98511377      2.80000000    -10.00000000
      9.89966555     -0.00000000     -0.00000000      0.00000000      0.00000000      0.01545431     -3.45562629      0.00015359     67.28502829      0.05394567      0.00000000      0.99981943      0.19000257      0.53613535      0.53613535      0.38156024      0.98535550      2.80000000    -10.00000000
     10.06688963     -0.00000000     -0.00000000      0.00000000      0.00000000      0.01464454     -3.51396817      0.00014818     68.33804271      0.05492305      0.00000000      0.99981943      0.18900747      0.53567872      0.53567872      0.38169665      0.98557790      2.80000000    -10.00000000
     10.23411371     -0.00000000     -0.00000000      0.00000000      0.00000000      0.01387326     -3.57231270      0.00014299     69.33523219      0.05594567      0.00000000      0.99981943      0.18808531      0.53522269      0.53522269      0.38186031      0.98578237      2.80000000    -10.00000000
     10.40133779     -0.00000000     -0.00000000      0.00000000      0.00000000      0.01313907     -3.63065996      0.00013801     70.27719646      0.05701357      0.00000000      0.99981943      0.18725514      0.53476752      0.53476752      0.38205639      0.98597027      2.80000000    -10.00000000
     10.56856187     -0.00000000     -0.00000000      0.00000000      0.00000000      0.01244055     -3.68900966      0.00013322     71.16432274      0.05812712      0.00000000      0.99981943      0.18650829      0.53431467      0.53431467      0.38227992      0.98614274      2.80000000    -10.00000000
     10.73578595     -0.00000000     -0.00000000      0.00000000      0.00000000      0.01177632     -3.74736157      0.00012863     71.99732984      0.05928657      0.00000000      0.99981943      0.18584066      0.53386647      0.53386647      0.38253276      0.98630087      2.80000000    -10.00000000
     10.90301003     -0.00000000     -0.00000000      0.00000000      0.00000000      0.01114500     -3.80571529      0.00012421     72.77762039      0.06049176      0.00000000      0.99981943      0.18524381      0.53341499      0.53341499      0.38279751      0.98644575      2.80000000    -10.00000000
     11.07023411     -0.00000000     -0.00000000      0.00000000      0.00000000      0.01054523     -3.86407064      0.00011995     73.50545202      0.06174362      0.00000000      0.99981943      0.18472028      0.53296693      0.53296693      0.38310243      0.98657816      2.80000000    -10.00000000
     11.23745819     -0.00000000     -0.00000000      0.00000000      0.00000000      0.00997569     -3.92242725      0.00011586     74.18137616      0.06304293      0.00000000      0.99981943      0.18426828      0.53252285      0.53252285      0.38342721      0.98669883      2.80000000    -10.00000000
     11.40468227     -0.00000000     -0.00000000      0.00000000      0.00000000      0.00943507     -3.98078442      0.00011193     74.80683649      0.06438987      0.00000000      0.99981943      0.18388226      0.53208314      0.53208314      0.38376250      0.98680858      2.80000000    -10.00000000
     11.57190635     -0.00000000     -0.00000000      0.00000000      0.00000000      0.00892210     -4.03914146      0.00010813     75.38268893      0.06578517      0.00000000      0.99981943      0.18356266      0.53164825      0.53164825      0.38418258      0.98690803      2.80000000    -10.00000000
     11.73913043     -0.00000000     -0.00000000      0.00000000      0.00000000      0.00843555     -4.09749756      0.00010448     75.90972890      0.06722975      0.00000000      0.99981943      0.18330590      0.53121857      0.53121857      0.38449964      0.98699774      2.80000000    -10.00000000
     11.90635452     -0.00000000     -0.00000000      0.00000000      0.00000000      0.00797423     -4.15585179      0.00010096     76.38866493      0.06872467      0.00000000      0.99981943      0.18310983      0.53079431      0.53079431      0.38489275      0.98707821      2.80000000    -10.00000000
     12.07357860     -0.00000000     -0.00000000      0.00000000      0.00000000      0.00753696     -4.21420308      0.00009758     76.82012633      0.07027121      0.00000000      0.99981943      0.18297172      0.53037583      0.53037583      0.38530206      0.98714985      2.80000000    -10.00000000
     12.24080268     -0.00000000     -0.00000000      0.00000000      0.00000000      0.00712262     -4.27255030      0.00009431     77.20466535      0.07187078      0.00000000      0.99981943      0.18288966      0.52996337      0.52996337      0.38572809      0.98721304      2.80000000    -10.00000000
     12.40802676     -0.00000000     -0.00000000      0.00000000      0.00000000      0.00673014     -4.33089219      0.00009116     77.54276495      0.07352499      0.00000000      0.99981943      0.18286106      0.52955718      0.52955718      0.38616546      0.98726808      2.80000000    -10.00000000
     12.57525084     -0.00000000     -0.00000000      0.00000000      0.00000000      0.00635845     -4.38922739      0.00008813     77.83485115      0.07523563      0.00000000      0.99981943      0.18288444      0.52915753      0.52915753      0.38645427      0.98731525      2.80000000    -10.00000000
     12.74247492     -0.00000000     -0.00000000      0.00000000      0.00000000      0.00600655     -4.44755449      0.00008521     78.08130409      0.07700466      0.00000000      0.99981943      0.18295735      0.52876483      0.52876483      0.38707690      0.98735479      2.80000000    -10.00000000
     12.90969900     -0.00000000     -0.00000000      0.00000000      0.00000000      0.00567346     -4.50587197      0.00008240     78.28247296      0.07883420      0.00000000      0.99981943      0.18307939      0.52838039      0.52838039      0.38754877      0.98738687      2.80000000    -10.00000000
     13.07692308     -0.00000000     -0.00000000      0.00000000      0.00000000      0.00535827     -4.56417828      0.00007969     78.43868989      0.08072655      0.00000000      0.99981943      0.18329549      0.52800125      0.52800125      0.38803065      0.98741168      2.80000000    -10.00000000
     13.24414716     -0.00000000     -0.00000000      0.00000000      0.00000000      0.00506007     -4.62247179      0.00007708     78.55027767      0.08268416      0.00000000      0.99981943      0.18345155      0.52762588      0.52762588      0.38852084      0.98742933      2.80000000    -10.00000000
     13.41137124     -0.00000000     -0.00000000      0.00000000      0.00000000      0.00477801     -4.68075082      0.00007457     78.61757100      0.08470966      0.00000000      0.99981943      0.18370102      0.52725892      0.52725892      0.38901989      0.98743996      2.80000000    -10.00000000
     13.57859532     -0.00000000     -0.00000000      0.00000000      0.00000000      0.00451126     -4.73901365      0.00007215     78.64096354      0.08680577      0.00000000      0.99981943      0.18398847      0.52689697      0.52689697      0.38953083      0.98744365      2.80000000    -10.00000000
     13.74581940     -0.00000000     -0.00000000      0.00000000      0.00000000      0.00425904     -4.79725845      0.00006982     78.62067868      0.08897561      0.00000000      0.99981943      0.18431062      0.52653860      0.52653860      0.39003856      0.98744045      2.80000000    -10.00000000
     13.91304348     -0.00000000     -0.00000000      0.00000000      0.00000000      0.00402061     -4.85548345      0.00006757     78.55726820      0.09122211      0.00000000      0.99981943      0.18466928      0.52618690      0.52618690      0.39055694      0.98743044      2.80000000    -10.00000000
     14.08026756     -0.00000000     -0.00000000      0.00000000      0.00000000      0.00379524     -4.91368676      0.00006541     78.45112209      0.09354860      0.00000000      0.99981943      0.18505739      0.52584205      0.52584205      0.39108206      0.98741365      2.80000000    -10.00000000
     14.24749164     -0.00000000     -0.00000000      0.00000000      0.00000000      0.00358226     -4.97186648      0.00006333     78.30272522      0.09595852      0.00000000      0.99981943      0.18548838      0.52550379      0.52550379      0.39160890      0.98739009      2.80000000    -10.00000000
     14.41471572     -0.00000000     -0.00000000      0.00000000      0.00000000      0.00338100     -5.03002066      0.00006133     78.11260015      0.09845549      0.00000000      0.99981943      0.18594609      0.52517212      0.52517212      0.39212857      0.98735979      2.80000000    -10.00000000
     14.58193980     -0.00000000     -0.00000000      0.00000000      0.00000000      0.00319086     -5.08814730      0.00005940     77.88134380      0.10104328      0.00000000      0.99981943      0.18678688      0.52484696      0.52484696      0.39267953      0.98732273      2.80000000    -10.00000000
     14.74916388     -0.00000000     -0.00000000      0.00000000      0.00000000      0.00301125     -5.14624434      0.00005754     77.60954949      0.10372589      0.00000000      0.99981943      0.18695017      0.52452827      0.52452827      0.39322017      0.98727890      2.80000000    -10.00000000
     14.91638796     -0.00000000     -0.00000000      0.00000000      0.00000000      0.00284159     -5.20430973      0.00005576     77.29792736      0.10650744      0.00000000      0.99981943      0.18749406      0.52421593      0.52421593      0.39376179      0.98722827      2.80000000    -10.00000000
     15.08361204     -0.00000000     -0.00000000      0.00000000      0.00000000      0.00268137     -5.26234131      0.00005404     76.94721896      0.10939226      0.00000000      0.99981943      0.18806412      0.52390986      0.52390986      0.39430649      0.98717081      2.80000000    -10.00000000
     15.25083612     -0.00000000     -0.00000000      0.00000000      0.00000000      0.00253006     -5.32033691      0.00005238     76.55816704      0.11238497      0.00000000      0.99981943      0.18865786      0.52360997      0.52360997      0.39485301      0.98710645      2.80000000    -10.00000000
     15.41806020     -0.00000000     -0.00000000      0.00000000      0.00000000      0.00238719     -5.37829426      0.00005079     76.13161360      0.11549032      0.00000000      0.99981943      0.18927612      0.52331616      0.52331616      0.39540102      0.98703515      2.80000000    -10.00000000
     15.58528428     -0.00000000     -0.00000000      0.00000000      0.00000000      0.00225230     -5.43621114      0.00004926     75.66855196      0.11871312      0.00000000      0.99981943      0.18991769      0.52302832      0.52302832      0.39595068      0.98695684      2.80000000    -10.00000000
     15.75250836     -0.00000000     -0.00000000      0.00000000      0.00000000      0.00212496     -5.49408511      0.00004778     75.16974554      0.12205883      0.00000000      0.99981943      0.19057792      0.52274632      0.52274632      0.39649966      0.98687143      2.80000000    -10.00000000
     15.91973244     -0.00000000     -0.00000000      0.00000000      0.00000000      0.00200475     -5.55191383      0.00004636     74.63632106      0.12553266      0.00000000      0.99981943      0.19125960      0.52247016      0.52247016      0.39708348      0.98677884      2.80000000    -10.00000000
     16.08695652     -0.00000000     -0.00000000      0.00000000      0.00000000      0.00189128     -5.60969478      0.00004500     74.06923338      0.12914040      0.00000000      0.99981943      0.19197620      0.52219961      0.52219961      0.39760879      0.98667896      2.80000000    -10.00000000
     16.25418060     -0.00000000     -0.00000000      0.00000000      0.00000000      0.00178419     -5.66742541      0.00004368     73.46955574      0.13288799      0.00000000      0.99981943      0.19267193      0.52193462      0.52193462      0.39814279      0.98657169      2.80000000    -10.00000000
     16.42140468     -0.00000000     -0.00000000      0.00000000      0.00000000      0.00168312     -5.72510311      0.00004241     72.83841672      0.13678159      0.00000000      0.99981943      0.19339794      0.52167506      0.52167506      0.39868558      0.98645691      2.80000000    -10.00000000
     16.58862876     -0.00000000     -0.00000000      0.00000000      0.00000000      0.00158774     -5.78272518      0.00004119     72.17695637      0.14082769      0.00000000      0.99981943      0.19416805      0.52142082      0.52142082      0.39923687      0.98633450      2.80000000    -10.00000000
     16.75585284     -0.00000000     -0.00000000      0.00000000      0.00000000      0.00149773     -5.84028884      0.00004002     71.48634808      0.14503307      0.00000000      0.99981943      0.19493763      0.52117180      0.52117180      0.39979638      0.98620430      2.80000000    -10.00000000
     16.92307692     -0.00000000     -0.00000000      0.00000000      0.00000000      0.00141280     -5.89779123      0.00003889     70.76780716      0.14940480      0.00000000      0.99981943      0.19571683      0.52092788      0.52092788      0.40036385      0.98606618      2.80000000    -10.00000000
     17.09030100     -0.00000000     -0.00000000      0.00000000      0.00000000      0.00133267     -5.95522938      0.00003780     70.02255968      0.15395029      0.00000000      0.99981943      0.19651293      0.52068896      0.52068896      0.40088713      0.98591997      2.80000000    -10.00000000
     17.25752508     -0.00000000     -0.00000000      0.00000000      0.00000000      0.00125706     -6.01260025      0.00003675     69.25187781      0.15867723      0.00000000      0.99981943      0.19732116      0.52045492      0.52045492      0.40152168      0.98576551      2.80000000    -10.00000000
     17.42474916     -0.00000000     -0.00000000      0.00000000      0.00000000      0.00118573     -6.06990070      0.00003574     68.45704132      0.16359369      0.00000000      0.99981943      0.19814091      0.52022562      0.52022562      0.40197232      0.98560261      2.80000000    -10.00000000
     17.59197324     -0.00000000     -0.00000000      0.00000000      0.00000000      0.00111843     -6.12711958      0.00003477     67.62238882      0.16874997      0.00000000      0.99981943      0.19897401      0.52000104      0.52000104      0.40251248      0.98542750      2.80000000    -10.00000000
     17.75919732     -0.00000000     -0.00000000      0.00000000      0.00000000      0.00105495     -6.18427718      0.00003382     66.80009361      0.17402928      0.00000000      0.99981943      0.19981684      0.51978100      0.51978100      0.40304958      0.98525076      2.80000000    -10.00000000
     17.92642140     -0.00000000     -0.00000000      0.00000000      0.00000000      0.00099506     -6.24134639      0.00003292     65.94061926      0.17956639      0.00000000      0.99981943      0.20069331      0.51956540      0.51956540      0.40358592      0.98506139      2.80000000    -10.00000000
     18.09364548     -0.00000000     -0.00000000      0.00000000      0.00000000      0.00093857     -6.29833147      0.00003205     65.06224139      0.18532906      0.00000000      0.99981943      0.20153276      0.51935415      0.51935415      0.40411865      0.98486276      2.80000000    -10.00000000
     18.26086957     -0.00000000     -0.00000000      0.00000000      0.00000000      0.00088528     -6.35522872      0.00003120     64.16629444      0.19132729      0.00000000      0.99981943      0.20240379      0.51914715      0.51914715      0.40464920      0.98465464      2.80000000    -10.00000000
     18.42809365     -0.00000000     -0.00000000      0.00000000      0.00000000      0.00083501     -6.41203426      0.00003039     63.25409349      0.19757161      0.00000000      0.99981943      0.20328316      0.51894429      0.51894429      0.40517726      0.98443679      2.80000000    -10.00000000
     18.59531773     -0.00000000     -0.00000000      0.00000000      0.00000000      0.00078760     -6.46874414      0.00002961     62.32700523      0.20407283      0.00000000      0.99981943      0.20417038      0.51874548      0.51874548      0.40570231      0.98420895      2.80000000    -10.00000000
     18.76254181     -0.00000000     -0.00000000      0.00000000      0.00000000      0.00074288     -6.52535419      0.00002886     61.38630429      0.21084252      0.00000000      0.99981943      0.20506511      0.51855061      0.51855061      0.40630698      0.98397084      2.80000000    -10.00000000
     18.92976589     -0.00000000     -0.00000000      0.00000000      0.00000000      0.00070070     -6.58186014      0.00002813     60.43332155      0.21789253      0.00000000      0.99981943      0.20596052      0.51835959      0.51835959      0.40674417      0.98372219      2.80000000    -10.00000000
     19.09698997     -0.00000000     -0.00000000      0.00000000      0.00000000      0.00066092     -6.63825754      0.00002743     59.46935339      0.22523532      0.00000000      0.99981943      0.20687159      0.51817233      0.51817233      0.40726076      0.98346270      2.80000000    -10.00000000
     19.26421405     -0.00000000     -0.00000000      0.00000000      0.00000000      0.00062340     -6.69454179      0.00002675     58.49567811      0.23288389      0.00000000      0.99981943      0.20778516      0.51798874      0.51798874      0.40777423      0.98319206      2.80000000    -10.00000000
     19.43143813     -0.00000000     -0.00000000      0.00000000      0.00000000      0.00058801     -6.75070811      0.00002609     57.51356037      0.24085181      0.00000000      0.99981943      0.20870392      0.51780872      0.51780872      0.40828454      0.98290994      2.80000000    -10.00000000
     19.59866221     -0.00000000     -0.00000000      0.00000000      0.00000000      0.00055464     -6.80675154      0.00002546     56.52423685      0.24915327      0.00000000      0.99981943      0.20962677      0.51763219      0.51763219      0.40881141      0.98261602      2.80000000    -10.00000000
     19.76588629     -0.00000000     -0.00000000      0.00000000      0.00000000      0.00052316     -6.86266695      0.00002485     55.52893453      0.25780303      0.00000000      0.99981943      0.21055405      0.51745906      0.51745906      0.40929528      0.98230994      2.80000000    -10.00000000
     19.93311037     -0.00000000     -0.00000000      0.00000000      0.00000000      0.00049348     -6.91844900      0.00002426     54.52884130      0.26681653      0.00000000      0.99981943      0.21148517      0.51728924      0.51728924      0.40979606      0.98199134      2.80000000    -10.00000000
     20.10033445     -0.00000000     -0.00000000      0.00000000      0.00000000      0.00046549     -6.97409214      0.00002369     53.52512256      0.27620987      0.00000000      0.99981943      0.21241884      0.51712267      0.51712267      0.41029305      0.98165983      2.80000000    -10.00000000
     20.26755853     -0.00000000     -0.00000000      0.00000000      0.00000000      0.00043909     -7.02959064      0.00002314     52.51891630      0.28599986      0.00000000      0.99981943      0.21335159      0.51695924      0.51695924      0.41078694      0.98131502      2.80000000    -10.00000000
     20.43478261     -0.00000000     -0.00000000      0.00000000      0.00000000      0.00041419     -7.08493851      0.00002260     51.51132497      0.29620403      0.00000000      0.99981943      0.21429975      0.51679889      0.51679889      0.41141981      0.98095649      2.80000000    -10.00000000
     20.60200669     -0.00000000     -0.00000000      0.00000000      0.00000000      0.00039071     -7.14012958      0.00002209     50.50342110      0.30684065      0.00000000      0.99981943      0.21524276      0.51664155      0.51664155      0.41176429      0.98058381      2.80000000    -10.00000000
     20.76923077     -0.00000000     -0.00000000      0.00000000      0.00000000      0.00036856     -7.19515739      0.00002159     49.49624086      0.31792881      0.00000000      0.99981943      0.21619002      0.51648712      0.51648712      0.41224780      0.98019655      2.80000000    -10.00000000
     20.93645485     -0.00000000     -0.00000000      0.00000000      0.00000000      0.00034768     -7.25001526      0.00002111     48.49078590      0.32948840      0.00000000      0.99981943      0.21713621      0.51633555      0.51633555      0.41271667      0.97979422      2.80000000    -10.00000000
     21.10367893     -0.00000000     -0.00000000      0.00000000      0.00000000      0.00032799     -7.30469627      0.00002064     47.48802118      0.34154015      0.00000000      0.99981943      0.21808598      0.51618676      0.51618676      0.41320436      0.97937635      2.80000000    -10.00000000
     21.27090301     -0.00000000     -0.00000000      0.00000000      0.00000000      0.00030941     -7.35919319      0.00002019     46.48887362      0.35410568      0.00000000      0.99981943      0.21901992      0.51604069      0.51604069      0.41367788      0.97894244      2.80000000    -10.00000000
     21.43812709     -0.00000000     -0.00000000      0.00000000      0.00000000      0.00029190     -7.41349855      0.00001975     45.49423297      0.36720753      0.00000000      0.99981943      0.21982706      0.51589726      0.51589726      0.41414685      0.97849196      2.80000000    -10.00000000
     21.60535117     -0.00000000     -0.00000000      0.00000000      0.00000000      0.00027538     -7.46760456      0.00001932     44.50494982      0.38086917      0.00000000      0.99981943      0.22094076      0.51575641      0.51575641      0.41461266      0.97802437      2.80000000    -10.00000000
     21.77257525     -0.00000000     -0.00000000      0.00000000      0.00000000      0.00025980     -7.52150316      0.00001891     43.52183232      0.39511510      0.00000000      0.99981943      0.22189453      0.51561807      0.51561807      0.41506780      0.97753911      2.80000000    -10.00000000
     21.93979933     -0.00000000     -0.00000000      0.00000000      0.00000000      0.00024511     -7.57518595      0.00001851     42.54565431      0.40997077      0.00000000      0.99981943      0.22284838      0.51548220      0.51548220      0.41553385      0.97703560      2.80000000    -10.00000000
     22.10702341     -0.00000000     -0.00000000      0.00000000      0.00000000      0.00023126     -7.62864358      0.00001813     41.57727663      0.42546136      0.00000000      0.99981943      0.22380095      0.51534871      0.51534871      0.41598935      0.97651329      2.80000000    -10.00000000
     22.27424749     -0.00000000     -0.00000000      0.00000000      0.00000000      0.00021820     -7.68186836      0.00001775     40.61710879      0.44161745      0.00000000      0.99981943      0.22475620      0.51521756      0.51521756      0.41644075      0.97597142      2.80000000    -10.00000000
     22.44147157     -0.00000000     -0.00000000      0.00000000      0.00000000      0.00020587     -7.73485015      0.00001739     39.66595881      0.45846624      0.00000000      0.99981943      0.22570861      0.51508869      0.51508869      0.41688895      0.97540941      2.80000000    -10.00000000
     22.60869565     -0.00000000     -0.00000000      0.00000000      0.00000000      0.00019425     -7.78757921      0.00001704     38.72443705      0.47603770      0.00000000      0.99981943      0.22694497      0.51496204      0.51496204      0.41733366      0.97482658      2.80000000    -10.00000000
     22.77591973     -0.00000000     -0.00000000      0.00000000      0.00000000      0.00018329     -7.84004540      0.00001669     37.79311717      0.49436299      0.00000000      0.99981943      0.22761388      0.51483756      0.51483756      0.41777499      0.97422223      2.80000000    -10.00000000
     22.94314381     -0.00000000     -0.00000000      0.00000000      0.00000000      0.00017296     -7.89223819      0.00001636     36.87253666      0.51347448      0.00000000      0.99981943      0.22856528      0.51471520      0.51471520      0.41821228      0.97359564      2.80000000    -10.00000000
     23.11036789     -0.00000000     -0.00000000      0.00000000      0.00000000      0.00016321     -7.94414665      0.00001604     35.96318953      0.53340590      0.00000000      0.99981943      0.22951571      0.51459490      0.51459490      0.41864624      0.97294606      2.80000000    -10.00000000
     23.27759197     -0.00000000     -0.00000000      0.00000000      0.00000000      0.00015402     -7.99575944      0.00001573     35.06553646      0.55419227      0.00000000      0.99981943      0.23046455      0.51447662      0.51447662      0.41907679      0.97227270      2.80000000    -10.00000000
     23.44481605     -0.00000000     -0.00000000      0.00000000      0.00000000      0.00014535     -8.04706477      0.00001542     34.17999959      0.57586999      0.00000000      0.99981943      0.23141220      0.51436031      0.51436031      0.41956503      0.97157476      2.80000000    -10.00000000
     23.61204013     -0.00000000     -0.00000000      0.00000000      0.00000000      0.00013717     -8.09805041      0.00001512     33.30696587      0.59847690      0.00000000      0.99981943      0.23236024      0.51424591      0.51424591      0.41992739      0.97085140      2.80000000    -10.00000000
     23.77926421     -0.00000000     -0.00000000      0.00000000      0.00000000      0.00012946     -8.14870367      0.00001484     32.44678731      0.62205224      0.00000000      0.99981943      0.23330432      0.51413339      0.51413339      0.42034744      0.97010176      2.80000000    -10.00000000
     23.94648829     -0.00000000     -0.00000000      0.00000000      0.00000000      0.00012218     -8.19901137      0.00001456     31.59978173      0.64663678      0.00000000      0.99981943      0.23441565      0.51402270      0.51402270      0.42076357      0.96932495      2.80000000    -10.00000000
     24.11371237     -0.00000000     -0.00000000      0.00000000      0.00000000      0.00011532     -8.24895985      0.00001428     30.76623357      0.67227282      0.00000000      0.99981943      0.23518866      0.51391380      0.51391380      0.42117732      0.96852003      2.80000000    -10.00000000
     24.28093645     -0.00000000     -0.00000000      0.00000000      0.00000000      0.00010885     -8.29853492      0.00001402     29.94639597      0.69900422      0.00000000      0.99981943      0.23612766      0.51380664      0.51380664      0.42158718      0.96768606      2.80000000    -10.00000000
     24.44816054     -0.00000000     -0.00000000      0.00000000      0.00000000      0.00010275     -8.34772188      0.00001376     29.14049024      0.72687645      0.00000000      0.99981943      0.23706914      0.51370119      0.51370119      0.42199363      0.96682204      2.80000000    -10.00000000
     24.61538462     -0.00000000     -0.00000000      0.00000000      0.00000000      0.00009699     -8.39650547      0.00001351     28.34870794      0.75593663      0.00000000      0.99981943      0.23800004      0.51359740      0.51359740      0.42239222      0.96592695      2.80000000    -10.00000000
     24.78260870     -0.00000000     -0.00000000      0.00000000      0.00000000      0.00009156     -8.44486987      0.00001326     27.57121138      0.78623357      0.00000000      0.99981943      0.23893256      0.51349524      0.51349524      0.42233901      0.96499973      2.80000000    -10.00000000
     24.94983278     -0.00000000     -0.00000000      0.00000000      0.00000000      0.00008644     -8.49279867      0.00001302     26.80813575      0.81781779      0.00000000      0.99981943      0.23986235      0.51339466      0.51339466      0.42319281      0.96403930      2.80000000    -10.00000000
     25.11705686     -0.00000000     -0.00000000      0.00000000      0.00000000      0.00008161     -8.54027489      0.00001279     26.05958962      0.85074153      0.00000000      0.99981943      0.24079045      0.51329564      0.51329564      0.42358593      0.96304452      2.80000000    -10.00000000
     25.28428094     -0.00000000     -0.00000000      0.00000000      0.00000000      0.00007705     -8.58728090      0.00001256     25.32565564      0.88505885      0.00000000      0.99981943      0.24171553      0.51319813      0.51319813      0.42397582      0.96201424      2.80000000    -10.00000000
     25.45150502     -0.00000000     -0.00000000      0.00000000      0.00000000      0.00007275     -8.63379845      0.00001234     24.60639229      0.92082559      0.00000000      0.99981943      0.24228098      0.51310211      0.51310211      0.42436234      0.96094725      2.80000000    -10.00000000
     25.61872910     -0.00000000     -0.00000000      0.00000000      0.00000000      0.00006870     -8.67980864      0.00001213     23.90183511      0.95809939      0.00000000      0.99981943      0.24355745      0.51300754      0.51300754      0.42474569      0.95984232      2.80000000    -10.00000000
     25.78595318     -0.00000000     -0.00000000      0.00000000      0.00000000      0.00006487     -8.72529191      0.00001191     23.21199743      0.99693978      0.00000000      0.99981943      0.24447417      0.51291438      0.51291438      0.42512588      0.95869816      2.80000000    -10.00000000
     25.95317726     -0.00000000     -0.00000000      0.00000000      0.00000000      0.00006126     -8.77022799      0.00001171     22.53687184      1.03740812      0.00000000      0.99981943      0.24538796      0.51282261      0.51282261      0.42550283      0.95751347      2.80000000    -10.00000000
     26.12040134     -0.00000000     -0.00000000      0.00000000      0.00000000      0.00005786     -8.81459593      0.00001151     21.87643101      1.07956763      0.00000000      0.99981943      0.24629882      0.51273219      0.51273219      0.42587738      0.95628689      2.80000000    -10.00000000
     26.28762542     -0.00000000     -0.00000000      0.00000000      0.00000000      0.00005464     -8.85837402      0.00001131     21.23062915      1.12348343      0.00000000      0.99981943      0.24720595      0.51264310      0.51264310      0.42624740      0.95501702      2.80000000    -10.00000000
     26.45484950     -0.00000000     -0.00000000      0.00000000      0.00000000      0.00005161     -8.90153985      0.00001112     20.59940284      1.16922249      0.00000000      0.99981943      0.24811102      0.51255530      0.51255530      0.42661462      0.95370242      2.80000000    -10.00000000
     26.62207358     -0.00000000     -0.00000000      0.00000000      0.00000000      0.00004875     -8.94407022      0.00001093     19.98267217      1.21685364      0.00000000      0.99981943      0.24901262      0.51246877      0.51246877      0.42697941      0.95234163      2.80000000    -10.00000000
     26.78929766     -0.00000000     -0.00000000      0.00000000      0.00000000      0.00004606     -8.98594119      0.00001075     19.38034190      1.26644758      0.00000000      0.99981943      0.24991059      0.51238348      0.51238348      0.42734092      0.95093311      2.80000000    -10.00000000
     26.95652174     -0.00000000     -0.00000000      0.00000000      0.00000000      0.00004351     -9.02712799      0.00001057     18.79230231      1.31807681      0.00000000      0.99981943      0.25073467      0.51229940      0.51229940      0.42769939      0.94947531      2.80000000    -10.00000000
     27.12374582     -0.00000000     -0.00000000      0.00000000      0.00000000      0.00004111     -9.06760508      0.00001039     18.21843033      1.37181563      0.00000000      0.99981943      0.25169749      0.51221651      0.51221651      0.42805482      0.94796661      2.80000000    -10.00000000
     27.29096990     -0.00000000     -0.00000000      0.00000000      0.00000000      0.00003884     -9.10734607      0.00001022     17.65859046      1.42774009      0.00000000      0.99981943      0.25258611      0.51213478      0.51213478      0.42840713      0.94640538      2.80000000    -10.00000000
     27.45819398     -0.00000000     -0.00000000      0.00000000      0.00000000      0.00003670     -9.14632376      0.00001005     17.11263559      1.48592794      0.00000000      0.99981943      0.25345782      0.51205418      0.51205418      0.42875725      0.94478992      2.80000000    -10.00000000
     27.62541806     -0.00000000     -0.00000000      0.00000000      0.00000000      0.00003469     -9.18451008      0.00000988     16.58040823      1.54645854      0.00000000      0.99981943      0.25435038      0.51197470      0.51197470      0.42910354      0.94311850      2.80000000    -10.00000000
     27.79264214     -0.00000000     -0.00000000      0.00000000      0.00000000      0.00003278     -9.22187613      0.00000972     16.06174106      1.60941283      0.00000000      0.99981943      0.25522828      0.51189631      0.51189631      0.42944759      0.94138933      2.80000000    -10.00000000
     27.95986622     -0.00000000     -0.00000000      0.00000000      0.00000000      0.00003098     -9.25839211      0.00000956     15.55645795      1.67487319      0.00000000      0.99981943      0.25610370      0.51181898      0.51181898      0.42978773      0.93960061      2.80000000    -10.00000000
     28.12709030     -0.00000000     -0.00000000      0.00000000      0.00000000      0.00002929     -9.29402737      0.00000940     15.06437474      1.74292337      0.00000000      0.99981943      0.25697486      0.51174270      0.51174270      0.43012609      0.93775046      2.80000000    -10.00000000
     28.29431438     -0.00000000     -0.00000000      0.00000000      0.00000000      0.00002769     -9.32875035      0.00000925     14.58529991      1.81364836      0.00000000      0.99981943      0.25784146      0.51166745      0.51166745      0.43046111      0.93583697      2.80000000    -10.00000000
     28.46153846     -0.00000000     -0.00000000      0.00000000      0.00000000      0.00002618     -9.36252860      0.00000910     14.11903561      1.88713422      0.00000000      0.99981943      0.25870497      0.51159319      0.51159319      0.43079429      0.93385822      2.80000000    -10.00000000
     28.62876254     -0.00000000     -0.00000000      0.00000000      0.00000000      0.00002475     -9.39532880      0.00000895     13.66537806      1.96346799      0.00000000      0.99981943      0.25957517      0.51151992      0.51151992      0.43112347      0.93181219      2.80000000    -10.00000000
     28.79598662     -0.00000000     -0.00000000      0.00000000      0.00000000      0.00002341     -9.42711671      0.00000881     13.22411845      2.04273743      0.00000000      0.99981943      0.26042272      0.51144761      0.51144761      0.43145025      0.92969687      2.80000000    -10.00000000
     28.96321070     -0.00000000     -0.00000000      0.00000000      0.00000000      0.00002214     -9.45785748      0.00000867     12.79504873      2.12503015      0.00000000      0.99981943      0.26127510      0.51137624      0.51137624      0.43177461      0.92751022      2.80000000    -10.00000000
     29.13043478     -0.00000000     -0.00000000      0.00000000      0.00000000      0.00002094     -9.48751424      0.00000853     12.37793600      2.21043709      0.00000000      0.99981943      0.26212184      0.51130580      0.51130580      0.43209653      0.92525005      2.80000000    -10.00000000
     29.29765886     -0.00000000     -0.00000000      0.00000000      0.00000000      0.00001981     -9.51605094      0.00000839     11.97257567      2.29904481      0.00000000      0.99981943      0.26296673      0.51123626      0.51123626      0.43241435      0.92291431      2.80000000    -10.00000000
     29.46488294     -0.00000000     -0.00000000      0.00000000      0.00000000      0.00001874     -9.54342951      0.00000825     11.57873944      2.39094270      0.00000000      0.99981943      0.26380837      0.51116761      0.51116761      0.43273133      0.92050078      2.80000000    -10.00000000
     29.63210702     -0.00000000     -0.00000000      0.00000000      0.00000000      0.00001773     -9.56961130      0.00000812     11.19620207      2.48621898      0.00000000      0.99981943      0.26464532      0.51109983      0.51109983      0.43304498      0.91800726      2.80000000    -10.00000000
     29.79933110     -0.00000000     -0.00000000      0.00000000      0.00000000      0.00001678     -9.59455683      0.00000799     10.82473674      2.58496106      0.00000000      0.99981943      0.26547880      0.51103290      0.51103290      0.43335610      0.91543152      2.80000000    -10.00000000
     29.96655518     -0.00000000     -0.00000000      0.00000000      0.00000000      0.00001588     -9.61822577      0.00000786     10.46411534      2.68725528      0.00000000      0.99981943      0.26630869      0.51096681      0.51096681      0.43366469      0.91277129      2.80000000    -10.00000000
     30.13377926     -0.00000000     -0.00000000      0.00000000      0.00000000      0.00001503     -9.64057700      0.00000773     10.11410910      2.79318648      0.00000000      0.99981943      0.26713491      0.51090154      0.51090154      0.43397071      0.91002428      2.80000000    -10.00000000
     30.30100334     -0.00000000     -0.00000000      0.00000000      0.00000000      0.00001423     -9.66156863      0.00000761      9.77448882      2.90283761      0.00000000      0.99981943      0.26795690      0.51083708      0.51083708      0.43420595      0.90718817      2.80000000    -10.00000000
     30.46822742     -0.00000000     -0.00000000      0.00000000      0.00000000      0.00001347     -9.68115804      0.00000748      9.44502548      3.01628931      0.00000000      0.99981943      0.26881583      0.51077341      0.51077341      0.43457499      0.90426065      2.80000000    -10.00000000
     30.63545151     -0.00000000     -0.00000000      0.00000000      0.00000000      0.00001275     -9.69930188      0.00000736      9.12549037      3.13361943      0.00000000      0.99981943      0.26958964      0.51071051      0.51071051      0.43487403      0.90123935      2.80000000    -10.00000000
     30.80267559     -0.00000000     -0.00000000      0.00000000      0.00000000      0.00001208     -9.71595619      0.00000724      8.81565560      3.25490254      0.00000000      0.99981943      0.27040098      0.51064837      0.51064837      0.43517045      0.89812193      2.80000000    -10.00000000
     30.96989967     -0.00000000     -0.00000000      0.00000000      0.00000000      0.00001144     -9.73107636      0.00000712      8.51529425      3.38020944      0.00000000      0.99981943      0.27117781      0.51058698      0.51058698      0.43546388      0.89490604      2.80000000    -10.00000000
     31.13712375     -0.00000000     -0.00000000      0.00000000      0.00000000      0.00001084     -9.74461726      0.00000701      8.22418089      3.50960651      0.00000000      0.99981943      0.27200989      0.51052632      0.51052632      0.43573551      0.89158929      2.80000000    -10.00000000
     31.30434783     -0.00000000     -0.00000000      0.00000000      0.00000000      0.00001027     -9.75653326      0.00000689      7.94209163      3.64315522      0.00000000      0.99981943      0.27280711      0.51046638      0.51046638      0.43604435      0.88816934      2.80000000    -10.00000000
     31.47157191     -0.00000000     -0.00000000      0.00000000      0.00000000      0.00000973     -9.76677832      0.00000678      7.66880448      3.78091143      0.00000000      0.99981943      0.27357338      0.51040715      0.51040715      0.43633110      0.88464384      2.80000000    -10.00000000
     31.63879599     -0.00000000     -0.00000000      0.00000000      0.00000000      0.00000922     -9.77530604      0.00000667      7.40409955      3.92292482      0.00000000      0.99981943      0.27439539      0.51034861      0.51034861      0.43661545      0.88101045      2.80000000    -10.00000000
     31.80602007     -0.00000000     -0.00000000      0.00000000      0.00000000      0.00000874     -9.78206977      0.00000655      7.14775925      4.06923813      0.00000000      0.99981943      0.27518144      0.51029075      0.51029075      0.43689770      0.87726687      2.80000000    -10.00000000
     31.97324415     -0.00000000     -0.00000000      0.00000000      0.00000000      0.00000829     -9.78702268      0.00000645      6.89956851      4.21988648      0.00000000      0.99981943      0.27600172      0.51023356      0.51023356      0.43717747      0.87341081      2.80000000    -10.00000000
     32.14046823     -0.00000000     -0.00000000      0.00000000      0.00000000      0.00000786     -9.79011789      0.00000634      6.65931493      4.37489666      0.00000000      0.99981943      0.27674614      0.51017703      0.51017703      0.43745499      0.86944002      2.80000000    -10.00000000
     32.30769231     -0.00000000     -0.00000000      0.00000000      0.00000000      0.00000746     -9.79130851      0.00000623      6.42678891      4.53428634      0.00000000      0.99981943      0.27752177      0.51012114      0.51012114      0.43773052      0.86535231      2.80000000    -10.00000000
     32.47491639     -0.00000000     -0.00000000      0.00000000      0.00000000      0.00000707     -9.79054780      0.00000612      6.20178387      4.69806333      0.00000000      0.99981943      0.27846203      0.51006588      0.51006588      0.43800369      0.86114551      2.80000000    -10.00000000
     32.64214047     -0.00000000     -0.00000000      0.00000000      0.00000000      0.00000671     -9.78778930      0.00000602      5.98409628      4.86622472      0.00000000      0.99981943      0.27905475      0.51001125      0.51001125      0.43827485      0.85681755      2.80000000    -10.00000000
     32.80936455     -0.00000000     -0.00000000      0.00000000      0.00000000      0.00000637     -9.78298692      0.00000591      5.77352584      5.03875615      0.00000000      0.99981943      0.27982602      0.50995723      0.50995723      0.43854371      0.85236640      2.80000000    -10.00000000
     32.97658863     -0.00000000     -0.00000000      0.00000000      0.00000000      0.00000605     -9.77609509      0.00000581      5.56987554      5.21563094      0.00000000      0.99981943      0.28058666      0.50990381      0.50990381      0.43881532      0.84779012      2.80000000    -10.00000000
     33.14381271     -0.00000000     -0.00000000      0.00000000      0.00000000      0.00000574     -9.76706890      0.00000571      5.37295177      5.39680927      0.00000000      0.99981943      0.28134346      0.50985098      0.50985098      0.43907495      0.84308684      2.80000000    -10.00000000
     33.31103679     -0.00000000     -0.00000000      0.00000000      0.00000000      0.00000545     -9.75586422      0.00000561      5.18256423      5.58223751      0.00000000      0.99981943      0.28209635      0.50979873      0.50979873      0.43933788      0.83825481      2.80000000    -10.00000000
     33.47826087     -0.00000000     -0.00000000      0.00000000      0.00000000      0.00000518     -9.74243804      0.00000551      4.99852665      5.77184689      0.00000000      0.99981943      0.28284526      0.50974705      0.50974705      0.43958899      0.83329240      2.80000000    -10.00000000
     33.64548495     -0.00000000     -0.00000000      0.00000000      0.00000000      0.00000492     -9.72674825      0.00000541      4.82065560      5.96555364      0.00000000      0.99981943      0.28359013      0.50969594      0.50969594      0.43985671      0.82819805      2.80000000    -10.00000000
     33.81270903     -0.00000000     -0.00000000      0.00000000      0.00000000      0.00000468     -9.70875421      0.00000531      4.64877174      6.16325732      0.00000000      0.99981943      0.28433229      0.50964537      0.50964537      0.44011348      0.82297036      2.80000000    -10.00000000
     33.97993311     -0.00000000     -0.00000000      0.00000000      0.00000000      0.00000445     -9.68841670      0.00000522      4.48269925      6.36484052      0.00000000      0.99981943      0.28506959      0.50959535      0.50959535      0.44036686      0.81760809      2.80000000    -10.00000000
     34.14715719     -0.00000000     -0.00000000      0.00000000      0.00000000      0.00000423     -9.66569817      0.00000512      4.32226597      6.57016809      0.00000000      0.99981943      0.28580336      0.50954586      0.50954586      0.44062051      0.81211010      2.80000000    -10.00000000
     34.31438127     -0.00000000     -0.00000000      0.00000000      0.00000000      0.00000402     -9.64056291      0.00000502      4.16730342      6.77908646      0.00000000      0.99981943      0.28654755      0.50949690      0.50949690      0.44087110      0.80647546      2.80000000    -10.00000000
     34.48160535     -0.00000000     -0.00000000      0.00000000      0.00000000      0.00000383     -9.61297726      0.00000493      4.01764682      6.99142307      0.00000000      0.99981943      0.28725866      0.50944845      0.50944845      0.44111974      0.80070339      2.80000000    -10.00000000
     34.64882943     -0.00000000     -0.00000000      0.00000000      0.00000000      0.00000364     -9.58290975      0.00000484      3.87313504      7.20698581      0.00000000      0.99981943      0.28798359      0.50940051      0.50940051      0.44136649      0.79479329      2.80000000    -10.00000000
     34.81605351     -0.00000000     -0.00000000      0.00000000      0.00000000      0.00000347     -9.55033137      0.00000474      3.73361065      7.42556261      0.00000000      0.99981943      0.28870125      0.50935307      0.50935307      0.44161139      0.78874477      2.80000000    -10.00000000
     34.98327759     -0.00000000     -0.00000000      0.00000000      0.00000000      0.00000330     -9.51521570      0.00000465      3.59891987      7.64692109      0.00000000      0.99981943      0.28941624      0.50930612      0.50930612      0.44185417      0.78255764      2.80000000    -10.00000000
     35.15050167     -0.00000000     -0.00000000      0.00000000      0.00000000      0.00000315     -9.47753912      0.00000456      3.46891254      7.87080821      0.00000000      0.99981943      0.29012858      0.50925966      0.50925966      0.44209568      0.77623192      2.80000000    -10.00000000
     35.31772575     -0.00000000     -0.00000000      0.00000000      0.00000000      0.00000300     -9.43728101      0.00000447      3.34344215      8.09695025      0.00000000      0.99981943      0.29083532      0.50921367      0.50921367      0.44233463      0.76976786      2.80000000    -10.00000000
     35.48494983     -0.00000000     -0.00000000      0.00000000      0.00000000      0.00000286     -9.39442392      0.00000438      3.22236572      8.32505263      0.00000000      0.99981943      0.29153880      0.50916815      0.50916815      0.44257206      0.76316594      2.80000000    -10.00000000
     35.65217391     -0.00000000     -0.00000000      0.00000000      0.00000000      0.00000272     -9.34895374      0.00000429      3.10554383      8.55480012      0.00000000      0.99981943      0.29223896      0.50912309      0.50912309      0.44280908      0.75642691      2.80000000    -10.00000000
     35.81939799     -0.00000000     -0.00000000      0.00000000      0.00000000      0.00000260     -9.30085988      0.00000420      2.99284057      8.78585698      0.00000000      0.99981943      0.29294716      0.50907849      0.50907849      0.44304203      0.74955173      2.80000000    -10.00000000
     35.98662207     -0.00000000     -0.00000000      0.00000000      0.00000000      0.00000248     -9.25013540      0.00000412      2.88412345      9.01786737      0.00000000      0.99981943      0.29358916      0.50903433      0.50903433      0.44327366      0.74254165      2.80000000    -10.00000000
     36.15384615     -0.00000000     -0.00000000      0.00000000      0.00000000      0.00000236     -9.19677717      0.00000403      2.77926337      9.25045585      0.00000000      0.99981943      0.29431905      0.50899061      0.50899061      0.44349556      0.73539817      2.80000000    -10.00000000
     36.32107023     -0.00000000     -0.00000000      0.00000000      0.00000000      0.00000226     -9.14078594      0.00000394      2.67813455      9.48322804      0.00000000      0.99981943      0.29500547      0.50894733      0.50894733      0.44373294      0.72812305      2.80000000    -10.00000000
     36.48829431     -0.00000000     -0.00000000      0.00000000      0.00000000      0.00000216     -9.08216645      0.00000386      2.58061450      9.71577145      0.00000000      0.99981943      0.29568833      0.50890447      0.50890447      0.44395953      0.72071833      2.80000000    -10.00000000
     36.65551839     -0.00000000     -0.00000000      0.00000000      0.00000000      0.00000206     -9.02092744      0.00000377      2.48658386      9.94765643      0.00000000      0.99981943      0.29636184      0.50886204      0.50886204      0.44418519      0.71318631      2.80000000    -10.00000000
     36.82274247     -0.00000000     -0.00000000      0.00000000      0.00000000      0.00000197     -8.95708168      0.00000369      2.39592639     10.17843733      0.00000000      0.99981943      0.29704034      0.50882001      0.50882001      0.44440823      0.70552954      2.80000000    -10.00000000
     36.98996656     -0.00000000     -0.00000000      0.00000000      0.00000000      0.00000188     -8.89064591      0.00000361      2.30852883     10.40765373      0.00000000      0.99981943      0.29771191      0.50877840      0.50877840      0.44463012      0.69775086      2.80000000    -10.00000000
     37.15719064     -0.00000000     -0.00000000      0.00000000      0.00000000      0.00000180     -8.82164067      0.00000353      2.22428078     10.63483183      0.00000000      0.99981943      0.29888065      0.50873718      0.50873718      0.44485086      0.68985331      2.80000000    -10.00000000
     37.32441472     -0.00000000     -0.00000000      0.00000000      0.00000000      0.00000172     -8.75009008      0.00000345      2.14307460     10.85948597      0.00000000      0.99981943      0.29879897      0.50869636      0.50869636      0.44507339      0.68184020      2.80000000    -10.00000000
     37.49163880     -0.00000000     -0.00000000      0.00000000      0.00000000      0.00000165     -8.67602150      0.00000337      2.06480519     11.08112022      0.00000000      0.99981943      0.29970519      0.50865594      0.50865594      0.44528611      0.67371499      2.80000000    -10.00000000
     37.65886288     -0.00000000     -0.00000000      0.00000000      0.00000000      0.00000158     -8.59946501      0.00000329      1.98936984     11.29922992      0.00000000      0.99981943      0.30036232      0.50861589      0.50861589      0.44550134      0.66548134      2.80000000    -10.00000000
     37.82608696     -0.00000000     -0.00000000      0.00000000      0.00000000      0.00000151     -8.52045260      0.00000321      1.91666799     11.51330338      0.00000000      0.99981943      0.30101666      0.50857623      0.50857623      0.44571582      0.65714301      2.80000000    -10.00000000
     37.99331104     -0.00000000     -0.00000000      0.00000000      0.00000000      0.00000145     -8.43901720      0.00000313      1.84660087     11.72282326      0.00000000      0.99981943      0.30166706      0.50853693      0.50853693      0.44592743      0.64870382      2.80000000    -10.00000000
     38.16053512     -0.00000000     -0.00000000      0.00000000      0.00000000      0.00000139     -8.35519113      0.00000305      1.77907114     11.92726788      0.00000000      0.99981943      0.30231422      0.50849801      0.50849801      0.44613827      0.64016754      2.80000000    -10.00000000
     38.32775920     -0.00000000     -0.00000000      0.00000000      0.00000000      0.00000133     -8.26900398      0.00000298      1.71398230     12.12611210      0.00000000      0.99981943      0.30295786      0.50845944      0.50845944      0.44668595      0.63153776      2.80000000    -10.00000000
     38.49498328     -0.00000000     -0.00000000      0.00000000      0.00000000      0.00000128     -8.18047979      0.00000290      1.65123807     12.31882734      0.00000000      0.99981943      0.30359813      0.50842124      0.50842124      0.44666684      0.62281773      2.80000000    -10.00000000
     38.66220736     -0.00000000     -0.00000000      0.00000000      0.00000000      0.00000123     -8.08963270      0.00000283      1.59074131     12.50488085      0.00000000      0.99981943      0.30413482      0.50838338      0.50838338      0.44664790      0.61401009      2.80000000    -10.00000000
     38.82943144     -0.00000000     -0.00000000      0.00000000      0.00000000      0.00000118     -7.99646100      0.00000275      1.53239267     12.68373296      0.00000000      0.99981943      0.30486900      0.50834588      0.50834588      0.44696581      0.60511653      2.80000000    -10.00000000
     38.99665552     -0.00000000     -0.00000000      0.00000000      0.00000000      0.00000113     -7.90093830      0.00000268      1.47608868     12.85483186      0.00000000      0.99981943      0.30548767      0.50830871      0.50830871      0.44716904      0.59613724      2.80000000    -10.00000000
     39.16387960     -0.00000000     -0.00000000      0.00000000      0.00000000      0.00000109     -7.80300055      0.00000261      1.42171886     13.01760409      0.00000000      0.99981943      0.30612566      0.50827189      0.50827189      0.44737083      0.58707015      2.80000000    -10.00000000
     39.33110368     -0.00000000     -0.00000000      0.00000000      0.00000000      0.00000104     -7.70252679      0.00000253      1.36916172     13.17143815      0.00000000      0.99981943      0.30674890      0.50823539      0.50823539      0.44757055      0.57790978      2.80000000    -10.00000000
     39.49832776     -0.00000000     -0.00000000      0.00000000      0.00000000      0.00000100     -7.59930980      0.00000246      1.31827859     13.31565729      0.00000000      0.99981943      0.30736911      0.50819923      0.50819923      0.44776968      0.56864546      2.80000000    -10.00000000
     39.66555184     -0.00000000     -0.00000000      0.00000000      0.00000000      0.00000097     -7.49301126      0.00000239      1.26890461     13.44947412      0.00000000      0.99981943      0.30798596      0.50816338      0.50816338      0.44796736      0.55925869      2.80000000    -10.00000000
     39.83277592     -0.00000000     -0.00000000      0.00000000      0.00000000      0.00000093     -7.38309220      0.00000232      1.22083499     13.57191483      0.00000000      0.99981943      0.30859980      0.50812786      0.50812786      0.44816359      0.54971891      2.80000000    -10.00000000
     40.00000000     -0.00000000     -0.00000000      0.00000000      0.00000000      0.00000089     -7.26870401      0.00000225      1.17380424     13.68169186      0.00000000      0.99981943      0.30921049      0.50809265      0.50809265      0.44835837      0.53997698      2.80000000    -10.00000000
