    -10.00000000      0.00000000      0.00000000      0.00000000      0.00000000      0.01104684      0.00000220      0.00561870      0.00000000      3.68103573      0.99981604      0.99981604      0.50005174      0.50006949      0.50006949      0.49999113      0.00000000      2.10000000    -10.00000000
    -10.16722408      0.00000000      0.00000000      0.00000000      0.00000000      0.01101755     -0.15428040      0.00560484      0.00196513      3.68171915      1.00102910      0.99981604      0.49312184      0.50068344      0.50068344      0.49758071      0.00196128      2.10000000    -10.00000000
    -10.33444816      0.00000000      0.00000000      0.00000000      0.00000000      0.01110716     -0.30668575      0.00558336      0.00785857      3.63801909      1.00206303      0.99981604      0.48614051      0.50135263      0.50135263      0.49507186      0.00779730      2.10000000    -10.00000000
    -10.50167224      0.00000000      0.00000000      0.00000000      0.00000000      0.01121795     -0.45636753      0.00554803      0.01768697      3.57929626      1.00310624      0.99981604      0.47888124      0.50201205      0.50201205      0.49208070      0.01737957      2.10000000    -10.00000000
    -10.66889632      0.00000000      0.00000000      0.00000000      0.00000000      0.01136203     -0.60235545      0.00549933      0.03148482      3.50288562      1.00416340      0.99981604      0.47018080      0.50270859      0.50270859      0.48970316      0.03052379      2.10000000    -10.00000000
    -10.83612040      0.00000000      0.00000000      0.00000000      0.00000000      0.01154519     -0.74347993      0.00543799      0.04928908      3.40886121      1.00523925      0.99981604      0.46367517      0.50338408      0.50338408      0.48748995      0.04697378      2.10000000    -10.00000000
    -11.00334448      0.00000000      0.00000000      0.00000000      0.00000000      0.01176958     -0.87870791      0.00536489      0.07114403      3.29892246      1.00633862      0.99981604      0.45757225      0.50406040      0.50406040      0.48520329      0.06641873      2.10000000    -10.00000000
    -11.17056856      0.00000000      0.00000000      0.00000000      0.00000000      0.01203669     -1.00714493      0.00528107      0.09709986      3.17531533      1.00746640      0.99981604      0.45086737      0.50473794      0.50473794      0.48292510      0.08850594      2.10000000    -10.00000000
    -11.33779264      0.00000000      0.00000000      0.00000000      0.00000000      0.01234790     -1.12803937      0.00518763      0.12721022      3.04052118      1.00862763      0.99981604      0.44464236      0.50541915      0.50541915      0.48062983      0.11285403      2.10000000    -10.00000000
    -11.50501672      0.00000000      0.00000000      0.00000000      0.00000000      0.01270474     -1.24078587      0.00508578      0.16152942      2.89710036      1.00982746      0.99981604      0.43826046      0.50610115      0.50610115      0.47836414      0.13906615      2.10000000    -10.00000000
    -11.67224080      0.00000000      0.00000000      0.00000000      0.00000000      0.01310886     -1.34492475      0.00497672      0.20010909      2.74758193      1.01107119      0.99981604      0.43171497      0.50678521      0.50678521      0.47611824      0.16674242      2.10000000    -10.00000000
    -11.83946488      0.00000000      0.00000000      0.00000000      0.00000000      0.01356210     -1.44013739      0.00486170      0.24299434      2.59437771      1.01236431      0.99981604      0.42594667      0.50747020      0.50747020      0.47391655      0.19549111      2.10000000    -10.00000000
    -12.00668896      0.00000000      0.00000000      0.00000000      0.00000000      0.01406648     -1.52623776      0.00474190      0.29021945      2.43971664      1.01371247      0.99981604      0.42021696      0.50815835      0.50815835      0.47172490      0.22493805      2.10000000    -10.00000000
    -12.17391304      0.00000000      0.00000000      0.00000000      0.00000000      0.01462419     -1.60316105      0.00461848      0.34180309      2.28559791      1.01512155      0.99981604      0.41487366      0.50884760      0.50884760      0.46955980      0.25473416      2.10000000    -10.00000000
    -12.34113712      0.00000000      0.00000000      0.00000000      0.00000000      0.01523764     -1.67095027      0.00449253      0.39774307      2.13376182      1.01659765      0.99981604      0.40897121      0.50953694      0.50953694      0.46743811      0.28456093      2.10000000    -10.00000000
    -12.50836120      0.00000000      0.00000000      0.00000000      0.00000000      0.01590939     -1.72974176      0.00436506      0.45801065      1.98567639      1.01814712      0.99981604      0.40356059      0.51022726      0.51022726      0.46536641      0.31413395      2.10000000    -10.00000000
    -12.67558528      0.00000000      0.00000000      0.00000000      0.00000000      0.01664221     -1.77975019      0.00423697      0.52254450      1.84253744      1.01977657      0.99981604      0.39833456      0.51091754      0.51091754      0.46333832      0.34320475      2.10000000    -10.00000000
    -12.84280936      0.00000000      0.00000000      0.00000000      0.00000000      0.01743901     -1.82125391      0.00410909      0.59124431      1.70527932      1.02149289      0.99981604      0.39333057      0.51160697      0.51160697      0.46133011      0.37156099      2.10000000    -10.00000000
    -13.01003344      0.00000000      0.00000000      0.00000000      0.00000000      0.01830289     -1.85458099      0.00398214      0.66396417      1.57459357      1.02330327      0.99981604      0.38857203      0.51229438      0.51229438      0.45943933      0.39902552      2.10000000    -10.00000000
    -13.17725753      0.00000000      0.00000000      0.00000000      0.00000000      0.01923710     -1.88009640      0.00385674      0.74050574      1.45095291      1.02521523      0.99981604      0.38406921      0.51297924      0.51297924      0.45761223      0.42545435      2.10000000    -10.00000000
    -13.34448161      0.00000000      0.00000000      0.00000000      0.00000000      0.02024502     -1.89819053      0.00373344      0.82061147      1.33463814      1.02723660      0.99981604      0.37986042      0.51365977      0.51365977      0.45590534      0.45073399      2.10000000    -10.00000000
    -13.51170569      0.00000000      0.00000000      0.00000000      0.00000000      0.02133016     -1.90926877      0.00361268      0.90395714      1.22576667      1.02937556      0.99981604      0.37602453      0.51433474      0.51433474      0.45408390      0.47477809      2.10000000    -10.00000000
    -13.67892977      0.00000000      0.00000000      0.00000000      0.00000000      0.02249611     -1.91374381      0.00349482      0.99014663      1.12431910      1.03164065      0.99981604      0.37255095      0.51500120      0.51500120      0.45245373      0.49752446      2.10000000    -10.00000000
    -13.84615385      0.00000000      0.00000000      0.00000000      0.00000000      0.02374655     -1.91202788      0.00338015      1.07870505      1.03016606      1.03404080      0.99981604      0.36999256      0.51566045      0.51566045      0.45091356      0.51893127      2.10000000    -10.00000000
    -14.01337793      0.00000000      0.00000000      0.00000000      0.00000000      0.02508520     -1.90452666      0.00326889      1.16907185      0.94309278      1.03658529      0.99981604      0.36700666      0.51630649      0.51630649      0.44947890      0.53897332      2.10000000    -10.00000000
    -14.18060201      0.00000000      0.00000000      0.00000000      0.00000000      0.02651578     -1.89163543      0.00316120      1.26059777      0.86281931      1.03928380      0.99981604      0.36353840      0.51693168      0.51693168      0.44813136      0.55763913      2.10000000    -10.00000000
    -14.34782609      0.00000000      0.00000000      0.00000000      0.00000000      0.02804196     -1.87373526      0.00305720      1.35254030      0.78901953      1.04214639      0.99981604      0.36045703      0.51753895      0.51753895      0.44690289      0.57492758      2.10000000    -10.00000000
    -14.51505017      0.00000000      0.00000000      0.00000000      0.00000000      0.02966733     -1.85119056      0.00295695      1.44406140      0.72133683      1.04518353      0.99981604      0.35777928      0.51812712      0.51812712      0.44579702      0.59084498      2.10000000    -10.00000000
    -14.68227425      0.00000000      0.00000000      0.00000000      0.00000000      0.03139533     -1.82434730      0.00286049      1.53422678      0.65939703      1.04840605      0.99981604      0.35551933      0.51869218      0.51869218      0.44481863      0.60540232      2.10000000    -10.00000000
    -14.84949833      0.00000000      0.00000000      0.00000000      0.00000000      0.03322918     -1.79353198      0.00276780      1.62200728      0.60281904      1.05182517      0.99981604      0.35368770      0.51922939      0.51922939      0.44396977      0.61861281      2.10000000    -10.00000000
    -15.01672241      0.00000000      0.00000000      0.00000000      0.00000000      0.03517183     -1.75905112      0.00267886      1.70628262      0.55122317      1.05545248      0.99981604      0.35228785      0.51973337      0.51973337      0.44328220      0.63048944      2.10000000    -10.00000000
    -15.18394649      0.00000000      0.00000000      0.00000000      0.00000000      0.03722584     -1.72119117      0.00259363      1.78584827      0.50423753      1.05929990      0.99981604      0.35134305      0.52020208      0.52020208      0.44275086      0.64104291      2.10000000    -10.00000000
    -15.35117057      0.00000000      0.00000000      0.00000000      0.00000000      0.03939335     -1.68021888      0.00251203      1.85942576      0.46150285      1.06337968      0.99981604      0.35085855      0.52062767      0.52062767      0.44238080      0.65027943      2.10000000    -10.00000000
    -15.51839465      0.00000000      0.00000000      0.00000000      0.00000000      0.04167592     -1.63638193      0.00243400      1.92567722      0.42267578      1.06770437      0.99981604      0.35083889      0.52100578      0.52100578      0.44218735      0.65819879      2.10000000    -10.00000000
    -15.68561873      0.00000000      0.00000000      0.00000000      0.00000000      0.04407446     -1.58990984      0.00235944      1.98322478      0.38743117      1.07228673      0.99981604      0.35130398      0.52133035      0.52133035      0.44218627      0.66479227      2.10000000    -10.00000000
    -15.85284281      0.00000000      0.00000000      0.00000000      0.00000000      0.04658910     -1.54101503      0.00228827      2.03067520      0.35546332      1.07713975      0.99981604      0.35226165      0.52157878      0.52157878      0.44238674      0.67004052      2.10000000    -10.00000000
    -16.02006689      0.00000000      0.00000000      0.00000000      0.00000000      0.04921907     -1.48989401      0.00222038      2.06665004      0.32648657      1.08227656      0.99981604      0.35371523      0.52179261      0.52179261      0.44279997      0.67391128      2.10000000    -10.00000000
    -16.18729097      0.00000000      0.00000000      0.00000000      0.00000000      0.05196256     -1.43672859      0.00215566      2.08982127      0.30023535      1.08771034      0.99981604      0.35567285      0.52192046      0.52192046      0.44346800      0.67635668      2.10000000    -10.00000000
    -16.35451505      0.00000000      0.00000000      0.00000000      0.00000000      0.05481657     -1.38168694      0.00209401      2.09895155      0.27646388      1.09345429      0.99981604      0.35814144      0.52196670      0.52196670      0.44460900      0.67731022      2.10000000    -10.00000000
    -16.52173913      0.00000000      0.00000000      0.00000000      0.00000000      0.05777680     -1.32492466      0.00203530      2.09293862      0.25494552      1.09952151      0.99981604      0.36112153      0.52190017      0.52190017      0.44544461      0.67668288      2.10000000    -10.00000000
    -16.68896321      0.00000000      0.00000000      0.00000000      0.00000000      0.06083751     -1.26658564      0.00197942      2.07086241      0.23547206      1.10592489      0.99981604      0.36459922      0.52179123      0.52179123      0.44651853      0.67435858      2.10000000    -10.00000000
    -16.85618729      0.00000000      0.00000000      0.00000000      0.00000000      0.06399139     -1.20680281      0.00192625      2.03203393      0.21785281      1.11267704      0.99981604      0.36861912      0.52155494      0.52155494      0.44783421      0.67018839      2.10000000    -10.00000000
    -17.02341137      0.00000000      0.00000000      0.00000000      0.00000000      0.06722943     -1.14569883      0.00187566      1.97604450      0.20191367      1.11979013      0.99981604      0.37313330      0.52120980      0.52120980      0.44939060      0.66398352      2.10000000    -10.00000000
    -17.19063545      0.00000000      0.00000000      0.00000000      0.00000000      0.07054089     -1.08338675      0.00182751      1.90281416      0.18749607      1.12727577      0.99981604      0.37815565      0.52074758      0.52074758      0.45121297      0.65550671      2.10000000    -10.00000000
    -17.35785953      0.00000000      0.00000000      0.00000000      0.00000000      0.07391318     -1.01997055      0.00178170      1.81263763      0.17445595      1.13514489      0.99981604      0.38366796      0.52016184      0.52016184      0.45328112      0.64446184      2.10000000    -10.00000000
    -17.52508361      0.00000000      0.00000000      0.00000000      0.00000000      0.07733183     -0.95554582      0.00173810      1.70622618      0.16266269      1.14340753      0.99981604      0.38965906      0.51945329      0.51945329      0.45560437      0.63048174      2.10000000    -10.00000000
    -17.69230769      0.00000000      0.00000000      0.00000000      0.00000000      0.08078050     -0.89020033      0.00169657      1.58474340      0.15199806      1.15207276      0.99981604      0.39610654      0.51860052      0.51860052      0.45818257      0.61311440      2.10000000    -10.00000000
    -17.85953177      0.00000000      0.00000000      0.00000000      0.00000000      0.08424103     -0.82401462      0.00165701      1.44983280      0.14235523      1.16114843      0.99981604      0.40288796      0.51762109      0.51762109      0.46101469      0.59180888      2.10000000    -10.00000000
    -18.02675585      0.00000000      0.00000000      0.00000000      0.00000000      0.08769346     -0.75706260      0.00161929      1.30363508      0.13363772      1.17064106      0.99981604      0.41024496      0.51649159      0.51649159      0.46409703      0.56590347      2.10000000    -10.00000000
    -18.19397993      0.00000000      0.00000000      0.00000000      0.00000000      0.09111619     -0.68941207      0.00158329      1.14879306      0.12575854      1.18055564      0.99981604      0.41816854      0.51521623      0.51521623      0.46742535      0.53462247      2.10000000    -10.00000000
    -18.36120401      0.00000000      0.00000000      0.00000000      0.00000000      0.09448614     -0.62112523      0.00154890      0.98844245      0.11863927      1.19089546      0.99981604      0.42651246      0.51379314      0.51379314      0.47099319      0.49709382      2.10000000    -10.00000000
    -18.52842809      0.00000000      0.00000000      0.00000000      0.00000000      0.09777898     -0.55225918      0.00151601      0.82618734      0.11220930      1.20166194      0.99981604      0.43522002      0.51222213      0.51222213      0.47479254      0.45241106      2.10000000    -10.00000000
    -18.69565217      0.00000000      0.00000000      0.00000000      0.00000000      0.10096939     -0.48286629      0.00148450      0.66605954      0.10640505      1.21285448      0.99981604      0.44426464      0.51049740      0.51049740      0.47881357      0.39978135      2.10000000    -10.00000000
    -18.86287625      0.00000000      0.00000000      0.00000000      0.00000000      0.10403140     -0.41299464      0.00145426      0.51246197      0.10116929      1.22447029      0.99981604      0.45363439      0.50864387      0.50864387      0.48302116      0.33882635      2.10000000    -10.00000000
    -19.03010033      0.00000000      0.00000000      0.00000000      0.00000000      0.10693873     -0.34268832      0.00142517      0.37009693      0.09645054      1.23650427      0.99981604      0.46329223      0.50663889      0.50663889      0.48741550      0.27012463      2.10000000    -10.00000000
    -19.19732441      0.00000000      0.00000000      0.00000000      0.00000000      0.10966523     -0.27198775      0.00139714      0.24388085      0.09220245      1.24894889      0.99981604      0.47322514      0.50450211      0.50450211      0.49200823      0.19606448      2.10000000    -10.00000000
    -19.36454849      0.00000000      0.00000000      0.00000000      0.00000000      0.11218529     -0.20092991      0.00137004      0.13884819      0.08838336      1.26179409      0.99981604      0.48334586      0.50221385      0.50221385      0.49676632      0.12191984      2.10000000    -10.00000000
    -19.53177258      0.00000000      0.00000000      0.00000000      0.00000000      0.11447431     -0.12954866      0.00134378      0.06004747      0.08495573      1.27502722      0.99981604      0.49364367      0.49984577      0.49984577      0.50166894      0.05664602      2.10000000    -10.00000000
    -19.69899666      0.00000000      0.00000000      0.00000000      0.00000000      0.11650915     -0.05787486      0.00131825      0.01243348      0.08188579      1.28863299      0.99981604      0.50411592      0.49738255      0.49738255      0.50669280      0.01228079      2.10000000    -10.00000000
    -19.86622074      0.00000000      0.00000000      0.00000000      0.00000000      0.11826860      0.01406340      0.00129333      0.00075961      0.07914314      1.30259349      0.99981604      0.51471136      0.49476625      0.49476625      0.51180796      0.00075903      2.10000000    -10.00000000
    -20.03344482      0.00000000      0.00000000      0.00000000      0.00000000      0.11973378      0.08624063      0.00126894      0.02947461      0.07670034      1.31688818      0.99981604      0.52539536      0.49216614      0.49216614      0.51712827      0.02863073      2.10000000    -10.00000000
    -20.20066890      0.00000000      0.00000000      0.00000000      0.00000000      0.12088859      0.15863378      0.00124497      0.10262803      0.07453270      1.33149401      0.99981604      0.53613776      0.48946065      0.48946065      0.52251542      0.09307584      2.10000000    -10.00000000
    -20.36789298      0.00000000      0.00000000      0.00000000      0.00000000      0.12172001      0.23122214      0.00122133      0.22378792      0.07261791      1.34638550      0.99981604      0.54690716      0.48669978      0.48669978      0.52798824      0.18286495      2.10000000    -10.00000000
    -20.53511706      0.00000000      0.00000000      0.00000000      0.00000000      0.12221841      0.30398718      0.00119793      0.39597387      0.07093581      1.36153488      0.99981604      0.55762413      0.48391893      0.48391893      0.53345684      0.28365421      2.10000000    -10.00000000
    -20.70234114      0.00000000      0.00000000      0.00000000      0.00000000      0.12237776      0.37691240      0.00117467      0.62160764      0.06946820      1.37691228      0.99981604      0.56839007      0.48113428      0.48113428      0.53895355      0.38332802      2.10000000    -10.00000000
    -20.86956522      0.00000000      0.00000000      0.00000000      0.00000000      0.12219574      0.44998325      0.00115149      0.90248252      0.06819859      1.39248597      0.99981604      0.57910532      0.47834930      0.47834930      0.54444333      0.47437099      2.10000000    -10.00000000
    -21.03678930      0.00000000      0.00000000      0.00000000      0.00000000      0.12167384      0.52318698      0.00112830      1.23975148      0.06711209      1.40822256      0.99981604      0.58969616      0.47559373      0.47559373      0.54990629      0.55352189      2.10000000    -10.00000000
    -21.20401338      0.00000000      0.00000000      0.00000000      0.00000000      0.12081726      0.59651249      0.00110505      1.63393321      0.06619517      1.42408736      0.99981604      0.60018455      0.47288719      0.47288719      0.55532357      0.62033965      2.10000000    -10.00000000
    -21.37123746      0.00000000      0.00000000      0.00000000      0.00000000      0.11963484      0.66995020      0.00108168      2.08493394      0.06543563      1.44004460      0.99981604      0.61056296      0.47025050      0.47025050      0.56067715      0.67584395      2.10000000    -10.00000000
    -21.53846154      0.00000000      0.00000000      0.00000000      0.00000000      0.11813883      0.74349192      0.00105815      2.59208222      0.06482242      1.45605780      0.99981604      0.62080192      0.46767899      0.46767899      0.56595110      0.72160994      2.10000000    -10.00000000
    -21.70568562      0.00000000      0.00000000      0.00000000      0.00000000      0.11634462      0.81713064      0.00103441      3.15417321      0.06434562      1.47209012      0.99981604      0.63088122      0.46520552      0.46520552      0.57112752      0.75927821      2.10000000    -10.00000000
    -21.87290970      0.00000000      0.00000000      0.00000000      0.00000000      0.11427044      0.89086041      0.00101045      3.76951861      0.06399631      1.48810467      0.99981604      0.64080186      0.46284919      0.46284919      0.57619833      0.79033523      2.10000000    -10.00000000
    -22.04013378      0.00000000      0.00000000      0.00000000      0.00000000      0.11193690      0.96467615      0.00098627      4.43599881      0.06376659      1.50406486      0.99981604      0.65049254      0.46059605      0.46059605      0.58114739      0.81604117      2.10000000    -10.00000000
    -22.20735786      0.00000000      0.00000000      0.00000000      0.00000000      0.10936664      1.03857356      0.00096185      5.15111477      0.06364947      1.51993474      0.99981604      0.66008187      0.45847836      0.45847836      0.58596313      0.83742784      2.10000000    -10.00000000
    -22.37458194      0.00000000      0.00000000      0.00000000      0.00000000      0.10658383      1.11254900      0.00093722      5.91203894      0.06363888      1.53567934      0.99981604      0.66942668      0.45650020      0.45650020      0.59063531      0.85532489      2.10000000    -10.00000000
    -22.54180602      0.00000000      0.00000000      0.00000000      0.00000000      0.10361373      1.18659951      0.00091240      6.71566737      0.06372952      1.55126493      0.99981604      0.67856410      0.45466657      0.45466657      0.59515976      0.87039358      2.10000000    -10.00000000
    -22.70903010      0.00000000      0.00000000      0.00000000      0.00000000      0.10048225      1.26072291      0.00088743      7.55867768      0.06391679      1.56665934      0.99981604      0.68754889      0.45298430      0.45298430      0.59949184      0.88315952      2.10000000    -10.00000000
    -22.87625418      0.00000000      0.00000000      0.00000000      0.00000000      0.09721545      1.33491799      0.00086233      8.43759883      0.06419657      1.58183220      0.99981604      0.69619181      0.45145293      0.45145293      0.60373089      0.89404084      2.10000000    -10.00000000
    -23.04347826      0.00000000      0.00000000      0.00000000      0.00000000      0.09383919      1.40918467      0.00083716      9.34889592      0.06456498      1.59675515      0.99981604      0.70467214      0.45008045      0.45008045      0.60776873      0.90337133      2.10000000    -10.00000000
    -23.21070234      0.00000000      0.00000000      0.00000000      0.00000000      0.09037876      1.48352412      0.00081195     10.28906619      0.06501817      1.61140201      0.99981604      0.71292481      0.44885973      0.44885973      0.61162352      0.91141871      2.10000000    -10.00000000
    -23.37792642      0.00000000      0.00000000      0.00000000      0.00000000      0.08685854      1.55793874      0.00078673     11.25473334      0.06555217      1.62574894      0.99981604      0.72094956      0.44781058      0.44781058      0.61533308      0.91839888      2.10000000    -10.00000000
    -23.54515050      0.00000000      0.00000000      0.00000000      0.00000000      0.08330177      1.63243181      0.00076155     12.24272110      0.06616277      1.63977457      0.99981604      0.72873990      0.44687881      0.44687881      0.61885637      0.92448682      2.10000000    -10.00000000
    -23.71237458      0.00000000      0.00000000      0.00000000      0.00000000      0.07973036      1.70700703      0.00073642     13.25009065      0.06684567      1.65346000      0.99981604      0.73629740      0.44610843      0.44610843      0.62220223      0.92982501      2.10000000    -10.00000000
    -23.87959866      0.00000000      0.00000000      0.00000000      0.00000000      0.07616467      1.78166794      0.00071139     14.27413764      0.06759665      1.66678892      0.99981604      0.74362020      0.44548354      0.44548354      0.62538436      0.93452986      2.10000000    -10.00000000
    -24.04682274      0.00000000      0.00000000      0.00000000      0.00000000      0.07262345      1.85641751      0.00068649     15.31235837      0.06841176      1.67974752      0.99981604      0.75070736      0.44499295      0.44499295      0.62839295      0.93869679      2.10000000    -10.00000000
    -24.21404682      0.00000000      0.00000000      0.00000000      0.00000000      0.06912369      1.93125776      0.00066177     16.36240076      0.06928751      1.69232452      0.99981604      0.75756039      0.44464381      0.44464381      0.63122935      0.94240428      2.10000000    -10.00000000
    -24.38127090      0.00000000      0.00000000      0.00000000      0.00000000      0.06568058      2.00618973      0.00063728     17.42201319      0.07022103      1.70451109      0.99981604      0.76417476      0.44438948      0.44438948      0.63390131      0.94571712      2.10000000    -10.00000000
    -24.54849498      0.00000000      0.00000000      0.00000000      0.00000000      0.06230751      2.08121339      0.00061307     18.48899694      0.07121006      1.71630073      0.99981604      0.77056167      0.44426162      0.44426162      0.63640926      0.94868900      2.10000000    -10.00000000
    -24.71571906      0.00000000      0.00000000      0.00000000      0.00000000      0.05901602      2.15632774      0.00058919     19.56116186      0.07225309      1.72768920      0.99981604      0.77671604      0.44424944      0.44424944      0.63875819      0.95136462      2.10000000    -10.00000000
    -24.88294314      0.00000000      0.00000000      0.00000000      0.00000000      0.05581592      2.23153089      0.00056569     20.63628235      0.07334928      1.73867438      0.99981604      0.78264560      0.44433834      0.44433834      0.64095132      0.95378134      2.10000000    -10.00000000
    -25.05016722      0.00000000      0.00000000      0.00000000      0.00000000      0.05271531      2.30682006      0.00054264     21.71205217      0.07449859      1.74925609      0.99981604      0.78834687      0.44451671      0.44451671      0.64299328      0.95597051      2.10000000    -10.00000000
    -25.21739130      0.00000000      0.00000000      0.00000000      0.00000000      0.04972068      2.38219166      0.00052008     22.78603828      0.07570178      1.75943601      0.99981604      0.79382364      0.44477829      0.44477829      0.64488891      0.95795853      2.10000000    -10.00000000
    -25.38461538      0.00000000      0.00000000      0.00000000      0.00000000      0.04683704      2.45764129      0.00049806     23.85563619      0.07696043      1.76921745      0.99981604      0.79907509      0.44511528      0.44511528      0.64664120      0.95976768      2.10000000    -10.00000000
    -25.55183946      0.00000000      0.00000000      0.00000000      0.00000000      0.04406801      2.53316381      0.00047663     24.91803639      0.07827701      1.77860522      0.99981604      0.80411364      0.44552015      0.44552015      0.64825682      0.96141683      2.10000000    -10.00000000
    -25.71906355      0.00000000      0.00000000      0.00000000      0.00000000      0.04141595      2.60875284      0.00045582     25.97075930      0.07965311      1.78760547      0.99981604      0.80893544      0.44598572      0.44598572      0.64973589      0.96292281      2.10000000    -10.00000000
    -25.88628763      0.00000000      0.00000000      0.00000000      0.00000000      0.03888210      2.68440287      0.00043569     27.00923538      0.08109697      1.79622550      0.99981604      0.81354871      0.44650507      0.44650507      0.65109649      0.96429749      2.10000000    -10.00000000
    -26.05351171      0.00000000      0.00000000      0.00000000      0.00000000      0.03646669      2.76010616      0.00041626     28.03053763      0.08261172      1.80447364      0.99981604      0.81795285      0.44707161      0.44707161      0.65233067      0.96555351      2.10000000    -10.00000000
    -26.22073579      0.00000000      0.00000000      0.00000000      0.00000000      0.03416907      2.83585500      0.00039755     29.03081291      0.08420354      1.81235908      0.99981604      0.82216097      0.44767917      0.44767917      0.65344775      0.96670087      2.10000000    -10.00000000
    -26.38795987      0.00000000      0.00000000      0.00000000      0.00000000      0.03198782      2.91164126      0.00037958     30.00597983      0.08587948      1.81989172      0.99981604      0.82617101      0.44832165      0.44832165      0.65445285      0.96774816      2.10000000    -10.00000000
    -26.55518395      0.00000000      0.00000000      0.00000000      0.00000000      0.02992089      2.98745647      0.00036236     30.95193242      0.08764697      1.82708204      0.99981604      0.82996379      0.44899454      0.44899454      0.65535544      0.96870299      2.10000000    -10.00000000
    -26.72240803      0.00000000      0.00000000      0.00000000      0.00000000      0.02796566      3.06329200      0.00034590     31.86386218      0.08951584      1.83394097      0.99981604      0.83356747      0.44969192      0.44969192      0.65614811      0.96957144      2.10000000    -10.00000000
    -26.88963211      0.00000000      0.00000000      0.00000000      0.00000000      0.02611907      3.13913916      0.00033020     32.73786508      0.09149393      1.84047980      0.99981604      0.83699546      0.45040894      0.45040894      0.65684608      0.97035971      2.10000000    -10.00000000
    -27.05685619      0.00000000      0.00000000      0.00000000      0.00000000      0.02437769      3.21498943      0.00031525     33.56955240      0.09359121      1.84671003      0.99981604      0.84024884      0.45114203      0.45114203      0.65730845      0.97107281      2.10000000    -10.00000000
    -27.22408027      0.00000000      0.00000000      0.00000000      0.00000000      0.02273783      3.29083458      0.00030104     34.35493750      0.09581742      1.85264331      0.99981604      0.84340266      0.45188705      0.45188705      0.65797119      0.97171541      2.10000000    -10.00000000
    -27.39130435      0.00000000      0.00000000      0.00000000      0.00000000      0.02119557      3.36666690      0.00028755     35.09042218      0.09818230      1.85829134      0.99981604      0.84624626      0.45264038      0.45264038      0.65840648      0.97229182      2.10000000    -10.00000000
    -27.55852843      0.00000000      0.00000000      0.00000000      0.00000000      0.01974685      3.44247928      0.00027475     35.77296624      0.10069531      1.86366580      0.99981604      0.84899962      0.45339911      0.45339911      0.65876310      0.97280611      2.10000000    -10.00000000
    -27.72575251      0.00000000      0.00000000      0.00000000      0.00000000      0.01838752      3.51826538      0.00026262     36.39998940      0.10336594      1.86877828      0.99981604      0.85159978      0.45415975      0.45415975      0.65904472      0.97326202      2.10000000    -10.00000000
    -27.89297659      0.00000000      0.00000000      0.00000000      0.00000000      0.01711338      3.59402527      0.00025112     36.97205447      0.10619649      1.87364022      0.99981604      0.85404777      0.45492031      0.45492031      0.65925505      0.97366484      2.10000000    -10.00000000
    -28.06020067      0.00000000      0.00000000      0.00000000      0.00000000      0.01592031      3.66973731      0.00024024     37.48150259      0.10921303      1.87826287      0.99981604      0.85629127      0.45567814      0.45567814      0.65940025      0.97401349      2.10000000    -10.00000000
    -28.22742475      0.00000000      0.00000000      0.00000000      0.00000000      0.01480410      3.74541438      0.00022993     37.93459547      0.11240504      1.88265723      0.99981604      0.85851117      0.45643133      0.45643133      0.65948186      0.97431590      2.10000000    -10.00000000
    -28.39464883      0.00000000      0.00000000      0.00000000      0.00000000      0.01376068      3.82104744      0.00022015     38.32949600      0.11578526      1.88683405      0.99981604      0.86053728      0.45717772      0.45717772      0.65950415      0.97457379      2.10000000    -10.00000000
    -28.56187291      0.00000000      0.00000000      0.00000000      0.00000000      0.01278607      3.89663353      0.00021087     38.66710560      0.11936004      1.89080375      0.99981604      0.86243508      0.45791505      0.45791505      0.65947070      0.97479019      2.10000000    -10.00000000
    -28.72909699      0.00000000      0.00000000      0.00000000      0.00000000      0.01187639      3.97216993      0.00020207     38.94878391      0.12313549      1.89457647      0.99981604      0.86421729      0.45864020      0.45864020      0.65938410      0.97496795      2.10000000    -10.00000000
    -28.89632107      0.00000000      0.00000000      0.00000000      0.00000000      0.01102788      4.04765399      0.00019370     39.17621613      0.12711763      1.89816196      0.99981604      0.86585165      0.45936423      0.45936423      0.65924951      0.97510965      2.10000000    -10.00000000
    -29.06354515      0.00000000      0.00000000      0.00000000      0.00000000      0.01023693      4.12308293      0.00018574     39.35127615      0.13131273      1.90156968      0.99981604      0.86739002      0.46007681      0.46007681      0.65906823      0.97521764      2.10000000    -10.00000000
    -29.23076923      0.00000000      0.00000000      0.00000000      0.00000000      0.00950006      4.19845363      0.00017816     39.47596418      0.13572739      1.90480867      0.99981604      0.86881688      0.46077732      0.46077732      0.65897965      0.97529398      2.10000000    -10.00000000
    -29.39799331      0.00000000      0.00000000      0.00000000      0.00000000      0.00881396      4.27376256      0.00017095     39.55228413      0.14036884      1.90788766      0.99981604      0.87017726      0.46146492      0.46146492      0.65857827      0.97534048      2.10000000    -10.00000000
    -29.56521739      0.00000000      0.00000000      0.00000000      0.00000000      0.00817545      4.34900566      0.00016407     39.58219008      0.14524515      1.91081498      0.99981604      0.87135437      0.46213913      0.46213913      0.65827092      0.97535865      2.10000000    -10.00000000
    -29.73244147      0.00000000      0.00000000      0.00000000      0.00000000      0.00758150      4.42417901      0.00015752     39.56809337      0.15036327      1.91359861      0.99981604      0.87247334      0.46279951      0.46279951      0.65793651      0.97535009      2.10000000    -10.00000000
    -29.89966555      0.00000000      0.00000000      0.00000000      0.00000000      0.00702926      4.49927509      0.00015126     39.51013263      0.15573926      1.91624618      0.99981604      0.87349215      0.46344498      0.46344498      0.65756486      0.97531482      2.10000000    -10.00000000
    -30.06688963      0.00000000      0.00000000      0.00000000      0.00000000      0.00651601      4.57429024      0.00014530     39.41160117      0.16137820      1.91876496      0.99981604      0.87443174      0.46407699      0.46407699      0.65716240      0.97525463      2.10000000    -10.00000000
    -30.23411371      0.00000000      0.00000000      0.00000000      0.00000000      0.00603918      4.64921721      0.00013960     39.27352106      0.16729438      1.92116186      0.99981604      0.87527837      0.46469326      0.46469326      0.65673399      0.97516979      2.10000000    -10.00000000
    -30.40133779      0.00000000      0.00000000      0.00000000      0.00000000      0.00559633      4.72404891      0.00013416     39.09737688      0.17350127      1.92344347      0.99981604      0.87604038      0.46529284      0.46529284      0.65636192      0.97506071      2.10000000    -10.00000000
    -30.56856187      0.00000000      0.00000000      0.00000000      0.00000000      0.00518520      4.79877769      0.00012897     38.88459288      0.18001356      1.92561606      0.99981604      0.87672245      0.46587808      0.46587808      0.65579113      0.97492766      2.10000000    -10.00000000
    -30.73578595      0.00000000      0.00000000      0.00000000      0.00000000      0.00480361      4.87339540      0.00012402     38.63654949      0.18684715      1.92768555      0.99981604      0.87733359      0.46645342      0.46645342      0.65528544      0.97477076      2.10000000    -10.00000000
    -30.90301003      0.00000000      0.00000000      0.00000000      0.00000000      0.00444956      4.94789337      0.00011929     38.35460350      0.19401918      1.92965757      0.99981604      0.87787154      0.46701357      0.46701357      0.65475865      0.97459001      2.10000000    -10.00000000
    -31.07023411      0.00000000      0.00000000      0.00000000      0.00000000      0.00412113      5.02226247      0.00011477     38.04010272      0.20154807      1.93153748      0.99981604      0.87834683      0.46756661      0.46756661      0.65421229      0.97438531      2.10000000    -10.00000000
    -31.23745819      0.00000000      0.00000000      0.00000000      0.00000000      0.00381656      5.09649309      0.00011046     37.69439845      0.20945348      1.93333031      0.99981604      0.87875517      0.46810539      0.46810539      0.65364781      0.97415647      2.10000000    -10.00000000
    -31.40468227      0.00000000      0.00000000      0.00000000      0.00000000      0.00353417      5.17057518      0.00010634     37.31885417      0.21775640      1.93504084      0.99981604      0.87910009      0.46863024      0.46863024      0.65306570      0.97390319      2.10000000    -10.00000000
    -31.57190635      0.00000000      0.00000000      0.00000000      0.00000000      0.00327241      5.24449605      0.00010240     36.91586485      0.22647277      1.93667360      0.99981604      0.87938407      0.46914134      0.46914134      0.65246912      0.97362582      2.10000000    -10.00000000
    -31.73913043      0.00000000      0.00000000      0.00000000      0.00000000      0.00302980      5.31824910      0.00009865     36.48474923      0.23563918      1.93823285      0.99981604      0.87949854      0.46963904      0.46963904      0.65185962      0.97332248      2.10000000    -10.00000000
    -31.90635452      0.00000000      0.00000000      0.00000000      0.00000000      0.00280500      5.39182086      0.00009506     36.02793728      0.24527485      1.93972263      0.99981604      0.87978001      0.47012351      0.47012351      0.65123628      0.97299336      2.10000000    -10.00000000
    -32.07357860      0.00000000      0.00000000      0.00000000      0.00000000      0.00259673      5.46519920      0.00009164     35.54696885      0.25540590      1.94114674      0.99981604      0.87989446      0.47059535      0.47059535      0.65060124      0.97263795      2.10000000    -10.00000000
    -32.24080268      0.00000000      0.00000000      0.00000000      0.00000000      0.00240380      5.53837170      0.00008837     35.04331653      0.26606056      1.94250878      0.99981604      0.87996287      0.47105458      0.47105458      0.64995551      0.97225561      2.10000000    -10.00000000
    -32.40802676      0.00000000      0.00000000      0.00000000      0.00000000      0.00222511      5.61132537      0.00008525     34.51846820      0.27726873      1.94381213      0.99981604      0.87998047      0.47150160      0.47150160      0.64930078      0.97184563      2.10000000    -10.00000000
    -32.57525084      0.00000000      0.00000000      0.00000000      0.00000000      0.00205962      5.68404669      0.00008226     33.97392938      0.28906200      1.94505999      0.99981604      0.87995148      0.47193673      0.47193673      0.64863605      0.97140727      2.10000000    -10.00000000
    -32.74247492      0.00000000      0.00000000      0.00000000      0.00000000      0.00190639      5.75652154      0.00007941     33.41121468      0.30147376      1.94625537      0.99981604      0.87987810      0.47236030      0.47236030      0.64798004      0.97093971      2.10000000    -10.00000000
    -32.90969900      0.00000000      0.00000000      0.00000000      0.00000000      0.00176451      5.82873520      0.00007669     32.83184282      0.31453929      1.94740111      0.99981604      0.87976223      0.47277263      0.47277263      0.64728534      0.97044205      2.10000000    -10.00000000
    -33.07692308      0.00000000      0.00000000      0.00000000      0.00000000      0.00163316      5.90067227      0.00007408     32.23733176      0.32829586      1.94849989      0.99981604      0.87960597      0.47317401      0.47317401      0.64660057      0.96991335      2.10000000    -10.00000000
    -33.24414716      0.00000000      0.00000000      0.00000000      0.00000000      0.00151158      5.97231671      0.00007159     31.62919800      0.34278277      1.94955421      0.99981604      0.87941014      0.47356479      0.47356479      0.64590980      0.96935260      2.10000000    -10.00000000
    -33.41137124      0.00000000      0.00000000      0.00000000      0.00000000      0.00139903      6.04365170      0.00006921     31.00894178      0.35804154      1.95056647      0.99981604      0.87917832      0.47394526      0.47394526      0.64521526      0.96875873      2.10000000    -10.00000000
    -33.57859532      0.00000000      0.00000000      0.00000000      0.00000000      0.00129486      6.11465971      0.00006694     30.37804886      0.37411595      1.95153888      0.99981604      0.87891034      0.47431574      0.47431574      0.64451497      0.96813059      2.10000000    -10.00000000
    -33.74581940      0.00000000      0.00000000      0.00000000      0.00000000      0.00119846      6.18532236      0.00006476     29.73798519      0.39105212      1.95247356      0.99981604      0.87860860      0.47467652      0.47467652      0.64381190      0.96746696      2.10000000    -10.00000000
    -33.91304348      0.00000000      0.00000000      0.00000000      0.00000000      0.00110924      6.25562047      0.00006267     29.09018985      0.40889871      1.95337249      0.99981604      0.87842219      0.47502791      0.47502791      0.64317493      0.96676658      2.10000000    -10.00000000
    -34.08026756      0.00000000      0.00000000      0.00000000      0.00000000      0.00102667      6.32553393      0.00006067     28.43607060      0.42770695      1.95423754      0.99981604      0.87790902      0.47537018      0.47537018      0.64239765      0.96602807      2.10000000    -10.00000000
    -34.24749164      0.00000000      0.00000000      0.00000000      0.00000000      0.00095027      6.39504172      0.00005876     27.77700049      0.44753080      1.95507045      0.99981604      0.87751440      0.47570364      0.47570364      0.64168700      0.96525003      2.10000000    -10.00000000
    -34.41471572      0.00000000      0.00000000      0.00000000      0.00000000      0.00087957      6.46412183      0.00005693     27.11431302      0.46842705      1.95587290      0.99981604      0.87709119      0.47602855      0.47602855      0.64097593      0.96443093      2.10000000    -10.00000000
    -34.58193980      0.00000000      0.00000000      0.00000000      0.00000000      0.00081416      6.53275120      0.00005517     26.44930043      0.49045544      1.95664643      0.99981604      0.87664111      0.47634519      0.47634519      0.64026285      0.96356920      2.10000000    -10.00000000
    -34.74916388      0.00000000      0.00000000      0.00000000      0.00000000      0.00075364      6.60090572      0.00005349     25.78320711      0.51367879      1.95739251      0.99981604      0.87616438      0.47665381      0.47665381      0.63960151      0.96266317      2.10000000    -10.00000000
    -34.91638796      0.00000000      0.00000000      0.00000000      0.00000000      0.00069764      6.66856013      0.00005188     25.11723034      0.53816308      1.95811253      0.99981604      0.87566743      0.47695467      0.47695467      0.63883639      0.96171110      2.10000000    -10.00000000
    -35.08361204      0.00000000      0.00000000      0.00000000      0.00000000      0.00064583      6.73568796      0.00005033     24.45251496      0.56397765      1.95880779      0.99981604      0.87525121      0.47724803      0.47724803      0.63812525      0.96071115      2.10000000    -10.00000000
    -35.25083612      0.00000000      0.00000000      0.00000000      0.00000000      0.00059789      6.80226154      0.00004884     23.79015289      0.59119524      1.95947951      0.99981604      0.87459148      0.47753412      0.47753412      0.63740997      0.95966140      2.10000000    -10.00000000
    -35.41806020      0.00000000      0.00000000      0.00000000      0.00000000      0.00055354      6.86825186      0.00004741     23.13118180      0.61989211      1.96012886      0.99981604      0.87402193      0.47781317      0.47781317      0.63669789      0.95855984      2.10000000    -10.00000000
    -35.58528428      0.00000000      0.00000000      0.00000000      0.00000000      0.00051251      6.93362858      0.00004604     22.47658186      0.65014824      1.96075692      0.99981604      0.87343251      0.47808542      0.47808542      0.63598680      0.95740436      2.10000000    -10.00000000
    -35.75250836      0.00000000      0.00000000      0.00000000      0.00000000      0.00047454      6.99835993      0.00004472     21.82727754      0.68204729      1.96136472      0.99981604      0.87282286      0.47835108      0.47835108      0.63527810      0.95619276      2.10000000    -10.00000000
    -35.91973244      0.00000000      0.00000000      0.00000000      0.00000000      0.00043942      7.06241268      0.00004345     21.18413368      0.71567687      1.96195322      0.99981604      0.87219383      0.47861036      0.47861036      0.63456908      0.95492274      2.10000000    -10.00000000
    -36.08695652      0.00000000      0.00000000      0.00000000      0.00000000      0.00040693      7.12575205      0.00004223     20.54795652      0.75112857      1.96252334      0.99981604      0.87153621      0.47886348      0.47886348      0.63386282      0.95359189      2.10000000    -10.00000000
    -36.25418060      0.00000000      0.00000000      0.00000000      0.00000000      0.00037686      7.18834168      0.00004106     19.91949944      0.78849785      1.96307595      0.99981604      0.87088347      0.47911062      0.47911062      0.63315871      0.95219771      2.10000000    -10.00000000
    -36.42140468      0.00000000      0.00000000      0.00000000      0.00000000      0.00034905      7.25014353      0.00003993     19.29945228      0.82788447      1.96361184      0.99981604      0.87020289      0.47935198      0.47935198      0.63245671      0.95073759      2.10000000    -10.00000000
    -36.58862876      0.00000000      0.00000000      0.00000000      0.00000000      0.00032331      7.31111788      0.00003884     18.68844993      0.86939232      1.96413180      0.99981604      0.86950652      0.47958775      0.47958775      0.63166439      0.94920880      2.10000000    -10.00000000
    -36.75585284      0.00000000      0.00000000      0.00000000      0.00000000      0.00029950      7.37122319      0.00003779     18.08707167      0.91312950      1.96463654      0.99981604      0.86879499      0.47981810      0.47981810      0.63106104      0.94760852      2.10000000    -10.00000000
    -36.92307692      0.00000000      0.00000000      0.00000000      0.00000000      0.00027747      7.43041610      0.00003677     17.49584168      0.95920832      1.96512675      0.99981604      0.86806918      0.48004320      0.48004320      0.63036626      0.94593379      2.10000000    -10.00000000
    -37.09030100      0.00000000      0.00000000      0.00000000      0.00000000      0.00025708      7.48865137      0.00003580     16.91522974      1.00774542      1.96560306      0.99981604      0.86732795      0.48026323      0.48026323      0.62967612      0.94418157      2.10000000    -10.00000000
    -37.25752508      0.00000000      0.00000000      0.00000000      0.00000000      0.00023822      7.54588178      0.00003485     16.34565491      1.05886155      1.96606610      0.99981604      0.86657648      0.48047834      0.48047834      0.62898723      0.94234867      2.10000000    -10.00000000
    -37.42474916      0.00000000      0.00000000      0.00000000      0.00000000      0.00022076      7.60205810      0.00003394     15.78748330      1.11268177      1.96651644      0.99981604      0.86581146      0.48068869      0.48068869      0.62830250      0.94043181      2.10000000    -10.00000000
    -37.59197324      0.00000000      0.00000000      0.00000000      0.00000000      0.00020461      7.65712904      0.00003306     15.24103453      1.16933512      1.96695462      0.99981604      0.86503369      0.48089443      0.48089443      0.62762104      0.93842757      2.10000000    -10.00000000
    -37.75919732      0.00000000      0.00000000      0.00000000      0.00000000      0.00018966      7.71104120      0.00003221     14.70658071      1.22895462      1.96738116      0.99981604      0.86424492      0.48109569      0.48109569      0.62694325      0.93633242      2.10000000    -10.00000000
    -37.92642140      0.00000000      0.00000000      0.00000000      0.00000000      0.00017583      7.76373902      0.00003138     14.18434882      1.29167711      1.96779655      0.99981604      0.86344519      0.48129263      0.48129263      0.62624688      0.93414271      2.10000000    -10.00000000
    -38.09364548      0.00000000      0.00000000      0.00000000      0.00000000      0.00016303      7.81516471      0.00003058     13.67452310      1.35764302      1.96820124      0.99981604      0.86263513      0.48148537      0.48148537      0.62559775      0.93185468      2.10000000    -10.00000000
    -38.26086957      0.00000000      0.00000000      0.00000000      0.00000000      0.00015118      7.86525827      0.00002981     13.17724706      1.42699614      1.96859568      0.99981604      0.86181514      0.48167404      0.48167404      0.62493064      0.92946444      2.10000000    -10.00000000
    -38.42809365      0.00000000      0.00000000      0.00000000      0.00000000      0.00014021      7.91395743      0.00002906     12.69262623      1.49988319      1.96898027      0.99981604      0.86093890      0.48185877      0.48185877      0.62426759      0.92696799      2.10000000    -10.00000000
    -38.59531773      0.00000000      0.00000000      0.00000000      0.00000000      0.00013006      7.96119761      0.00002833     12.22072961      1.57645356      1.96935542      0.99981604      0.86014745      0.48203967      0.48203967      0.62360821      0.92436121      2.10000000    -10.00000000
    -38.76254181      0.00000000      0.00000000      0.00000000      0.00000000      0.00012067      8.00691192      0.00002762     11.76159174      1.65685885      1.96972149      0.99981604      0.85930038      0.48221687      0.48221687      0.62280900      0.92163987      2.10000000    -10.00000000
    -38.92976589      0.00000000      0.00000000      0.00000000      0.00000000      0.00011197      8.05103118      0.00002694     11.31521518      1.74125232      1.97007883      0.99981604      0.85844570      0.48239047      0.48239047      0.62230087      0.91879963      2.10000000    -10.00000000
    -39.09698997      0.00000000      0.00000000      0.00000000      0.00000000      0.00010391      8.09348390      0.00002627     10.88157388      1.82978814      1.97042778      0.99981604      0.85758307      0.48256058      0.48256058      0.62165960      0.91583607      2.10000000    -10.00000000
    -39.26421405      0.00000000      0.00000000      0.00000000      0.00000000      0.00009646      8.13419628      0.00002562     10.46061199      1.92262113      1.97076866      0.99981604      0.85671316      0.48272730      0.48272730      0.62101017      0.91274462      2.10000000    -10.00000000
    -39.43143813      0.00000000      0.00000000      0.00000000      0.00000000      0.00008955      8.17309229      0.00002499     10.05225020      2.01990538      1.97110176      0.99981604      0.85583635      0.48289074      0.48289074      0.62037074      0.90952069      2.10000000    -10.00000000
    -39.59866221      0.00000000      0.00000000      0.00000000      0.00000000      0.00008316      8.21009367      0.00002438      9.65638422      2.12179390      1.97142739      0.99981604      0.85498973      0.48305098      0.48305098      0.61973342      0.90615954      2.10000000    -10.00000000
    -39.76588629      0.00000000      0.00000000      0.00000000      0.00000000      0.00007724      8.24512003      0.00002378      9.27288891      2.22843729      1.97174579      0.99981604      0.85406320      0.48320813      0.48320813      0.61910471      0.90265640      2.10000000    -10.00000000
    -39.93311037      0.00000000      0.00000000      0.00000000      0.00000000      0.00007176      8.27808891      0.00002320      8.90161904      2.33998287      1.97205725      0.99981604      0.85316802      0.48336227      0.48336227      0.61847784      0.89900642      2.10000000    -10.00000000
    -40.10033445      0.00000000      0.00000000      0.00000000      0.00000000      0.00006668      8.30891588      0.00002263      8.54241178      2.45657332      1.97236200      0.99981604      0.85226196      0.48351348      0.48351348      0.61785544      0.89520469      2.10000000    -10.00000000
    -40.26755853      0.00000000      0.00000000      0.00000000      0.00000000      0.00006198      8.33751466      0.00002208      8.19508832      2.57834538      1.97266027      0.99981604      0.85136090      0.48366185      0.48366185      0.61723684      0.89124629      2.10000000    -10.00000000
    -40.43478261      0.00000000      0.00000000      0.00000000      0.00000000      0.00005762      8.36379730      0.00002154      7.85945532      2.70542848      1.97295230      0.99981604      0.85044991      0.48380747      0.48380747      0.61662353      0.88712624      2.10000000    -10.00000000
    -40.60200669      0.00000000      0.00000000      0.00000000      0.00000000      0.00005358      8.38767428      0.00002101      7.53530682      2.83794309      1.97323828      0.99981604      0.84953424      0.48395040      0.48395040      0.61601431      0.88283960      2.10000000    -10.00000000
    -40.76923077      0.00000000      0.00000000      0.00000000      0.00000000      0.00004984      8.40905478      0.00002050      7.22242568      2.97599907      1.97351844      0.99981604      0.84861483      0.48409072      0.48409072      0.61540865      0.87838139      2.10000000    -10.00000000
    -40.93645485      0.00000000      0.00000000      0.00000000      0.00000000      0.00004638      8.42784687      0.00001999      6.92058497      3.11969384      1.97379295      0.99981604      0.84768967      0.48422850      0.48422850      0.61480764      0.87374670      2.10000000    -10.00000000
    -41.10367893      0.00000000      0.00000000      0.00000000      0.00000000      0.00004316      8.44395773      0.00001950      6.62954948      3.26911045      1.97406201      0.99981604      0.84676241      0.48436382      0.48436382      0.61421125      0.86893066      2.10000000    -10.00000000
    -41.27090301      0.00000000      0.00000000      0.00000000      0.00000000      0.00004018      8.45729400      0.00001901      6.34907696      3.42431552      1.97432579      0.99981604      0.84581116      0.48449674      0.48449674      0.61361841      0.86392849      2.10000000    -10.00000000
    -41.43812709      0.00000000      0.00000000      0.00000000      0.00000000      0.00003742      8.46776206      0.00001854      6.07891932      3.58535714      1.97458445      0.99981604      0.84489647      0.48462732      0.48462732      0.61313998      0.85873550      2.10000000    -10.00000000
    -41.60535117      0.00000000      0.00000000      0.00000000      0.00000000      0.00003487      8.47526837      0.00001808      5.81882381      3.75226257      1.97483816      0.99981604      0.84395877      0.48475562      0.48475562      0.61244710      0.85334714      2.10000000    -10.00000000
    -41.77257525      0.00000000      0.00000000      0.00000000      0.00000000      0.00003249      8.47971987      0.00001762      5.56853411      3.92503593      1.97508708      0.99981604      0.84301851      0.48488171      0.48488171      0.61186061      0.84775903      2.10000000    -10.00000000
    -41.93979933      0.00000000      0.00000000      0.00000000      0.00000000      0.00003029      8.48102439      0.00001718      5.32779122      4.10365589      1.97533135      0.99981604      0.84207526      0.48500565      0.48500565      0.61129232      0.84196697      2.10000000    -10.00000000
    -42.10702341      0.00000000      0.00000000      0.00000000      0.00000000      0.00002825      8.47909109      0.00001674      5.09633452      4.28807314      1.97557110      0.99981604      0.84112935      0.48512749      0.48512749      0.61072141      0.83596701      2.10000000    -10.00000000
    -42.27424749      0.00000000      0.00000000      0.00000000      0.00000000      0.00002636      8.47383097      0.00001631      4.87390249      4.47820805      1.97580648      0.99981604      0.84018195      0.48524728      0.48524728      0.61015425      0.82975543      2.10000000    -10.00000000
    -42.44147157      0.00000000      0.00000000      0.00000000      0.00000000      0.00002460      8.46515737      0.00001589      4.66023357      4.67394823      1.97603761      0.99981604      0.83923260      0.48536508      0.48536508      0.60959254      0.82332885      2.10000000    -10.00000000
    -42.60869565      0.00000000      0.00000000      0.00000000      0.00000000      0.00002297      8.45298651      0.00001547      4.45506687      4.87514608      1.97626462      0.99981604      0.83798341      0.48548093      0.48548093      0.60903440      0.81668419      2.10000000    -10.00000000
    -42.77591973      0.00000000      0.00000000      0.00000000      0.00000000      0.00002146      8.43723809      0.00001507      4.25814276      5.08161666      1.97648762      0.99981604      0.83732853      0.48559490      0.48559490      0.60847725      0.80981878      2.10000000    -10.00000000
    -42.94314381      0.00000000      0.00000000      0.00000000      0.00000000      0.00002005      8.41783589      0.00001467      4.06920358      5.29313536      1.97670674      0.99981604      0.83637424      0.48570701      0.48570701      0.60799345      0.80273035      2.10000000    -10.00000000
    -43.11036789      0.00000000      0.00000000      0.00000000      0.00000000      0.00001875      8.39470840      0.00001427      3.88799405      5.50943607      1.97692207      0.99981604      0.83541886      0.48581733      0.48581733      0.60738585      0.79541710      2.10000000    -10.00000000
    -43.27759197      0.00000000      0.00000000      0.00000000      0.00000000      0.00001754      8.36778947      0.00001388      3.71426184      5.73020927      1.97713372      0.99981604      0.83446292      0.48592589      0.48592589      0.60684447      0.78787771      2.10000000    -10.00000000
    -43.44481605      0.00000000      0.00000000      0.00000000      0.00000000      0.00001641      8.33701897      0.00001350      3.54775797      5.95510063      1.97734179      0.99981604      0.83350695      0.48603274      0.48603274      0.60630749      0.78011143      2.10000000    -10.00000000
    -43.61204013      0.00000000      0.00000000      0.00000000      0.00000000      0.00001537      8.30234350      0.00001313      3.38823720      6.18370978      1.97754639      0.99981604      0.83254613      0.48613791      0.48613791      0.60577349      0.77211806      2.10000000    -10.00000000
    -43.77926421      0.00000000      0.00000000      0.00000000      0.00000000      0.00001439      8.26371702      0.00001276      3.23545836      6.41558952      1.97774760      0.99981604      0.83158748      0.48624146      0.48624146      0.60524575      0.76389804      2.10000000    -10.00000000
    -43.94648829      0.00000000      0.00000000      0.00000000      0.00000000      0.00001349      8.22110174      0.00001240      3.08918487      6.65024515      1.97794550      0.99981604      0.83062877      0.48634341      0.48634341      0.60472121      0.75545248      2.10000000    -10.00000000
    -44.11371237      0.00000000      0.00000000      0.00000000      0.00000000      0.00001265      8.17446803      0.00001204      2.94918397      6.88713577      1.97814020      0.99981604      0.82966947      0.48644381      0.48644381      0.60419951      0.74678313      2.10000000    -10.00000000
    -44.28093645      0.00000000      0.00000000      0.00000000      0.00000000      0.00001187      8.12379650      0.00001169      2.81522896      7.12567253      1.97833176      0.99981604      0.82870997      0.48654268      0.48654268      0.60368386      0.73789253      2.10000000    -10.00000000
    -44.44816054      0.00000000      0.00000000      0.00000000      0.00000000      0.00001115      8.06907725      0.00001134      2.68709737      7.36522216      1.97852028      0.99981604      0.82775047      0.48664008      0.48664008      0.60316964      0.72878395      2.10000000    -10.00000000
    -44.61538462      0.00000000      0.00000000      0.00000000      0.00000000      0.00001047      8.01031111      0.00001100      2.56457215      7.60510748      1.97870582      0.99981604      0.82679106      0.48673602      0.48673602      0.60266307      0.71946142      2.10000000    -10.00000000
    -44.78260870      0.00000000      0.00000000      0.00000000      0.00000000      0.00000984      7.94751012      0.00001067      2.44744152      7.84461015      1.97888846      0.99981604      0.82583195      0.48683055      0.48683055      0.60215824      0.70992981      2.10000000    -10.00000000
    -44.94983278      0.00000000      0.00000000      0.00000000      0.00000000      0.00000926      7.88069795      0.00001034      2.33549913      8.08297365      1.97906827      0.99981604      0.82487349      0.48692370      0.48692370      0.60165757      0.70019480      2.10000000    -10.00000000
    -45.11705686      0.00000000      0.00000000      0.00000000      0.00000000      0.00000871      7.80991037      0.00001002      2.22854414      8.31940695      1.97924533      0.99981604      0.82391492      0.48701549      0.48701549      0.60116094      0.69026287      2.10000000    -10.00000000
    -45.28428094      0.00000000      0.00000000      0.00000000      0.00000000      0.00000821      7.73519562      0.00000970      2.12638119      8.55308897      1.97941969      0.99981604      0.82296115      0.48710596      0.48710596      0.60066814      0.68014137      2.10000000    -10.00000000
    -45.45150502      0.00000000      0.00000000      0.00000000      0.00000000      0.00000773      7.65661463      0.00000939      2.02882051      8.78317346      1.97959142      0.99981604      0.82200050      0.48719513      0.48719513      0.60017922      0.66983847      2.10000000    -10.00000000
    -45.61872910      0.00000000      0.00000000      0.00000000      0.00000000      0.00000729      7.57424125      0.00000908      1.93567787      9.00879472      1.97976058      0.99981604      0.82104439      0.48728305      0.48728305      0.59969407      0.65936317      2.10000000    -10.00000000
    -45.78595318      0.00000000      0.00000000      0.00000000      0.00000000      0.00000688      7.48816191      0.00000878      1.84677434      9.22907402      1.97992724      0.99981604      0.82016923      0.48736972      0.48736972      0.59921345      0.64872523      2.10000000    -10.00000000
    -45.95317726      0.00000000      0.00000000      0.00000000      0.00000000      0.00000650      7.39847743      0.00000848      1.76193751      9.44312446      1.98009145      0.99981604      0.81913515      0.48745518      0.48745518      0.59873552      0.63793533      2.10000000    -10.00000000
    -46.12040134      0.00000000      0.00000000      0.00000000      0.00000000      0.00000614      7.30529925      0.00000819      1.68099894      9.65006175      1.98025326      0.99981604      0.81818216      0.48753946      0.48753946      0.59826177      0.62700470      2.10000000    -10.00000000
    -46.28762542      0.00000000      0.00000000      0.00000000      0.00000000      0.00000581      7.20875272      0.00000790      1.60379657      9.84900787      1.98041274      0.99981604      0.81723035      0.48762258      0.48762258      0.59779154      0.61594542      2.10000000    -10.00000000
    -46.45484950      0.00000000      0.00000000      0.00000000      0.00000000      0.00000550      7.10897491      0.00000762      1.53017347     10.03910054      1.98056992      0.99981604      0.81627996      0.48770457      0.48770457      0.59732523      0.60477018      2.10000000    -10.00000000
    -46.62207358      0.00000000      0.00000000      0.00000000      0.00000000      0.00000520      7.00611439      0.00000735      1.45997792     10.21950049      1.98072488      0.99981604      0.81533092      0.48778544      0.48778544      0.59686252      0.59349229      2.10000000    -10.00000000
    -46.78929766      0.00000000      0.00000000      0.00000000      0.00000000      0.00000493      6.90033054      0.00000708      1.39306336     10.38939911      1.98087764      0.99981604      0.81438335      0.48786523      0.48786523      0.59640384      0.58212556      2.10000000    -10.00000000
    -46.95652174      0.00000000      0.00000000      0.00000000      0.00000000      0.00000468      6.79179262      0.00000682      1.32928822     10.54802583      1.98102827      0.99981604      0.81350626      0.48794395      0.48794395      0.59594811      0.57068430      2.10000000    -10.00000000
    -47.12374582      0.00000000      0.00000000      0.00000000      0.00000000      0.00000444      6.68067877      0.00000656      1.26851587     10.69465511      1.98117680      0.99981604      0.81249291      0.48802162      0.48802162      0.59549627      0.55918316      2.10000000    -10.00000000
    -47.29096990      0.00000000      0.00000000      0.00000000      0.00000000      0.00000422      6.56717476      0.00000631      1.21061438     10.82861290      1.98132328      0.99981604      0.81155031      0.48809828      0.48809828      0.59505839      0.54763707      2.10000000    -10.00000000
    -47.45819398      0.00000000      0.00000000      0.00000000      0.00000000      0.00000401      6.45147247      0.00000606      1.15545638     10.94928221      1.98146776      0.99981604      0.81060946      0.48817393      0.48817393      0.59460320      0.53606113      2.10000000    -10.00000000
    -47.62541806      0.00000000      0.00000000      0.00000000      0.00000000      0.00000381      6.33376818      0.00000583      1.10291889     11.05610770      1.98161027      0.99981604      0.80967067      0.48824860      0.48824860      0.59416227      0.52447049      2.10000000    -10.00000000
    -47.79264214      0.00000000      0.00000000      0.00000000      0.00000000      0.00000363      6.21426047      0.00000559      1.05288302     11.14859889      1.98175086      0.99981604      0.80873371      0.48832231      0.48832231      0.59372415      0.51288018      2.10000000    -10.00000000
    -47.95986622      0.00000000      0.00000000      0.00000000      0.00000000      0.00000346      6.09314768      0.00000536      1.00523373     11.22633164      1.98188957      0.99981604      0.80779829      0.48839508      0.48839508      0.59328471      0.50130502      2.10000000    -10.00000000
    -48.12709030      0.00000000      0.00000000      0.00000000      0.00000000      0.00000330      5.97062479      0.00000514      0.95985940     11.28894732      1.98202643      0.99981604      0.80686556      0.48846692      0.48846692      0.59285867      0.48975932      2.10000000    -10.00000000
    -48.29431438      0.00000000      0.00000000      0.00000000      0.00000000      0.00000315      5.84687936      0.00000493      0.91665144     11.33614909      1.98216148      0.99981604      0.80593473      0.48853785      0.48853785      0.59243107      0.47825673      2.10000000    -10.00000000
    -48.46153846      0.00000000      0.00000000      0.00000000      0.00000000      0.00000300      5.72208632      0.00000472      0.87550361     11.36769404      1.98229477      0.99981604      0.80500542      0.48860790      0.48860790      0.59200701      0.46680988      2.10000000    -10.00000000
    -48.62876254      0.00000000      0.00000000      0.00000000      0.00000000      0.00000287      5.59640084      0.00000452      0.83631120     11.38337969      1.98242631      0.99981604      0.80407889      0.48867707      0.48867707      0.59148959      0.45542999      2.10000000    -10.00000000
    -48.79598662      0.00000000      0.00000000      0.00000000      0.00000000      0.00000275      5.46994833      0.00000432      0.79896981     11.38302229      1.98255616      0.99981604      0.80315461      0.48874539      0.48874539      0.59116831      0.44412630      2.10000000    -10.00000000
    -48.96321070      0.00000000      0.00000000      0.00000000      0.00000000      0.00000263      5.34281020      0.00000413      0.76337370     11.36642289      1.98268434      0.99981604      0.80223266      0.48881287      0.48881287      0.59075366      0.43290523      2.10000000    -10.00000000
    -49.13043478      0.00000000      0.00000000      0.00000000      0.00000000      0.00000252      5.21500275      0.00000394      0.72941325     11.33331461      1.98281088      0.99981604      0.80131316      0.48887952      0.48887952      0.59034244      0.42176920      2.10000000    -10.00000000
    -49.29765886      0.00000000      0.00000000      0.00000000      0.00000000      0.00000241      5.08644549      0.00000376      0.69697132     11.28328064      1.98293582      0.99981604      0.80039584      0.48894537      0.48894537      0.58993445      0.41071485      2.10000000    -10.00000000
    -49.46488294      0.00000000      0.00000000      0.00000000      0.00000000      0.00000231      4.95691260      0.00000358      0.66591766     11.21562543      1.98305918      0.99981604      0.79948123      0.48901043      0.48901043      0.58952967      0.39973024      2.10000000    -10.00000000
    -49.63210702      0.00000000      0.00000000      0.00000000      0.00000000      0.00000222      4.82595798      0.00000341      0.63610056     11.12917076      1.98318100      0.99981604      0.79857025      0.48907470      0.48907470      0.58912779      0.38879062      2.10000000    -10.00000000
    -49.79933110      0.00000000      0.00000000      0.00000000      0.00000000      0.00000213      4.69279902      0.00000324      0.60733420     11.02193089      1.98330130      0.99981604      0.79765946      0.48913821      0.48913821      0.58872870      0.37785185      2.10000000    -10.00000000
    -49.96655518      0.00000000      0.00000000      0.00000000      0.00000000      0.00000204      4.55613843      0.00000307      0.57938023     10.89059631      1.98342012      0.99981604      0.79675243      0.48920098      0.48920098      0.58833377      0.36684024      2.10000000    -10.00000000
    -50.13377926      0.00000000      0.00000000      0.00000000      0.00000000      0.00000196      4.41389949      0.00000291      0.55192203     10.72972663      1.98353748      0.99981604      0.79584805      0.48926300      0.48926300      0.58794131      0.35563773      2.10000000    -10.00000000
    -50.30100334      0.00000000      0.00000000      0.00000000      0.00000000      0.00000188      4.26286157      0.00000274      0.52453340     10.53054426      1.98365340      0.99981604      0.79494633      0.48932430      0.48932430      0.58755190      0.34406160      2.10000000    -10.00000000
    -50.46822742      0.00000000      0.00000000      0.00000000      0.00000000      0.00000181      4.09824138      0.00000256      0.49665250     10.27930961      1.98376792      0.99981604      0.79404726      0.48938489      0.48938489      0.58714069      0.33184223      2.10000000    -10.00000000
    -50.63545151      0.00000000      0.00000000      0.00000000      0.00000000      0.00000173      3.91344156      0.00000238      0.46759470      9.95565026      1.98388106      0.99981604      0.79315184      0.48944478      0.48944478      0.58677522      0.31861297      2.10000000    -10.00000000
    -50.80267559      0.00000000      0.00000000      0.00000000      0.00000000      0.00000165      3.70055800      0.00000218      0.43667627      9.53227018      1.98399284      0.99981604      0.79225563      0.48950399      0.48950399      0.58640887      0.30394897      2.10000000    -10.00000000
    -50.96989967      0.00000000      0.00000000      0.00000000      0.00000000      0.00000158      3.45267320      0.00000196      0.40354295      8.97930436      1.98410329      0.99981604      0.79139743      0.48956252      0.48956252      0.58602383      0.28751735      2.10000000    -10.00000000
    -51.13712375      0.00000000      0.00000000      0.00000000      0.00000000      0.00000150      3.16862498      0.00000172      0.36869346      8.27747276      1.98421243      0.99981604      0.79047897      0.48962038      0.48962038      0.58567357      0.26937621      2.10000000    -10.00000000
    -51.30434783      0.00000000      0.00000000      0.00000000      0.00000000      0.00000143      2.85841469      0.00000147      0.33386256      7.43882367      1.98432029      0.99981604      0.78959498      0.48967760      0.48967760      0.58527730      0.25029757      2.10000000    -10.00000000
    -51.47157191      0.00000000      0.00000000      0.00000000      0.00000000      0.00000136      2.54487905      0.00000123      0.30177633      6.52334926      1.98442689      0.99981604      0.78871201      0.48973420      0.48973420      0.58490839      0.23181888      2.10000000    -10.00000000
    -51.63879599      0.00000000      0.00000000      0.00000000      0.00000000      0.00000130      2.25139223      0.00000101      0.27463922      5.60997950      1.98453224      0.99981604      0.78783267      0.48979017      0.48979017      0.58454202      0.21546428      2.10000000    -10.00000000
    -51.80602007      0.00000000      0.00000000      0.00000000      0.00000000      0.00000124      1.99829946      0.00000082      0.25376591      4.78309901      1.98463638      0.99981604      0.78695708      0.48984552      0.48984552      0.58419276      0.20240294      2.10000000    -10.00000000
    -51.97324415      0.00000000      0.00000000      0.00000000      0.00000000      0.00000120      1.79235982      0.00000068      0.23891848      4.08716505      1.98473932      0.99981604      0.78608312      0.48990026      0.48990026      0.58382047      0.19284439      2.10000000    -10.00000000
    -52.14046823      0.00000000      0.00000000      0.00000000      0.00000000      0.00000116      1.63070843      0.00000056      0.22899506      3.52978319      1.98484108      0.99981604      0.78521313      0.48995440      0.48995440      0.58344736      0.18632708      2.10000000    -10.00000000
    -52.30769231      0.00000000      0.00000000      0.00000000      0.00000000      0.00000112      1.50585205      0.00000048      0.22265078      3.09572156      1.98494168      0.99981604      0.78434498      0.49000795      0.49000795      0.58310477      0.18210497      2.10000000    -10.00000000
    -52.47491639      0.00000000      0.00000000      0.00000000      0.00000000      0.00000109      1.40954239      0.00000041      0.21868559      2.76157993      1.98504114      0.99981604      0.78329564      0.49006092      0.49006092      0.58269872      0.17944382      2.10000000    -10.00000000
    -52.64214047      0.00000000      0.00000000      0.00000000      0.00000000      0.00000106      1.33461808      0.00000037      0.21618522      2.50443362      1.98513949      0.99981604      0.78262135      0.49011332      0.49011332      0.58240222      0.17775682      2.10000000    -10.00000000
    -52.80936455      0.00000000      0.00000000      0.00000000      0.00000000      0.00000103      1.27548758      0.00000033      0.21451857      2.30520254      1.98523673      0.99981604      0.78176156      0.49016517      0.49016517      0.58205494      0.17662848      2.10000000    -10.00000000
    -52.97658863      0.00000000      0.00000000      0.00000000      0.00000000      0.00000100      1.22800307      0.00000030      0.21327977      2.14916989      1.98533289      0.99981604      0.78090628      0.49021646      0.49021646      0.58171023      0.17578779      2.10000000    -10.00000000
    -53.14381271      0.00000000      0.00000000      0.00000000      0.00000000      0.00000098      1.18915752      0.00000027      0.21222259      2.02539009      1.98542799      0.99981604      0.78005448      0.49026721      0.49026721      0.58136836      0.17506899      2.10000000    -10.00000000
    -53.31103679      0.00000000      0.00000000      0.00000000      0.00000000      0.00000096      1.15678673      0.00000025      0.21120603      1.92584707      1.98552204      0.99981604      0.77913607      0.49031743      0.49031743      0.58102856      0.17437663      2.10000000    -10.00000000
    -53.47826087      0.00000000      0.00000000      0.00000000      0.00000000      0.00000093      1.12933033      0.00000024      0.21015502      1.84469140      1.98561505      0.99981604      0.77835941      0.49036712      0.49036712      0.58069154      0.17365959      2.10000000    -10.00000000
    -53.64548495      0.00000000      0.00000000      0.00000000      0.00000000      0.00000091      1.10565558      0.00000022      0.20903410      1.77764119      1.98570706      0.99981604      0.77751691      0.49041630      0.49041630      0.58035721      0.17289347      2.10000000    -10.00000000
    -53.81270903      0.00000000      0.00000000      0.00000000      0.00000000      0.00000089      1.08493208      0.00000021      0.20783062      1.72153989      1.98579807      0.99981604      0.77667740      0.49046497      0.49046497      0.58002490      0.17206934      2.10000000    -10.00000000
    -53.97993311      0.00000000      0.00000000      0.00000000      0.00000000      0.00000087      1.06654418      0.00000020      0.20654451      1.67403897      1.98588809      0.99981604      0.77584098      0.49051314      0.49051314      0.57969670      0.17118681      2.10000000    -10.00000000
    -54.14715719      0.00000000      0.00000000      0.00000000      0.00000000      0.00000085      1.05002997      0.00000019      0.20518212      1.63337305      1.98597715      0.99981604      0.77486783      0.49056082      0.49056082      0.57972054      0.17024989      2.10000000    -10.00000000
    -54.31438127      0.00000000      0.00000000      0.00000000      0.00000000      0.00000084      1.03503863      0.00000018      0.20375267      1.59820074      1.98606526      0.99981604      0.77417775      0.49060802      0.49060802      0.57904320      0.16926456      2.10000000    -10.00000000
    -54.48160535      0.00000000      0.00000000      0.00000000      0.00000000      0.00000082      1.02130057      0.00000018      0.20226624      1.56749171      1.98615243      0.99981604      0.77335082      0.49065474      0.49065474      0.57872110      0.16823748      2.10000000    -10.00000000
    -54.64882943      0.00000000      0.00000000      0.00000000      0.00000000      0.00000080      1.00860614      0.00000017      0.20073274      1.54044613      1.98623869      0.99981604      0.77252703      0.49070098      0.49070098      0.57840118      0.16717520      2.10000000    -10.00000000
    -54.81605351      0.00000000      0.00000000      0.00000000      0.00000000      0.00000078      0.99679048      0.00000016      0.19916132      1.51643667      1.98632403      0.99981604      0.77170659      0.49074677      0.49074677      0.57808546      0.16608384      2.10000000    -10.00000000
    -54.98327759      0.00000000      0.00000000      0.00000000      0.00000000      0.00000077      0.98572258      0.00000016      0.19756022      1.49496637      1.98640848      0.99981604      0.77088920      0.49079210      0.49079210      0.57776820      0.16496892      2.10000000    -10.00000000
    -55.15050167      0.00000000      0.00000000      0.00000000      0.00000000      0.00000075      0.97529722      0.00000015      0.19593666      1.47563786      1.98649205      0.99981604      0.77007517      0.49083699      0.49083699      0.57745471      0.16383531      2.10000000    -10.00000000
    -55.31772575      0.00000000      0.00000000      0.00000000      0.00000000      0.00000074      0.96542908      0.00000015      0.19429690      1.45813049      1.98657476      0.99981604      0.76926431      0.49088143      0.49088143      0.57714488      0.16268727      2.10000000    -10.00000000
    -55.48494983      0.00000000      0.00000000      0.00000000      0.00000000      0.00000072      0.95604834      0.00000014      0.19264633      1.44218331      1.98665661      0.99981604      0.76845662      0.49092543      0.49092543      0.57683612      0.16152847      2.10000000    -10.00000000
    -55.65217391      0.00000000      0.00000000      0.00000000      0.00000000      0.00000071      0.94709735      0.00000014      0.19098955      1.42758224      1.98673763      0.99981604      0.76765217      0.49096901      0.49096901      0.57653002      0.16036207      2.10000000    -10.00000000
    -55.81939799      0.00000000      0.00000000      0.00000000      0.00000000      0.00000069      0.93852810      0.00000014      0.18933047      1.41415029      1.98681781      0.99981604      0.76685104      0.49101217      0.49101217      0.57622500      0.15919080      2.10000000    -10.00000000
    -55.98662207      0.00000000      0.00000000      0.00000000      0.00000000      0.00000068      0.93030034      0.00000013      0.18767239      1.40174008      1.98689718      0.99981604      0.76609828      0.49105491      0.49105491      0.57592381      0.15801696      2.10000000    -10.00000000
    -56.15384615      0.00000000      0.00000000      0.00000000      0.00000000      0.00000066      0.92237999      0.00000013      0.18601810      1.39022803      1.98697575      0.99981604      0.76525814      0.49109724      0.49109724      0.57562413      0.15684255      2.10000000    -10.00000000
    -56.32107023      0.00000000      0.00000000      0.00000000      0.00000000      0.00000065      0.91473807      0.00000012      0.18436998      1.37950984      1.98705346      0.99981604      0.76446656      0.49113916      0.49113916      0.57532613      0.15566925      2.10000000    -10.00000000
    -56.48829431      0.00000000      0.00000000      0.00000000      0.00000000      0.00000064      0.90734970      0.00000012      0.18273000      1.36949694      1.98713052      0.99981604      0.76367799      0.49118069      0.49118069      0.57503115      0.15449849      2.10000000    -10.00000000
    -56.65551839      0.00000000      0.00000000      0.00000000      0.00000000      0.00000063      0.90019345      0.00000012      0.18109981      1.36011369      1.98720671      0.99981604      0.76289379      0.49122183      0.49122183      0.57473729      0.15333151      2.10000000    -10.00000000
    -56.82274247      0.00000000      0.00000000      0.00000000      0.00000000      0.00000061      0.89325069      0.00000011      0.17948081      1.35129512      1.98728222      0.99981604      0.76211126      0.49126257      0.49126257      0.57444860      0.15216934      2.10000000    -10.00000000
    -56.98996656      0.00000000      0.00000000      0.00000000      0.00000000      0.00000060      0.88650516      0.00000011      0.17787415      1.34298513      1.98735694      0.99981604      0.76133262      0.49130294      0.49130294      0.57415945      0.15101287      2.10000000    -10.00000000
    -57.15719064      0.00000000      0.00000000      0.00000000      0.00000000      0.00000059      0.87994259      0.00000011      0.17628079      1.33513507      1.98743093      0.99981604      0.76055640      0.49134293      0.49134293      0.57386985      0.14986285      2.10000000    -10.00000000
    -57.32441472      0.00000000      0.00000000      0.00000000      0.00000000      0.00000058      0.87355037      0.00000011      0.17470151      1.32770248      1.98750420      0.99981604      0.75978420      0.49138255      0.49138255      0.57357980      0.14871991      2.10000000    -10.00000000
    -57.49163880      0.00000000      0.00000000      0.00000000      0.00000000      0.00000057      0.86731734      0.00000010      0.17313695      1.32065022      1.98757675      0.99981604      0.75901602      0.49142181      0.49142181      0.57330222      0.14758460      2.10000000    -10.00000000
    -57.65886288      0.00000000      0.00000000      0.00000000      0.00000000      0.00000056      0.86123353      0.00000010      0.17158763      1.31394560      1.98764859      0.99981604      0.75825057      0.49146071      0.49146071      0.57302139      0.14645736      2.10000000    -10.00000000
    -57.82608696      0.00000000      0.00000000      0.00000000      0.00000000      0.00000055      0.85529004      0.00000010      0.17005398      1.30755977      1.98771974      0.99981604      0.75748772      0.49149925      0.49149925      0.57274257      0.14533857      2.10000000    -10.00000000
    -57.99331104      0.00000000      0.00000000      0.00000000      0.00000000      0.00000054      0.84947884      0.00000010      0.16853629      1.30146713      1.98779021      0.99981604      0.75672836      0.49153744      0.49153744      0.57246535      0.14422855      2.10000000    -10.00000000
    -58.16053512      0.00000000      0.00000000      0.00000000      0.00000000      0.00000053      0.84379272      0.00000009      0.16703484      1.29564493      1.98786000      0.99981604      0.75596800      0.49157528      0.49157528      0.57219015      0.14312755      2.10000000    -10.00000000
    -58.32775920      0.00000000      0.00000000      0.00000000      0.00000000      0.00000052      0.83822511      0.00000009      0.16554978      1.29007284      1.98792913      0.99981604      0.75521816      0.49161278      0.49161278      0.57191682      0.14203579      2.10000000    -10.00000000
    -58.49498328      0.00000000      0.00000000      0.00000000      0.00000000      0.00000051      0.83277005      0.00000009      0.16408125      1.28473264      1.98799760      0.99981604      0.75446555      0.49164995      0.49164995      0.57164099      0.14095343      2.10000000    -10.00000000
    -58.66220736      0.00000000      0.00000000      0.00000000      0.00000000      0.00000050      0.82742212      0.00000009      0.16262931      1.27960798      1.98806542      0.99981604      0.75372281      0.49168679      0.49168679      0.57137597      0.13988062      2.10000000    -10.00000000
    -58.82943144      0.00000000      0.00000000      0.00000000      0.00000000      0.00000049      0.82217633      0.00000009      0.16119400      1.27468410      1.98813260      0.99981604      0.75297992      0.49172330      0.49172330      0.57110841      0.13881746      2.10000000    -10.00000000
    -58.99665552      0.00000000      0.00000000      0.00000000      0.00000000      0.00000048      0.81702810      0.00000008      0.15977531      1.26994765      1.98819915      0.99981604      0.75225215      0.49175948      0.49175948      0.57084266      0.13776402      2.10000000    -10.00000000
    -59.16387960      0.00000000      0.00000000      0.00000000      0.00000000      0.00000047      0.81197324      0.00000008      0.15837321      1.26538655      1.98826509      0.99981604      0.75150269      0.49179535      0.49179535      0.57057865      0.13672037      2.10000000    -10.00000000
    -59.33110368      0.00000000      0.00000000      0.00000000      0.00000000      0.00000046      0.80700784      0.00000008      0.15698764      1.26098978      1.98833040      0.99981604      0.75076334      0.49183090      0.49183090      0.57031661      0.13568653      2.10000000    -10.00000000
    -59.49832776      0.00000000      0.00000000      0.00000000      0.00000000      0.00000046      0.80212831      0.00000008      0.15561850      1.25674734      1.98839512      0.99981604      0.75003806      0.49186615      0.49186615      0.57005667      0.13466252      2.10000000    -10.00000000
    -59.66555184      0.00000000      0.00000000      0.00000000      0.00000000      0.00000045      0.79733130      0.00000008      0.15426570      1.25265006      1.98845924      0.99981604      0.74931028      0.49190108      0.49190108      0.56979779      0.13364834      2.10000000    -10.00000000
    -59.83277592      0.00000000      0.00000000      0.00000000      0.00000000      0.00000044      0.79261370      0.00000008      0.15292912      1.24868955      1.98852276      0.99981604      0.74858628      0.49193572      0.49193572      0.56954102      0.13264399      2.10000000    -10.00000000
    -60.00000000      0.00000000      0.00000000      0.00000000      0.00000000      0.00000043      0.78797259      0.00000007      0.15160861      1.24485813      1.98858571      0.99981604      0.74786531      0.49197006      0.49197006      0.56928575      0.13164943      2.10000000    -10.00000000
