    -10.00000000     -0.00000000     -0.00000000      0.00000000      0.00000000      0.03312504      0.00000147      0.01333655      0.00000000      1.27478581      0.00000000      0.99983559      0.50002209      0.50002852      0.50002852      0.49999661      0.00000000      4.80000000    -10.00000000
     -9.83277592     -0.00000000     -0.00000000      0.00000000      0.00000000      0.03302811      0.02721862      0.01331275      0.00017645      1.27624542      0.00000000      0.99983559      0.50040811      0.49983952      0.49983952      0.50017813      0.00017642      4.80000000    -10.00000000
     -9.66555184     -0.00000000     -0.00000000      0.00000000      0.00000000      0.03305988      0.05436544      0.01329016      0.00070581      1.27285548      0.00000000      0.99983559      0.50121305      0.49968185      0.49968185      0.50073323      0.00070531      4.80000000    -10.00000000
     -9.49832776     -0.00000000     -0.00000000      0.00000000      0.00000000      0.03312246      0.08124298      0.01325271      0.00158366      1.26687100      0.00000000      0.99983559      0.50292560      0.49952436      0.49952436      0.50095239      0.00158115      4.80000000    -10.00000000
     -9.33110368     -0.00000000     -0.00000000      0.00000000      0.00000000      0.03320539      0.10776348      0.01320055      0.00280434      1.25873338      0.00000000      0.99983559      0.50353394      0.49936872      0.49936872      0.50085693      0.00279650      4.80000000    -10.00000000
     -9.16387960     -0.00000000     -0.00000000      0.00000000      0.00000000      0.03330817      0.13382180      0.01313393      0.00435995      1.24851614      0.00000000      0.99983559      0.50328602      0.49921552      0.49921552      0.50087320      0.00434102      4.80000000    -10.00000000
     -8.99665552     -0.00000000     -0.00000000      0.00000000      0.00000000      0.03343114      0.15931142      0.01305315      0.00624023      1.23627338      0.00000000      0.99983559      0.50337254      0.49906523      0.49906523      0.50091862      0.00620153      4.80000000    -10.00000000
     -8.82943144     -0.00000000     -0.00000000      0.00000000      0.00000000      0.03357458      0.18412774      0.01295860      0.00843261      1.22207518      0.00000000      0.99983559      0.50353836      0.49891948      0.49891948      0.50097397      0.00836210      4.80000000    -10.00000000
     -8.66220736     -0.00000000     -0.00000000      0.00000000      0.00000000      0.03373858      0.20817028      0.01285073      0.01092214      1.20601059      0.00000000      0.99983559      0.50373167      0.49877800      0.49877800      0.50102006      0.01080414      4.80000000    -10.00000000
     -8.49498328     -0.00000000     -0.00000000      0.00000000      0.00000000      0.03392310      0.23134404      0.01273002      0.01369160      1.18818447      0.00000000      0.99983559      0.50395075      0.49863545      0.49863545      0.50109056      0.01350667      4.80000000    -10.00000000
     -8.32775920     -0.00000000     -0.00000000      0.00000000      0.00000000      0.03412796      0.25356040      0.01259703      0.01672153      1.16871408      0.00000000      0.99983559      0.50411727      0.49849847      0.49849847      0.50114914      0.01644652      4.80000000    -10.00000000
     -8.16053512     -0.00000000     -0.00000000      0.00000000      0.00000000      0.03435295      0.27473778      0.01245237      0.01999033      1.14772620      0.00000000      0.99983559      0.50429423      0.49836746      0.49836746      0.50121236      0.01959855      4.80000000    -10.00000000
     -7.99331104     -0.00000000     -0.00000000      0.00000000      0.00000000      0.03459780      0.29480196      0.01229667      0.02347431      1.12535470      0.00000000      0.99983559      0.50446475      0.49824243      0.49824243      0.50126754      0.02293591      4.80000000    -10.00000000
     -7.82608696     -0.00000000     -0.00000000      0.00000000      0.00000000      0.03486220      0.31368636      0.01213062      0.02714778      1.10173839      0.00000000      0.99983559      0.50461138      0.49812415      0.49812415      0.50132068      0.02643026      4.80000000    -10.00000000
     -7.65886288     -0.00000000     -0.00000000      0.00000000      0.00000000      0.03514579      0.33133200      0.01195491      0.03098310      1.07701902      0.00000000      0.99983559      0.50471982      0.49801242      0.49801242      0.50134735      0.03005200      4.80000000    -10.00000000
     -7.49163880     -0.00000000     -0.00000000      0.00000000      0.00000000      0.03544819      0.34768756      0.01177028      0.03495078      1.05133952      0.00000000      0.99983559      0.50476443      0.49790937      0.49790937      0.50137014      0.03377047      4.80000000    -10.00000000
     -7.32441472     -0.00000000     -0.00000000      0.00000000      0.00000000      0.03576897      0.36270925      0.01157746      0.03901950      1.02484230      0.00000000      0.99983559      0.50471834      0.49781352      0.49781352      0.50130469      0.03755416      4.80000000    -10.00000000
     -7.15719064     -0.00000000     -0.00000000      0.00000000      0.00000000      0.03610766      0.37636066      0.01137719      0.04315628      0.99766772      0.00000000      0.99983559      0.50458411      0.49772629      0.49772629      0.50137782      0.04137087      4.80000000    -10.00000000
     -6.98996656     -0.00000000     -0.00000000      0.00000000      0.00000000      0.03646377      0.38861254      0.01117023      0.04732652      0.96995281      0.00000000      0.99983559      0.50417266      0.49764848      0.49764848      0.50136548      0.04518793      4.80000000    -10.00000000
     -6.82274247     -0.00000000     -0.00000000      0.00000000      0.00000000      0.03683677      0.39944263      0.01095731      0.05149414      0.94182998      0.00000000      0.99983559      0.50396851      0.49757904      0.49757904      0.50135911      0.04897235      4.80000000    -10.00000000
     -6.65551839     -0.00000000     -0.00000000      0.00000000      0.00000000      0.03722608      0.40883526      0.01073916      0.05562177      0.91342609      0.00000000      0.99983559      0.50424333      0.49752009      0.49752009      0.50132289      0.05269100      4.80000000    -10.00000000
     -6.48829431     -0.00000000     -0.00000000      0.00000000      0.00000000      0.03763108      0.41678152      0.01051651      0.05967097      0.88486152      0.00000000      0.99983559      0.50446385      0.49747145      0.49747145      0.50127851      0.05631085      4.80000000    -10.00000000
     -6.32107023     -0.00000000     -0.00000000      0.00000000      0.00000000      0.03805114      0.42327778      0.01029006      0.06360219      0.85624960      0.00000000      0.99983559      0.50460023      0.49743352      0.49743352      0.50121732      0.05979885      4.80000000    -10.00000000
     -6.15384615     -0.00000000     -0.00000000      0.00000000      0.00000000      0.03848558      0.42832616      0.01006048      0.06737517      0.82769600      0.00000000      0.99983559      0.50465707      0.49740697      0.49740697      0.50114025      0.06312229      4.80000000    -10.00000000
     -5.98662207     -0.00000000     -0.00000000      0.00000000      0.00000000      0.03893367      0.43193446      0.00982843      0.07094933      0.79929838      0.00000000      0.99983559      0.50475754      0.49739151      0.49739151      0.50104689      0.06624901      4.80000000    -10.00000000
     -5.81939799     -0.00000000     -0.00000000      0.00000000      0.00000000      0.03939466      0.43411487      0.00959453      0.07428380      0.77114617      0.00000000      0.99983559      0.50463075      0.49738895      0.49738895      0.50093333      0.06914728      4.80000000    -10.00000000
     -5.65217391     -0.00000000     -0.00000000      0.00000000      0.00000000      0.03986776      0.43488395      0.00935939      0.07733786      0.74332050      0.00000000      0.99983559      0.50446851      0.49739820      0.49739820      0.50079786      0.07178608      4.80000000    -10.00000000
     -5.48494983     -0.00000000     -0.00000000      0.00000000      0.00000000      0.04035215      0.43426213      0.00912358      0.08007124      0.71589420      0.00000000      0.99983559      0.50433055      0.49742053      0.49742053      0.50063802      0.07413515      4.80000000    -10.00000000
     -5.31772575     -0.00000000     -0.00000000      0.00000000      0.00000000      0.04084697      0.43227330      0.00888763      0.08244456      0.68893193      0.00000000      0.99983559      0.50401389      0.49745695      0.49745695      0.50045495      0.07616516      4.80000000    -10.00000000
     -5.15050167     -0.00000000     -0.00000000      0.00000000      0.00000000      0.04135133      0.42894439      0.00865205      0.08441972      0.66249038      0.00000000      0.99983559      0.50369248      0.49750081      0.49750081      0.50023519      0.07784783      4.80000000    -10.00000000
     -4.98327759     -0.00000000     -0.00000000      0.00000000      0.00000000      0.04186431      0.42430493      0.00841730      0.08596038      0.63661858      0.00000000      0.99983559      0.50345269      0.49756610      0.49756610      0.49985495      0.07915610      4.80000000    -10.00000000
     -4.81605351     -0.00000000     -0.00000000      0.00000000      0.00000000      0.04238495      0.41838668      0.00818384      0.08703249      0.61135825      0.00000000      0.99983559      0.50283772      0.49763984      0.49763984      0.49977286      0.08006430      4.80000000    -10.00000000
     -4.64882943     -0.00000000     -0.00000000      0.00000000      0.00000000      0.04291227      0.41122326      0.00795207      0.08760484      0.58674413      0.00000000      0.99983559      0.50232013      0.49773268      0.49773268      0.49959709      0.08054841      4.80000000    -10.00000000
     -4.48160535     -0.00000000     -0.00000000      0.00000000      0.00000000      0.04344525      0.40284984      0.00772235      0.08764968      0.56280451      0.00000000      0.99983559      0.50173430      0.49783881      0.49783881      0.49943056      0.08058631      4.80000000    -10.00000000
     -4.31438127     -0.00000000     -0.00000000      0.00000000      0.00000000      0.04398285      0.39330274      0.00749504      0.08714339      0.53956158      0.00000000      0.99983559      0.50108365      0.49795980      0.49795980      0.49923984      0.08015814      4.80000000    -10.00000000
     -4.14715719     -0.00000000     -0.00000000      0.00000000      0.00000000      0.04452401      0.38261924      0.00727045      0.08606721      0.51703198      0.00000000      0.99983559      0.50036790      0.49809572      0.49809572      0.49902388      0.07924667      4.80000000    -10.00000000
     -3.97993311     -0.00000000     -0.00000000      0.00000000      0.00000000      0.04506762      0.37083724      0.00704886      0.08440802      0.49522721      0.00000000      0.99983559      0.49958577      0.49824709      0.49824709      0.49878459      0.07783788      4.80000000    -10.00000000
     -3.81270903     -0.00000000     -0.00000000      0.00000000      0.00000000      0.04561258      0.35799504      0.00683052      0.08215916      0.47415412      0.00000000      0.99983559      0.49874423      0.49841316      0.49841316      0.49852165      0.07592151      4.80000000    -10.00000000
     -3.64548495     -0.00000000     -0.00000000      0.00000000      0.00000000      0.04615772      0.34413111      0.00661566      0.07932136      0.45381539      0.00000000      0.99983559      0.49786058      0.49859576      0.49859576      0.49823485      0.07349189      4.80000000    -10.00000000
     -3.47826087     -0.00000000     -0.00000000      0.00000000      0.00000000      0.04670189      0.32928394      0.00640448      0.07590368      0.43420992      0.00000000      0.99983559      0.49685654      0.49879346      0.49879346      0.49791966      0.07054877      4.80000000    -10.00000000
     -3.31103679     -0.00000000     -0.00000000      0.00000000      0.00000000      0.04724390      0.31349177      0.00619715      0.07192454      0.41533329      0.00000000      0.99983559      0.49577960      0.49900532      0.49900532      0.49759209      0.06709851      4.80000000    -10.00000000
     -3.14381271     -0.00000000     -0.00000000      0.00000000      0.00000000      0.04778254      0.29679252      0.00599383      0.06741276      0.39717814      0.00000000      0.99983559      0.49467942      0.49923596      0.49923596      0.49723774      0.06315528      4.80000000    -10.00000000
     -2.97658863     -0.00000000     -0.00000000      0.00000000      0.00000000      0.04831659      0.27922359      0.00579464      0.06240877      0.37973456      0.00000000      0.99983559      0.49357026      0.49947544      0.49947544      0.49685871      0.05874271      4.80000000    -10.00000000
     -2.80936455     -0.00000000     -0.00000000      0.00000000      0.00000000      0.04884481      0.26082173      0.00559968      0.05696576      0.36299044      0.00000000      0.99983559      0.49235216      0.49974022      0.49974022      0.49645821      0.05389556      4.80000000    -10.00000000
     -2.64214047     -0.00000000     -0.00000000      0.00000000      0.00000000      0.04936595      0.24162299      0.00540905      0.05115098      0.34693177      0.00000000      0.99983559      0.49107625      0.50001440      0.50001440      0.49603618      0.04866188      4.80000000    -10.00000000
     -2.47491639     -0.00000000     -0.00000000      0.00000000      0.00000000      0.04987878      0.22166255      0.00522282      0.04504704      0.33154300      0.00000000      0.99983559      0.48974852      0.50031323      0.50031323      0.49559245      0.04310528      4.80000000    -10.00000000
     -2.30769231     -0.00000000     -0.00000000      0.00000000      0.00000000      0.05038203      0.20097468      0.00504104      0.03875334      0.31680723      0.00000000      0.99983559      0.48837636      0.50061075      0.50061075      0.49515245      0.03730755      4.80000000    -10.00000000
     -2.14046823     -0.00000000     -0.00000000      0.00000000      0.00000000      0.05087445      0.17959269      0.00486375      0.03238747      0.30270654      0.00000000      0.99983559      0.48702580      0.50093067      0.50093067      0.49464435      0.03137143      4.80000000    -10.00000000
     -1.97324415     -0.00000000     -0.00000000      0.00000000      0.00000000      0.05135480      0.15754885      0.00469097      0.02608678      0.28922219      0.00000000      0.99983559      0.48547907      0.50126898      0.50126898      0.49413807      0.02542356      4.80000000    -10.00000000
     -1.80602007     -0.00000000     -0.00000000      0.00000000      0.00000000      0.05182185      0.13487438      0.00452270      0.02000990      0.27633480      0.00000000      0.99983559      0.48382205      0.50161953      0.50161953      0.49360946      0.01961735      4.80000000    -10.00000000
     -1.63879599     -0.00000000     -0.00000000      0.00000000      0.00000000      0.05227437      0.11159938      0.00435896      0.01433840      0.26402459      0.00000000      0.99983559      0.48212242      0.50198381      0.50198381      0.49306765      0.01413572      4.80000000    -10.00000000
     -1.47157191     -0.00000000     -0.00000000      0.00000000      0.00000000      0.05271117      0.08775288      0.00419972      0.00927846      0.25227150      0.00000000      0.99983559      0.48058415      0.50236476      0.50236476      0.49251111      0.00919317      4.80000000    -10.00000000
     -1.30434783     -0.00000000     -0.00000000      0.00000000      0.00000000      0.05313106      0.06336279      0.00404497      0.00506260      0.24105534      0.00000000      0.99983559      0.47855601      0.50275367      0.50275367      0.49192367      0.00503710      4.80000000    -10.00000000
     -1.13712375     -0.00000000     -0.00000000      0.00000000      0.00000000      0.05353289      0.03845589      0.00389466      0.00195141      0.23035594      0.00000000      0.99983559      0.47670358      0.50316306      0.50316306      0.49140976      0.00194761      4.80000000    -10.00000000
     -0.96989967     -0.00000000     -0.00000000      0.00000000      0.00000000      0.05391554      0.01305788      0.00374877      0.00023542      0.22015326      0.00000000      0.99983559      0.47480562      0.50357488      0.50357488      0.49072029      0.00023536      4.80000000    -10.00000000
     -0.80267559     -0.00000000     -0.00000000      0.00000000      0.00000000      0.05427794     -0.01280663      0.00360724      0.00023691      0.21042744      0.00000000      0.99983559      0.47285204      0.50401194      0.50401194      0.49008681      0.00023686      4.80000000    -10.00000000
     -0.63545151     -0.00000000     -0.00000000      0.00000000      0.00000000      0.05461903     -0.03911410      0.00347003      0.00231179      0.20115893      0.00000000      0.99983559      0.47061458      0.50444535      0.50444535      0.48944258      0.00230646      4.80000000    -10.00000000
     -0.46822742     -0.00000000     -0.00000000      0.00000000      0.00000000      0.05493780     -0.06584204      0.00333707      0.00685148      0.19232855      0.00000000      0.99983559      0.46889369      0.50489475      0.50489475      0.48878532      0.00680486      4.80000000    -10.00000000
     -0.30100334     -0.00000000     -0.00000000      0.00000000      0.00000000      0.05523332     -0.09296898      0.00320829      0.01428481      0.18391752      0.00000000      0.99983559      0.46674422      0.50535860      0.50535860      0.48811770      0.01408363      4.80000000    -10.00000000
     -0.13377926     -0.00000000     -0.00000000      0.00000000      0.00000000      0.05550466     -0.12047445      0.00308364      0.02507997      0.17590755      0.00000000      0.99983559      0.46463789      0.50583010      0.50583010      0.48744426      0.02446635      4.80000000    -10.00000000
      0.03344482     -0.00000000     -0.00000000      0.00000000      0.00000000      0.05575099     -0.14833891      0.00296304      0.03974633      0.16828082      0.00000000      0.99983559      0.46248844      0.50631020      0.50631020      0.48676220      0.03822695      4.80000000    -10.00000000
      0.20066890     -0.00000000     -0.00000000      0.00000000      0.00000000      0.05597150     -0.17654378      0.00284640      0.05883644      0.16102006      0.00000000      0.99983559      0.46029888      0.50679938      0.50679938      0.48604427      0.05556707      4.80000000    -10.00000000
      0.36789298     -0.00000000     -0.00000000      0.00000000      0.00000000      0.05616547     -0.20507135      0.00273367      0.08294777      0.15410856      0.00000000      0.99983559      0.45807141      0.50729491      0.50729491      0.48526751      0.07659444      4.80000000    -10.00000000
      0.53511706     -0.00000000     -0.00000000      0.00000000      0.00000000      0.05633222     -0.23390477      0.00262475      0.11272464      0.14753015      0.00000000      0.99983559      0.45582079      0.50779779      0.50779779      0.48450437      0.10130507      4.80000000    -10.00000000
      0.70234114     -0.00000000     -0.00000000      0.00000000      0.00000000      0.05647116     -0.26302800      0.00251956      0.14885991      0.14126928      0.00000000      0.99983559      0.45352970      0.50830666      0.50830666      0.48375335      0.12957185      4.80000000    -10.00000000
      0.86956522     -0.00000000     -0.00000000      0.00000000      0.00000000      0.05658176     -0.29242578      0.00241802      0.19209668      0.13531095      0.00000000      0.99983559      0.45121558      0.50882094      0.50882094      0.48298118      0.16114187      4.80000000    -10.00000000
      1.03678930     -0.00000000     -0.00000000      0.00000000      0.00000000      0.05666355     -0.32208357      0.00232004      0.24322995      0.12964077      0.00000000      0.99983559      0.44887841      0.50933974      0.50933974      0.48219752      0.19564357      4.80000000    -10.00000000
      1.20401338     -0.00000000     -0.00000000      0.00000000      0.00000000      0.05671616     -0.35198755      0.00222554      0.30310797      0.12424495      0.00000000      0.99983559      0.44651737      0.50986208      0.50986208      0.48140877      0.23260388      4.80000000    -10.00000000
      1.37123746     -0.00000000     -0.00000000      0.00000000      0.00000000      0.05673926     -0.38212451      0.00213443      0.37263367      0.11911027      0.00000000      0.99983559      0.44413706      0.51038682      0.51038682      0.48068548      0.27147350      4.80000000    -10.00000000
      1.53846154     -0.00000000     -0.00000000      0.00000000      0.00000000      0.05673264     -0.41248186      0.00204664      0.45276567      0.11422410      0.00000000      0.99983559      0.44169339      0.51091435      0.51091435      0.47981018      0.31165774      4.80000000    -10.00000000
      1.70568562     -0.00000000     -0.00000000      0.00000000      0.00000000      0.05669613     -0.44304760      0.00196206      0.54451915      0.10957441      0.00000000      0.99983559      0.43933418      0.51144423      0.51144423      0.47900402      0.35254930      4.80000000    -10.00000000
      1.87290970     -0.00000000     -0.00000000      0.00000000      0.00000000      0.05662965     -0.47381021      0.00188062      0.64896640      0.10514972      0.00000000      0.99983559      0.43689840      0.51197214      0.51197214      0.47819456      0.39355950      4.80000000    -10.00000000
      2.04013378     -0.00000000     -0.00000000      0.00000000      0.00000000      0.05653322     -0.50475871      0.00180224      0.76723695      0.10093915      0.00000000      0.99983559      0.43446288      0.51250032      0.51250032      0.47738270      0.43414492      4.80000000    -10.00000000
      2.20735786     -0.00000000     -0.00000000      0.00000000      0.00000000      0.05640691     -0.53588258      0.00172683      0.90051733      0.09693235      0.00000000      0.99983559      0.43201866      0.51302980      0.51302980      0.47656976      0.47382748      4.80000000    -10.00000000
      2.37458194     -0.00000000     -0.00000000      0.00000000      0.00000000      0.05625086     -0.56717184      0.00165432      1.05005038      0.09311951      0.00000000      0.99983559      0.42969375      0.51355278      0.51355278      0.47575576      0.51220711      4.80000000    -10.00000000
      2.54180602     -0.00000000     -0.00000000      0.00000000      0.00000000      0.05606528     -0.59861700      0.00158462      1.21713423      0.08949136      0.00000000      0.99983559      0.42711489      0.51407494      0.51407494      0.47494255      0.54896732      4.80000000    -10.00000000
      2.70903010     -0.00000000     -0.00000000      0.00000000      0.00000000      0.05585046     -0.63020920      0.00151765      1.40312104      0.08603910      0.00000000      0.99983559      0.42466442      0.51459377      0.51459377      0.47413065      0.58387448      4.80000000    -10.00000000
      2.87625418     -0.00000000     -0.00000000      0.00000000      0.00000000      0.05560671     -0.66194023      0.00145334      1.60941576      0.08275435      0.00000000      0.99983559      0.42221314      0.51510706      0.51510706      0.47335007      0.61677245      4.80000000    -10.00000000
      3.04347826     -0.00000000     -0.00000000      0.00000000      0.00000000      0.05533441     -0.69380266      0.00139161      1.83747513      0.07962913      0.00000000      0.99983559      0.41976456      0.51561666      0.51561666      0.47251433      0.64757400      4.80000000    -10.00000000
      3.21070234     -0.00000000     -0.00000000      0.00000000      0.00000000      0.05503397     -0.72578983      0.00133237      2.08880715      0.07665578      0.00000000      0.99983559      0.41732283      0.51611790      0.51611790      0.47171218      0.67625043      4.80000000    -10.00000000
      3.37792642     -0.00000000     -0.00000000      0.00000000      0.00000000      0.05470587     -0.75789584      0.00127555      2.36497083      0.07382692      0.00000000      0.99983559      0.41488987      0.51661657      0.51661657      0.47090872      0.70282060      4.80000000    -10.00000000
      3.54515050     -0.00000000     -0.00000000      0.00000000      0.00000000      0.05435063     -0.79011549      0.00122107      2.66757598      0.07113541      0.00000000      0.99983559      0.41247205      0.51710574      0.51710574      0.47012225      0.72734035      4.80000000    -10.00000000
      3.71237458     -0.00000000     -0.00000000      0.00000000      0.00000000      0.05396882     -0.82244408      0.00116884      2.99828262      0.06857435      0.00000000      0.99983559      0.41007177      0.51758677      0.51758677      0.46933585      0.74989262      4.80000000    -10.00000000
      3.87959866     -0.00000000     -0.00000000      0.00000000      0.00000000      0.05356111     -0.85487723      0.00111878      3.35879944      0.06613707      0.00000000      0.99983559      0.40767193      0.51806080      0.51806080      0.46855745      0.77057903      4.80000000    -10.00000000
      4.04682274     -0.00000000     -0.00000000      0.00000000      0.00000000      0.05312822     -0.88741076      0.00107081      3.75088152      0.06381717      0.00000000      0.99983559      0.40529592      0.51852327      0.51852327      0.46778539      0.78951275      4.80000000    -10.00000000
      4.21404682     -0.00000000     -0.00000000      0.00000000      0.00000000      0.05267093     -0.92004056      0.00102485      4.17632725      0.06160854      0.00000000      0.99983559      0.40293810      0.51897725      0.51897725      0.46702529      0.80681283      4.80000000    -10.00000000
      4.38127090     -0.00000000     -0.00000000      0.00000000      0.00000000      0.05219010     -0.95276258      0.00098083      4.63697501      0.05950537      0.00000000      0.99983559      0.40060228      0.51942083      0.51942083      0.46627317      0.82259989      4.80000000    -10.00000000
      4.54849498     -0.00000000     -0.00000000      0.00000000      0.00000000      0.05168663     -0.98557282      0.00093867      5.13469966      0.05750213      0.00000000      0.99983559      0.39828938      0.51985546      0.51985546      0.46553106      0.83699283      4.80000000    -10.00000000
      4.71571906     -0.00000000     -0.00000000      0.00000000      0.00000000      0.05116147     -1.01846736      0.00089829      5.67140907      0.05559360      0.00000000      0.99983559      0.39600006      0.52027757      0.52027757      0.46479985      0.85010663      4.80000000    -10.00000000
      4.88294314     -0.00000000     -0.00000000      0.00000000      0.00000000      0.05061561     -1.05144238      0.00085963      6.24904041      0.05377484      0.00000000      0.99983559      0.39373455      0.52068459      0.52068459      0.46408000      0.86205071      4.80000000    -10.00000000
      5.05016722     -0.00000000     -0.00000000      0.00000000      0.00000000      0.05005005     -1.08449418      0.00082262      6.86955610      0.05204120      0.00000000      0.99983559      0.39149640      0.52107973      0.52107973      0.46337243      0.87292803      4.80000000    -10.00000000
      5.21739130     -0.00000000     -0.00000000      0.00000000      0.00000000      0.04946584     -1.11761924      0.00078720      7.53493936      0.05038827      0.00000000      0.99983559      0.38960754      0.52146262      0.52146262      0.46267708      0.88283455      4.80000000    -10.00000000
      5.38461538     -0.00000000     -0.00000000      0.00000000      0.00000000      0.04886402     -1.15081415      0.00075329      8.24718909      0.04881193      0.00000000      0.99983559      0.38714555      0.52183249      0.52183249      0.46199497      0.89185903      4.80000000    -10.00000000
      5.55183946     -0.00000000     -0.00000000      0.00000000      0.00000000      0.04824568     -1.18407566      0.00072085      9.00831435      0.04730825      0.00000000      0.99983559      0.38492115      0.52218937      0.52218937      0.46132653      0.90008307      4.80000000    -10.00000000
      5.71906355     -0.00000000     -0.00000000      0.00000000      0.00000000      0.04761189     -1.21740066      0.00068981      9.82032829      0.04587357      0.00000000      0.99983559      0.38283097      0.52253283      0.52253283      0.46067228      0.90758136      4.80000000    -10.00000000
      5.88628763     -0.00000000     -0.00000000      0.00000000      0.00000000      0.04696374     -1.25078618      0.00066011     10.68524159      0.04450444      0.00000000      0.99983559      0.38073802      0.52286283      0.52286283      0.46003170      0.91442197      4.80000000    -10.00000000
      6.05351171     -0.00000000     -0.00000000      0.00000000      0.00000000      0.04630233     -1.28422940      0.00063170     11.60505555      0.04319759      0.00000000      0.99983559      0.37865024      0.52317818      0.52317818      0.45940654      0.92066675      4.80000000    -10.00000000
      6.22073579     -0.00000000     -0.00000000      0.00000000      0.00000000      0.04562874     -1.31772762      0.00060453     12.58175482      0.04194996      0.00000000      0.99983559      0.37668145      0.52348105      0.52348105      0.45879745      0.92637181      4.80000000    -10.00000000
      6.38795987     -0.00000000     -0.00000000      0.00000000      0.00000000      0.04494406     -1.35127827      0.00057855     13.61729962      0.04075868      0.00000000      0.99983559      0.37475611      0.52376894      0.52376894      0.45815645      0.93158791      4.80000000    -10.00000000
      6.55518395     -0.00000000     -0.00000000      0.00000000      0.00000000      0.04424938     -1.38487893      0.00055371     14.71361765      0.03962102      0.00000000      0.99983559      0.37285039      0.52404265      0.52404265      0.45762418      0.93636093      4.80000000    -10.00000000
      6.72240803     -0.00000000     -0.00000000      0.00000000      0.00000000      0.04354577     -1.41852726      0.00052996     15.87259567      0.03853443      0.00000000      0.99983559      0.37097873      0.52430213      0.52430213      0.45705170      0.94073230      4.80000000    -10.00000000
      6.88963211     -0.00000000     -0.00000000      0.00000000      0.00000000      0.04283427     -1.45222107      0.00050726     17.09607049      0.03749650      0.00000000      0.99983559      0.36914316      0.52454732      0.52454732      0.45662664      0.94473938      4.80000000    -10.00000000
      7.05685619     -0.00000000     -0.00000000      0.00000000      0.00000000      0.04211594     -1.48595825      0.00048557     18.38581950      0.03650495      0.00000000      0.99983559      0.36734813      0.52477821      0.52477821      0.45599921      0.94841590      4.80000000    -10.00000000
      7.22408027     -0.00000000     -0.00000000      0.00000000      0.00000000      0.04139179     -1.51973683      0.00046483     19.74355111      0.03555765      0.00000000      0.99983559      0.36559170      0.52499482      0.52499482      0.45549359      0.95179225      4.80000000    -10.00000000
      7.39130435     -0.00000000     -0.00000000      0.00000000      0.00000000      0.04066283     -1.55355490      0.00044502     21.17089417      0.03465258      0.00000000      0.99983559      0.36391289      0.52519376      0.52519376      0.45500249      0.95489582      4.80000000    -10.00000000
      7.55852843     -0.00000000     -0.00000000      0.00000000      0.00000000      0.03993004     -1.58741067      0.00042610     22.66938735      0.03378783      0.00000000      0.99983559      0.36220567      0.52538562      0.52538562      0.45449646      0.95775134      4.80000000    -10.00000000
      7.72575251     -0.00000000     -0.00000000      0.00000000      0.00000000      0.03919436     -1.62130243      0.00040802     24.24046790      0.03296162      0.00000000      0.99983559      0.36057624      0.52556002      0.52556002      0.45406389      0.96038108      4.80000000    -10.00000000
      7.89297659     -0.00000000     -0.00000000      0.00000000      0.00000000      0.03845673     -1.65522855      0.00039075     25.88546007      0.03217226      0.00000000      0.99983559      0.35898932      0.52572082      0.52572082      0.45358796      0.96280517      4.80000000    -10.00000000
      8.06020067     -0.00000000     -0.00000000      0.00000000      0.00000000      0.03771804     -1.68918750      0.00037427     27.60556322      0.03141815      0.00000000      0.99983559      0.35744513      0.52586760      0.52586760      0.45318639      0.96504177      4.80000000    -10.00000000
      8.22742475     -0.00000000     -0.00000000      0.00000000      0.00000000      0.03697915     -1.72317780      0.00035852     29.40183953      0.03069780      0.00000000      0.99983559      0.35594668      0.52600114      0.52600114      0.45294658      0.96710725      4.80000000    -10.00000000
      8.39464883     -0.00000000     -0.00000000      0.00000000      0.00000000      0.03624091     -1.75719806      0.00034349     31.27520166      0.03000978      0.00000000      0.99983559      0.35449167      0.52612156      0.52612156      0.45237037      0.96901646      4.80000000    -10.00000000
      8.56187291     -0.00000000     -0.00000000      0.00000000      0.00000000      0.03550412     -1.79124694      0.00032914     33.22640012      0.02935277      0.00000000      0.99983559      0.35299146      0.52622992      0.52622992      0.45198583      0.97078279      4.80000000    -10.00000000
      8.72909699     -0.00000000     -0.00000000      0.00000000      0.00000000      0.03476955     -1.82532319      0.00031544     35.25601086      0.02872552      0.00000000      0.99983559      0.35170822      0.52632385      0.52632385      0.45161702      0.97241837      4.80000000    -10.00000000
      8.89632107     -0.00000000     -0.00000000      0.00000000      0.00000000      0.03403792     -1.85942561      0.00030237     37.36444160      0.02812682      0.00000000      0.99983559      0.35038918      0.52640482      0.52640482      0.45126370      0.97393420      4.80000000    -10.00000000
      9.06354515     -0.00000000     -0.00000000      0.00000000      0.00000000      0.03330996     -1.89355304      0.00028989     39.55182972      0.02755560      0.00000000      0.99983559      0.34910341      0.52647379      0.52647379      0.45092629      0.97534020      4.80000000    -10.00000000
      9.23076923     -0.00000000     -0.00000000      0.00000000      0.00000000      0.03258631     -1.92770441      0.00027799     41.81820466      0.02701077      0.00000000      0.99983559      0.34786654      0.52653143      0.52653143      0.45062625      0.97664545      4.80000000    -10.00000000
      9.39799331     -0.00000000     -0.00000000      0.00000000      0.00000000      0.03186761     -1.96187868      0.00026663     44.16338174      0.02649131      0.00000000      0.99983559      0.34666820      0.52657623      0.52657623      0.45029799      0.97785817      4.80000000    -10.00000000
      9.56521739     -0.00000000     -0.00000000      0.00000000      0.00000000      0.03115446     -1.99607487      0.00025579     46.58669867      0.02599640      0.00000000      0.99983559      0.34551965      0.52661030      0.52661030      0.45004996      0.97898572      4.80000000    -10.00000000
      9.73244147     -0.00000000     -0.00000000      0.00000000      0.00000000      0.03044742     -2.03029206      0.00024545     49.08762201      0.02552505      0.00000000      0.99983559      0.34458805      0.52663346      0.52663346      0.44978554      0.98003499      4.80000000    -10.00000000
      9.89966555     -0.00000000     -0.00000000      0.00000000      0.00000000      0.02974701     -2.06452935      0.00023559     51.66514294      0.02507645      0.00000000      0.99983559      0.34334940      0.52664568      0.52664568      0.44953704      0.98101211      4.80000000    -10.00000000
     10.06688963     -0.00000000     -0.00000000      0.00000000      0.00000000      0.02905373     -2.09878592      0.00022619     54.31810945      0.02464979      0.00000000      0.99983559      0.34229657      0.52664765      0.52664765      0.44930367      0.98192274      4.80000000    -10.00000000
     10.23411371     -0.00000000     -0.00000000      0.00000000      0.00000000      0.02836803     -2.13306098      0.00021722     57.04492221      0.02424438      0.00000000      0.99983559      0.34134603      0.52663958      0.52663958      0.44908538      0.98277196      4.80000000    -10.00000000
     10.40133779     -0.00000000     -0.00000000      0.00000000      0.00000000      0.02769034     -2.16735377      0.00020866     59.84403156      0.02385944      0.00000000      0.99983559      0.34040777      0.52662181      0.52662181      0.44887979      0.98356453      4.80000000    -10.00000000
     10.56856187     -0.00000000     -0.00000000      0.00000000      0.00000000      0.02702105     -2.20166360      0.00020050     62.71340394      0.02349433      0.00000000      0.99983559      0.33951075      0.52659466      0.52659466      0.44874308      0.98430472      4.80000000    -10.00000000
     10.73578595     -0.00000000     -0.00000000      0.00000000      0.00000000      0.02636050     -2.23598980      0.00019272     65.65087376      0.02314838      0.00000000      0.99983559      0.33865425      0.52655850      0.52655850      0.44851791      0.98499645      4.80000000    -10.00000000
     10.90301003     -0.00000000     -0.00000000      0.00000000      0.00000000      0.02570905     -2.27033176      0.00018530     68.65398564      0.02282099      0.00000000      0.99983559      0.33783660      0.52651367      0.52651367      0.44835769      0.98564332      4.80000000    -10.00000000
     11.07023411     -0.00000000     -0.00000000      0.00000000      0.00000000      0.02506697     -2.30468889      0.00017822     71.72011809      0.02251154      0.00000000      0.99983559      0.33705954      0.52646048      0.52646048      0.44821021      0.98624865      4.80000000    -10.00000000
     11.23745819     -0.00000000     -0.00000000      0.00000000      0.00000000      0.02443454     -2.33906065      0.00017147     74.84635731      0.02221948      0.00000000      0.99983559      0.33632413      0.52639855      0.52639855      0.44807408      0.98681545      4.80000000    -10.00000000
     11.40468227     -0.00000000     -0.00000000      0.00000000      0.00000000      0.02381199     -2.37344654      0.00016503     78.02965197      0.02194425      0.00000000      0.99983559      0.33562784      0.52633048      0.52633048      0.44807228      0.98734652      4.80000000    -10.00000000
     11.57190635     -0.00000000     -0.00000000      0.00000000      0.00000000      0.02319953     -2.40784608      0.00015889     81.26684076      0.02168531      0.00000000      0.99983559      0.33496563      0.52625433      0.52625433      0.44784868      0.98784443      4.80000000    -10.00000000
     11.73913043     -0.00000000     -0.00000000      0.00000000      0.00000000      0.02259735     -2.44225884      0.00015303     84.55452717      0.02144213      0.00000000      0.99983559      0.33434225      0.52617118      0.52617118      0.44775361      0.98831155      4.80000000    -10.00000000
     11.90635452     -0.00000000     -0.00000000      0.00000000      0.00000000      0.02200561     -2.47668442      0.00014744     87.88925552      0.02121422      0.00000000      0.99983559      0.33375512      0.52608140      0.52608140      0.44767077      0.98875005      4.80000000    -10.00000000
     12.07357860     -0.00000000     -0.00000000      0.00000000      0.00000000      0.02142444     -2.51112244      0.00014210     91.26741263      0.02100108      0.00000000      0.99983559      0.33320505      0.52598527      0.52598527      0.44759981      0.98916194      4.80000000    -10.00000000
     12.24080268     -0.00000000     -0.00000000      0.00000000      0.00000000      0.02085393     -2.54557578      0.00013699     94.69681367      0.02079975      0.00000000      0.99983559      0.33269278      0.52588325      0.52588325      0.44754034      0.98955033      4.80000000    -10.00000000
     12.40802676     -0.00000000     -0.00000000      0.00000000      0.00000000      0.02029421     -2.58003747      0.00013213     98.15076496      0.02061483      0.00000000      0.99983559      0.33220816      0.52577527      0.52577527      0.44749209      0.98991435      4.80000000    -10.00000000
     12.57525084     -0.00000000     -0.00000000      0.00000000      0.00000000      0.01974535     -2.61450789      0.00012750    101.62602395      0.02044544      0.00000000      0.99983559      0.33176435      0.52566202      0.52566202      0.44745751      0.99025588      4.80000000    -10.00000000
     12.74247492     -0.00000000     -0.00000000      0.00000000      0.00000000      0.01920734     -2.64899253      0.00012306    105.14136569      0.02028660      0.00000000      0.99983559      0.33135280      0.52554373      0.52554373      0.44742849      0.99057860      4.80000000    -10.00000000
     12.90969900     -0.00000000     -0.00000000      0.00000000      0.00000000      0.01868025     -2.68348863      0.00011882    108.68610650      0.02013942      0.00000000      0.99983559      0.33097280      0.52542162      0.52542162      0.44741228      0.99088308      4.80000000    -10.00000000
     13.07692308     -0.00000000     -0.00000000      0.00000000      0.00000000      0.01816407     -2.71799452      0.00011477    112.24390490      0.02000580      0.00000000      0.99983559      0.33062485      0.52529295      0.52529295      0.44740612      0.99116950      4.80000000    -10.00000000
     13.24414716     -0.00000000     -0.00000000      0.00000000      0.00000000      0.01765881     -2.75251142      0.00011089    115.82405494      0.01988296      0.00000000      0.99983559      0.33030860      0.52516111      0.52516111      0.44740960      0.99144012      4.80000000    -10.00000000
     13.41137124     -0.00000000     -0.00000000      0.00000000      0.00000000      0.01716443     -2.78703865      0.00010718    119.41890763      0.01977126      0.00000000      0.99983559      0.33002383      0.52502530      0.52502530      0.44742282      0.99169566      4.80000000    -10.00000000
     13.57859532     -0.00000000     -0.00000000      0.00000000      0.00000000      0.01668090     -2.82157602      0.00010363    123.02518317      0.01967030      0.00000000      0.99983559      0.32977177      0.52488581      0.52488581      0.44744395      0.99193712      4.80000000    -10.00000000
     13.74581940     -0.00000000     -0.00000000      0.00000000      0.00000000      0.01620818     -2.85612333      0.00010023    126.63971961      0.01957968      0.00000000      0.99983559      0.32942402      0.52474291      0.52474291      0.44747516      0.99216545      4.80000000    -10.00000000
     13.91304348     -0.00000000     -0.00000000      0.00000000      0.00000000      0.01574617     -2.89068199      0.00009696    130.26879795      0.01949763      0.00000000      0.99983559      0.32932839      0.52459725      0.52459725      0.44751433      0.99238204      4.80000000    -10.00000000
     14.08026756     -0.00000000     -0.00000000      0.00000000      0.00000000      0.01529484     -2.92524710      0.00009385    133.88157775      0.01942790      0.00000000      0.99983559      0.32917313      0.52444786      0.52444786      0.44756153      0.99258609      4.80000000    -10.00000000
     14.24749164     -0.00000000     -0.00000000      0.00000000      0.00000000      0.01485407     -2.95982315      0.00009085    137.50233156      0.01936614      0.00000000      0.99983559      0.32903278      0.52429619      0.52429619      0.44761681      0.99277990      4.80000000    -10.00000000
     14.41471572     -0.00000000     -0.00000000      0.00000000      0.00000000      0.01442378     -2.99440857      0.00008798    141.12178670      0.01931299      0.00000000      0.99983559      0.32891643      0.52414205      0.52414205      0.44767998      0.99296378      4.80000000    -10.00000000
     14.58193980     -0.00000000     -0.00000000      0.00000000      0.00000000      0.01400383     -3.02900421      0.00008522    144.74302170      0.01926742      0.00000000      0.99983559      0.32882316      0.52398585      0.52398585      0.44774986      0.99313861      4.80000000    -10.00000000
     14.74916388     -0.00000000     -0.00000000      0.00000000      0.00000000      0.01359415     -3.06360638      0.00008257    148.33978925      0.01923224      0.00000000      0.99983559      0.32875752      0.52382744      0.52382744      0.44782768      0.99330386      4.80000000    -10.00000000
     14.91638796     -0.00000000     -0.00000000      0.00000000      0.00000000      0.01319457     -3.09821960      0.00008002    151.94347802      0.01920277      0.00000000      0.99983559      0.32871639      0.52366737      0.52366737      0.44791176      0.99346164      4.80000000    -10.00000000
     15.08361204     -0.00000000     -0.00000000      0.00000000      0.00000000      0.01280500     -3.13284012      0.00007758    155.52438162      0.01918225      0.00000000      0.99983559      0.32869843      0.52350590      0.52350590      0.44800207      0.99361122      4.80000000    -10.00000000
     15.25083612     -0.00000000     -0.00000000      0.00000000      0.00000000      0.01242527     -3.16746822      0.00007523    159.08491455      0.01916978      0.00000000      0.99983559      0.32846258      0.52334349      0.52334349      0.44809878      0.99375332      4.80000000    -10.00000000
     15.41806020     -0.00000000     -0.00000000      0.00000000      0.00000000      0.01205526     -3.20210550      0.00007296    162.63645632      0.01916350      0.00000000      0.99983559      0.32873371      0.52318018      0.52318018      0.44823728      0.99388889      4.80000000    -10.00000000
     15.58528428     -0.00000000     -0.00000000      0.00000000      0.00000000      0.01169480     -3.23675156      0.00007078    166.17617598      0.01916335      0.00000000      0.99983559      0.32878169      0.52301345      0.52301345      0.44831000      0.99401829      4.80000000    -10.00000000
     15.75250836     -0.00000000     -0.00000000      0.00000000      0.00000000      0.01134375     -3.27140396      0.00006868    169.68301020      0.01917130      0.00000000      0.99983559      0.32885580      0.52284579      0.52284579      0.44842432      0.99414119      4.80000000    -10.00000000
     15.91973244     -0.00000000     -0.00000000      0.00000000      0.00000000      0.01100196     -3.30606324      0.00006668    173.14048671      0.01918868      0.00000000      0.99983559      0.32894014      0.52267749      0.52267749      0.44854377      0.99425751      4.80000000    -10.00000000
     16.08695652     -0.00000000     -0.00000000      0.00000000      0.00000000      0.01066925     -3.34073367      0.00006471    176.64845611      0.01920416      0.00000000      0.99983559      0.32904900      0.52250819      0.52250819      0.44866695      0.99437091      4.80000000    -10.00000000
     16.25418060     -0.00000000     -0.00000000      0.00000000      0.00000000      0.01034547     -3.37540861      0.00006283    180.08573347      0.01923069      0.00000000      0.99983559      0.32917810      0.52233879      0.52233879      0.44879648      0.99447775      4.80000000    -10.00000000
     16.42140468     -0.00000000     -0.00000000      0.00000000      0.00000000      0.01003045     -3.41009180      0.00006102    183.50761661      0.01926192      0.00000000      0.99983559      0.32932396      0.52216891      0.52216891      0.44893000      0.99458017      4.80000000    -10.00000000
     16.58862876     -0.00000000     -0.00000000      0.00000000      0.00000000      0.00972403     -3.44478082      0.00005927    186.89099981      0.01929996      0.00000000      0.99983559      0.32948876      0.52199882      0.52199882      0.44906801      0.99467777      4.80000000    -10.00000000
     16.75585284     -0.00000000     -0.00000000      0.00000000      0.00000000      0.00942603     -3.47947605      0.00005759    190.22387469      0.01934569      0.00000000      0.99983559      0.32966919      0.52182866      0.52182866      0.44921011      0.99477053      4.80000000    -10.00000000
     16.92307692     -0.00000000     -0.00000000      0.00000000      0.00000000      0.00913629     -3.51417986      0.00005595    193.57907877      0.01939148      0.00000000      0.99983559      0.32986913      0.52165851      0.52165851      0.44935564      0.99486070      4.80000000    -10.00000000
     17.09030100     -0.00000000     -0.00000000      0.00000000      0.00000000      0.00885464     -3.54888893      0.00005438    196.87517410      0.01944533      0.00000000      0.99983559      0.33008381      0.52148850      0.52148850      0.44950206      0.99494631      4.80000000    -10.00000000
     17.25752508     -0.00000000     -0.00000000      0.00000000      0.00000000      0.00858089     -3.58360451      0.00005286    200.14226679      0.01950396      0.00000000      0.99983559      0.33031397      0.52131875      0.52131875      0.44963705      0.99502839      4.80000000    -10.00000000
     17.42474916     -0.00000000     -0.00000000      0.00000000      0.00000000      0.00831489     -3.61832451      0.00005139    203.34480302      0.01957057      0.00000000      0.99983559      0.33055863      0.52114930      0.52114930      0.44981765      0.99510631      4.80000000    -10.00000000
     17.59197324     -0.00000000     -0.00000000      0.00000000      0.00000000      0.00805645     -3.65305247      0.00004997    206.56229216      0.01963732      0.00000000      0.99983559      0.33081819      0.52098042      0.52098042      0.44997581      0.99518217      4.80000000    -10.00000000
     17.75919732     -0.00000000     -0.00000000      0.00000000      0.00000000      0.00780542     -3.68778458      0.00004859    209.71356852      0.01971179      0.00000000      0.99983559      0.33109153      0.52081201      0.52081201      0.45013867      0.99525422      4.80000000    -10.00000000
     17.92642140     -0.00000000     -0.00000000      0.00000000      0.00000000      0.00756162     -3.72252266      0.00004726    212.83378020      0.01979045      0.00000000      0.99983559      0.33137838      0.52064425      0.52064425      0.45025717      0.99532347      4.80000000    -10.00000000
     18.09364548     -0.00000000     -0.00000000      0.00000000      0.00000000      0.00732488     -3.75726480      0.00004598    215.89052543      0.01987612      0.00000000      0.99983559      0.33171690      0.52047723      0.52047723      0.45047271      0.99538938      4.80000000    -10.00000000
     18.26086957     -0.00000000     -0.00000000      0.00000000      0.00000000      0.00709504     -3.79201357      0.00004473    218.94745001      0.01996280      0.00000000      0.99983559      0.33198977      0.52031104      0.52031104      0.45064357      0.99545346      4.80000000    -10.00000000
     18.42809365     -0.00000000     -0.00000000      0.00000000      0.00000000      0.00687192     -3.82676563      0.00004353    221.92415951      0.02005768      0.00000000      0.99983559      0.33231476      0.52014579      0.52014579      0.45081677      0.99551417      4.80000000    -10.00000000
     18.59531773     -0.00000000     -0.00000000      0.00000000      0.00000000      0.00665537     -3.86152309      0.00004236    224.90375243      0.02015311      0.00000000      0.99983559      0.33233497      0.51998166      0.51998166      0.45099664      0.99557334      4.80000000    -10.00000000
     18.76254181     -0.00000000     -0.00000000      0.00000000      0.00000000      0.00644523     -3.89628501      0.00004124    227.78679232      0.02025790      0.00000000      0.99983559      0.33299547      0.51981903      0.51981903      0.45117019      0.99562912      4.80000000    -10.00000000
     18.92976589     -0.00000000     -0.00000000      0.00000000      0.00000000      0.00624132     -3.93105121      0.00004014    230.65132716      0.02036493      0.00000000      0.99983559      0.33334858      0.51965781      0.51965781      0.45134900      0.99568317      4.80000000    -10.00000000
     19.09698997     -0.00000000     -0.00000000      0.00000000      0.00000000      0.00604350     -3.96582152      0.00003908    233.49207378      0.02047461      0.00000000      0.99983559      0.33372248      0.51949548      0.51949548      0.45153015      0.99573546      4.80000000    -10.00000000
     19.26421405     -0.00000000     -0.00000000      0.00000000      0.00000000      0.00585160     -4.00059579      0.00003806    236.24231772      0.02059269      0.00000000      0.99983559      0.33409836      0.51933436      0.51933436      0.45171294      0.99578490      4.80000000    -10.00000000
     19.43143813     -0.00000000     -0.00000000      0.00000000      0.00000000      0.00566548     -4.03537383      0.00003706    238.98611331      0.02071173      0.00000000      0.99983559      0.33448402      0.51917462      0.51917462      0.45189736      0.99583309      4.80000000    -10.00000000
     19.59866221     -0.00000000     -0.00000000      0.00000000      0.00000000      0.00548497     -4.07015549      0.00003610    241.66090913      0.02083709      0.00000000      0.99983559      0.33487957      0.51901661      0.51901661      0.45208198      0.99587902      4.80000000    -10.00000000
     19.76588629     -0.00000000     -0.00000000      0.00000000      0.00000000      0.00530994     -4.10494061      0.00003516    244.26941333      0.02096844      0.00000000      0.99983559      0.33528220      0.51886009      0.51886009      0.45226999      0.99592285      4.80000000    -10.00000000
     19.93311037     -0.00000000     -0.00000000      0.00000000      0.00000000      0.00514024     -4.13972904      0.00003426    246.86156475      0.02110143      0.00000000      0.99983559      0.33569114      0.51870271      0.51870271      0.45245813      0.99596549      4.80000000    -10.00000000
     20.10033445     -0.00000000     -0.00000000      0.00000000      0.00000000      0.00497572     -4.17452061      0.00003338    249.38583514      0.02124041      0.00000000      0.99983559      0.33610894      0.51854664      0.51854664      0.45264798      0.99600616      4.80000000    -10.00000000
     20.26755853     -0.00000000     -0.00000000      0.00000000      0.00000000      0.00481624     -4.20931518      0.00003253    251.85835533      0.02138396      0.00000000      0.99983559      0.33653352      0.51839193      0.51839193      0.45283763      0.99604522      4.80000000    -10.00000000
     20.43478261     -0.00000000     -0.00000000      0.00000000      0.00000000      0.00466166     -4.24411260      0.00003170    254.27829595      0.02153208      0.00000000      0.99983559      0.33702836      0.51823857      0.51823857      0.45302879      0.99608271      4.80000000    -10.00000000
     20.60200669     -0.00000000     -0.00000000      0.00000000      0.00000000      0.00451184     -4.27891272      0.00003090    256.64495270      0.02168481      0.00000000      0.99983559      0.33740075      0.51808655      0.51808655      0.45322047      0.99611869      4.80000000    -10.00000000
     20.76923077     -0.00000000     -0.00000000      0.00000000      0.00000000      0.00436666     -4.31371540      0.00003012    258.95759902      0.02184217      0.00000000      0.99983559      0.33784754      0.51793603      0.51793603      0.45363516      0.99615322      4.80000000    -10.00000000
     20.93645485     -0.00000000     -0.00000000      0.00000000      0.00000000      0.00422599     -4.34852049      0.00002937    261.21557950      0.02200419      0.00000000      0.99983559      0.33829714      0.51778688      0.51778688      0.45347354      0.99618634      4.80000000    -10.00000000
     21.10367893     -0.00000000     -0.00000000      0.00000000      0.00000000      0.00408968     -4.38332787      0.00002864    263.40837073      0.02217174      0.00000000      0.99983559      0.33875357      0.51763918      0.51763918      0.45379955      0.99621797      4.80000000    -10.00000000
     21.27090301     -0.00000000     -0.00000000      0.00000000      0.00000000      0.00395763     -4.41813738      0.00002793    265.56479045      0.02234238      0.00000000      0.99983559      0.33921502      0.51749292      0.51749292      0.45399356      0.99624857      4.80000000    -10.00000000
     21.43812709     -0.00000000     -0.00000000      0.00000000      0.00000000      0.00382971     -4.45294890      0.00002724    267.65463275      0.02251864      0.00000000      0.99983559      0.33968053      0.51734813      0.51734813      0.45418788      0.99627775      4.80000000    -10.00000000
     21.60535117     -0.00000000     -0.00000000      0.00000000      0.00000000      0.00370579     -4.48776229      0.00002657    269.68759172      0.02269971      0.00000000      0.99983559      0.34015149      0.51720480      0.51720480      0.45438497      0.99630570      4.80000000    -10.00000000
     21.77257525     -0.00000000     -0.00000000      0.00000000      0.00000000      0.00358577     -4.52257780      0.00002592    271.66861199      0.02288517      0.00000000      0.99983559      0.34062733      0.51706295      0.51706295      0.45457705      0.99633254      4.80000000    -10.00000000
     21.93979933     -0.00000000     -0.00000000      0.00000000      0.00000000      0.00346953     -4.55739419      0.00002529    273.57935800      0.02307658      0.00000000      0.99983559      0.34110725      0.51692289      0.51692289      0.45477145      0.99635807      4.80000000    -10.00000000
     22.10702341     -0.00000000     -0.00000000      0.00000000      0.00000000      0.00335695     -4.59221243      0.00002467    275.43731938      0.02327248      0.00000000      0.99983559      0.34159119      0.51678371      0.51678371      0.45496707      0.99638254      4.80000000    -10.00000000
     22.27424749     -0.00000000     -0.00000000      0.00000000      0.00000000      0.00324793     -4.62703203      0.00002408    277.23594894      0.02347345      0.00000000      0.99983559      0.34208103      0.51664632      0.51664632      0.45516202      0.99640593      4.80000000    -10.00000000
     22.44147157     -0.00000000     -0.00000000      0.00000000      0.00000000      0.00314237     -4.66185288      0.00002350    278.96931897      0.02368003      0.00000000      0.99983559      0.34256905      0.51651046      0.51651046      0.45535765      0.99642818      4.80000000    -10.00000000
     22.60869565     -0.00000000     -0.00000000      0.00000000      0.00000000      0.00304016     -4.69667484      0.00002294    280.65354067      0.02389087      0.00000000      0.99983559      0.34274087      0.51637594      0.51637594      0.45554343      0.99644954      4.80000000    -10.00000000
     22.77591973     -0.00000000     -0.00000000      0.00000000      0.00000000      0.00294120     -4.73149780      0.00002239    282.27164342      0.02410746      0.00000000      0.99983559      0.34356141      0.51624310      0.51624310      0.45574809      0.99646982      4.80000000    -10.00000000
     22.94314381     -0.00000000     -0.00000000      0.00000000      0.00000000      0.00284539     -4.76632165      0.00002186    283.82875641      0.02432942      0.00000000      0.99983559      0.34406038      0.51611166      0.51611166      0.45594062      0.99648912      4.80000000    -10.00000000
     23.11036789     -0.00000000     -0.00000000      0.00000000      0.00000000      0.00275264     -4.80114631      0.00002135    285.32282147      0.02455698      0.00000000      0.99983559      0.34459094      0.51598172      0.51598172      0.45613465      0.99650744      4.80000000    -10.00000000
     23.27759197     -0.00000000     -0.00000000      0.00000000      0.00000000      0.00266286     -4.83597151      0.00002085    286.75869374      0.02478976      0.00000000      0.99983559      0.34506630      0.51585325      0.51585325      0.45632914      0.99652487      4.80000000    -10.00000000
     23.44481605     -0.00000000     -0.00000000      0.00000000      0.00000000      0.00257595     -4.87079729      0.00002036    288.13085716      0.02502833      0.00000000      0.99983559      0.34557431      0.51572626      0.51572626      0.45652229      0.99654136      4.80000000    -10.00000000
     23.61204013     -0.00000000     -0.00000000      0.00000000      0.00000000      0.00249183     -4.90562350      0.00001989    289.44080194      0.02527262      0.00000000      0.99983559      0.34608363      0.51560073      0.51560073      0.45671444      0.99655696      4.80000000    -10.00000000
     23.77926421     -0.00000000     -0.00000000      0.00000000      0.00000000      0.00241041     -4.94045001      0.00001943    290.68821515      0.02552273      0.00000000      0.99983559      0.34659372      0.51547667      0.51547667      0.45690724      0.99657168      4.80000000    -10.00000000
     23.94648829     -0.00000000     -0.00000000      0.00000000      0.00000000      0.00233160     -4.97527672      0.00001898    291.87291851      0.02577877      0.00000000      0.99983559      0.34710578      0.51535406      0.51535406      0.45709992      0.99658555      4.80000000    -10.00000000
     24.11371237     -0.00000000     -0.00000000      0.00000000      0.00000000      0.00225534     -5.01010352      0.00001855    292.99476467      0.02604084      0.00000000      0.99983559      0.34761925      0.51523289      0.51523289      0.45729073      0.99659858      4.80000000    -10.00000000
     24.28093645     -0.00000000     -0.00000000      0.00000000      0.00000000      0.00218153     -5.04493029      0.00001813    294.05354443      0.02630907      0.00000000      0.99983559      0.34813423      0.51511316      0.51511316      0.45748188      0.99661078      4.80000000    -10.00000000
     24.44816054     -0.00000000     -0.00000000      0.00000000      0.00000000      0.00211011     -5.07975692      0.00001772    295.04913056      0.02658355      0.00000000      0.99983559      0.34866094      0.51499477      0.51499477      0.45767195      0.99662218      4.80000000    -10.00000000
     24.61538462     -0.00000000     -0.00000000      0.00000000      0.00000000      0.00204099     -5.11458331      0.00001732    295.98139851      0.02686443      0.00000000      0.99983559      0.34916671      0.51487796      0.51487796      0.45774995      0.99663279      4.80000000    -10.00000000
     24.78260870     -0.00000000     -0.00000000      0.00000000      0.00000000      0.00197412     -5.14940936      0.00001693    296.85030127      0.02715181      0.00000000      0.99983559      0.34968442      0.51476248      0.51476248      0.45805066      0.99664261      4.80000000    -10.00000000
     24.94983278     -0.00000000     -0.00000000      0.00000000      0.00000000      0.00190941     -5.18423495      0.00001655    297.65574013      0.02744584      0.00000000      0.99983559      0.35003499      0.51464840      0.51464840      0.45823891      0.99665166      4.80000000    -10.00000000
     25.11705686     -0.00000000     -0.00000000      0.00000000      0.00000000      0.00184679     -5.21905997      0.00001618    298.39777908      0.02774665      0.00000000      0.99983559      0.35072155      0.51453569      0.51453569      0.45842615      0.99665996      4.80000000    -10.00000000
     25.28428094     -0.00000000     -0.00000000      0.00000000      0.00000000      0.00178621     -5.25388433      0.00001583    299.07634712      0.02805437      0.00000000      0.99983559      0.35124064      0.51442435      0.51442435      0.45861350      0.99666751      4.80000000    -10.00000000
     25.45150502     -0.00000000     -0.00000000      0.00000000      0.00000000      0.00172760     -5.28870790      0.00001548    299.69151929      0.02836914      0.00000000      0.99983559      0.35176007      0.51431437      0.51431437      0.45879960      0.99667433      4.80000000    -10.00000000
     25.61872910     -0.00000000     -0.00000000      0.00000000      0.00000000      0.00167089     -5.32353060      0.00001514    300.24332386      0.02869113      0.00000000      0.99983559      0.35227971      0.51420571      0.51420571      0.45898402      0.99668042      4.80000000    -10.00000000
     25.78595318     -0.00000000     -0.00000000      0.00000000      0.00000000      0.00161603     -5.35835231      0.00001481    300.73191162      0.02902048      0.00000000      0.99983559      0.35279886      0.51409844      0.51409844      0.45916955      0.99668580      4.80000000    -10.00000000
     25.95317726     -0.00000000     -0.00000000      0.00000000      0.00000000      0.00156296     -5.39317292      0.00001449    301.15740151      0.02935734      0.00000000      0.99983559      0.35331826      0.51399245      0.51399245      0.45935372      0.99669047      4.80000000    -10.00000000
     26.12040134     -0.00000000     -0.00000000      0.00000000      0.00000000      0.00151162     -5.42799234      0.00001418    301.51992056      0.02970188      0.00000000      0.99983559      0.35383644      0.51388778      0.51388778      0.45953624      0.99669443      4.80000000    -10.00000000
     26.28762542     -0.00000000     -0.00000000      0.00000000      0.00000000      0.00146195     -5.46281045      0.00001388    301.81968869      0.03005427      0.00000000      0.99983559      0.35435619      0.51378439      0.51378439      0.45971706      0.99669770      4.80000000    -10.00000000
     26.45484950     -0.00000000     -0.00000000      0.00000000      0.00000000      0.00141390     -5.49762716      0.00001358    302.05691109      0.03041468      0.00000000      0.99983559      0.35487391      0.51368228      0.51368228      0.45989915      0.99670029      4.80000000    -10.00000000
     26.62207358     -0.00000000     -0.00000000      0.00000000      0.00000000      0.00136743     -5.53244234      0.00001329    302.23183208      0.03078329      0.00000000      0.99983559      0.35539080      0.51358143      0.51358143      0.46007945      0.99670219      4.80000000    -10.00000000
     26.78929766     -0.00000000     -0.00000000      0.00000000      0.00000000      0.00132247     -5.56725591      0.00001301    302.34473442      0.03116029      0.00000000      0.99983559      0.35590970      0.51348183      0.51348183      0.46021608      0.99670342      4.80000000    -10.00000000
     26.95652174     -0.00000000     -0.00000000      0.00000000      0.00000000      0.00127898     -5.60206774      0.00001274    302.39592716      0.03154585      0.00000000      0.99983559      0.35642624      0.51338347      0.51338347      0.46043717      0.99670398      4.80000000    -10.00000000
     27.12374582     -0.00000000     -0.00000000      0.00000000      0.00000000      0.00123692     -5.63687774      0.00001248    302.38574416      0.03194019      0.00000000      0.99983559      0.35694193      0.51328633      0.51328633      0.46061471      0.99670387      4.80000000    -10.00000000
     27.29096990     -0.00000000     -0.00000000      0.00000000      0.00000000      0.00119624     -5.67168580      0.00001222    302.31455706      0.03234348      0.00000000      0.99983559      0.35745686      0.51319039      0.51319039      0.46079126      0.99670309      4.80000000    -10.00000000
     27.45819398     -0.00000000     -0.00000000      0.00000000      0.00000000      0.00115689     -5.70649181      0.00001197    302.18276413      0.03275595      0.00000000      0.99983559      0.35797081      0.51309564      0.51309564      0.46096751      0.99670166      4.80000000    -10.00000000
     27.62541806     -0.00000000     -0.00000000      0.00000000      0.00000000      0.00111883     -5.74129565      0.00001172    301.99078947      0.03317780      0.00000000      0.99983559      0.35842530      0.51300207      0.51300207      0.46114171      0.99669957      4.80000000    -10.00000000
     27.79264214     -0.00000000     -0.00000000      0.00000000      0.00000000      0.00108202     -5.77609723      0.00001149    301.73909191      0.03360926      0.00000000      0.99983559      0.35818958      0.51290967      0.51290967      0.46131450      0.99669683      4.80000000    -10.00000000
     27.95986622     -0.00000000     -0.00000000      0.00000000      0.00000000      0.00104641     -5.81089643      0.00001125    301.42815779      0.03405054      0.00000000      0.99983559      0.35950567      0.51281841      0.51281841      0.46148783      0.99669343      4.80000000    -10.00000000
     28.12709030     -0.00000000     -0.00000000      0.00000000      0.00000000      0.00101198     -5.84569313      0.00001103    301.05849861      0.03450187      0.00000000      0.99983559      0.36001536      0.51272828      0.51272828      0.46165957      0.99668938      4.80000000    -10.00000000
     28.29431438     -0.00000000     -0.00000000      0.00000000      0.00000000      0.00097867     -5.88048724      0.00001081    300.63065860      0.03496350      0.00000000      0.99983559      0.36052431      0.51263927      0.51263927      0.46183029      0.99668469      4.80000000    -10.00000000
     28.46153846     -0.00000000     -0.00000000      0.00000000      0.00000000      0.00094646     -5.91527863      0.00001059    300.14520940      0.03543566      0.00000000      0.99983559      0.36103020      0.51255133      0.51255133      0.46200003      0.99667934      4.80000000    -10.00000000
     28.62876254     -0.00000000     -0.00000000      0.00000000      0.00000000      0.00091531     -5.95006719      0.00001038    299.60274686      0.03591860      0.00000000      0.99983559      0.36153517      0.51246455      0.51246455      0.46217618      0.99667335      4.80000000    -10.00000000
     28.79598662     -0.00000000     -0.00000000      0.00000000      0.00000000      0.00088519     -5.98485281      0.00001018    299.00389772      0.03641259      0.00000000      0.99983559      0.36203979      0.51237880      0.51237880      0.46233667      0.99666671      4.80000000    -10.00000000
     28.96321070     -0.00000000     -0.00000000      0.00000000      0.00000000      0.00085606     -6.01963537      0.00000998    298.34931533      0.03691789      0.00000000      0.99983559      0.36254251      0.51229412      0.51229412      0.46250868      0.99665942      4.80000000    -10.00000000
     29.13043478     -0.00000000     -0.00000000      0.00000000      0.00000000      0.00082788     -6.05441475      0.00000979    297.63967574      0.03743476      0.00000000      0.99983559      0.36296798      0.51221049      0.51221049      0.46289825      0.99665148      4.80000000    -10.00000000
     29.29765886     -0.00000000     -0.00000000      0.00000000      0.00000000      0.00080063     -6.08919084      0.00000960    296.87568388      0.03796348      0.00000000      0.99983559      0.36354258      0.51212788      0.51212788      0.46284556      0.99664289      4.80000000    -10.00000000
     29.46488294     -0.00000000     -0.00000000      0.00000000      0.00000000      0.00077428     -6.12396351      0.00000942    296.05806896      0.03850435      0.00000000      0.99983559      0.36404028      0.51204629      0.51204629      0.46279359      0.99663365      4.80000000    -10.00000000
     29.63210702     -0.00000000     -0.00000000      0.00000000      0.00000000      0.00074880     -6.15873265      0.00000924    295.18758335      0.03905765      0.00000000      0.99983559      0.36453618      0.51196571      0.51196571      0.46316015      0.99662376      4.80000000    -10.00000000
     29.79933110     -0.00000000     -0.00000000      0.00000000      0.00000000      0.00072415     -6.19349813      0.00000906    294.26500546      0.03962369      0.00000000      0.99983559      0.36503109      0.51188612      0.51188612      0.46332176      0.99661321      4.80000000    -10.00000000
     29.96655518     -0.00000000     -0.00000000      0.00000000      0.00000000      0.00070032     -6.22825982      0.00000889    293.29113655      0.04020277      0.00000000      0.99983559      0.36552290      0.51180750      0.51180750      0.46348302      0.99660200      4.80000000    -10.00000000
     30.13377926     -0.00000000     -0.00000000      0.00000000      0.00000000      0.00067728     -6.26301761      0.00000873    292.26679716      0.04079522      0.00000000      0.99983559      0.36601359      0.51172976      0.51172976      0.46364219      0.99659014      4.80000000    -10.00000000
     30.30100334     -0.00000000     -0.00000000      0.00000000      0.00000000      0.00065499     -6.29777135      0.00000856    291.19283310      0.04140136      0.00000000      0.99983559      0.36650207      0.51165313      0.51165313      0.46380052      0.99657760      4.80000000    -10.00000000
     30.46822742     -0.00000000     -0.00000000      0.00000000      0.00000000      0.00063344     -6.33252093      0.00000841    290.07011312      0.04202152      0.00000000      0.99983559      0.36698917      0.51157736      0.51157736      0.46395820      0.99656440      4.80000000    -10.00000000
     30.63545151     -0.00000000     -0.00000000      0.00000000      0.00000000      0.00061260     -6.36726621      0.00000825    288.89951517      0.04265606      0.00000000      0.99983559      0.36747477      0.51150251      0.51150251      0.46411463      0.99655053      4.80000000    -10.00000000
     30.80267559     -0.00000000     -0.00000000      0.00000000      0.00000000      0.00059245     -6.40200706      0.00000810    287.68193872      0.04330532      0.00000000      0.99983559      0.36795739      0.51142856      0.51142856      0.46427123      0.99653598      4.80000000    -10.00000000
     30.96989967     -0.00000000     -0.00000000      0.00000000      0.00000000      0.00057296     -6.43674333      0.00000796    286.41831277      0.04396966      0.00000000      0.99983559      0.36843889      0.51135551      0.51135551      0.46442517      0.99652075      4.80000000    -10.00000000
     31.13712375     -0.00000000     -0.00000000      0.00000000      0.00000000      0.00055411     -6.47147490      0.00000781    285.10960095      0.04464946      0.00000000      0.99983559      0.36891805      0.51128334      0.51128334      0.46457875      0.99650484      4.80000000    -10.00000000
     31.30434783     -0.00000000     -0.00000000      0.00000000      0.00000000      0.00053589     -6.50620163      0.00000767    283.75673542      0.04534510      0.00000000      0.99983559      0.36939598      0.51121204      0.51121204      0.46473197      0.99648823      4.80000000    -10.00000000
     31.47157191     -0.00000000     -0.00000000      0.00000000      0.00000000      0.00051827     -6.54092337      0.00000754    282.36069543      0.04605697      0.00000000      0.99983559      0.36987051      0.51114160      0.51114160      0.46488304      0.99647093      4.80000000    -10.00000000
     31.63879599     -0.00000000     -0.00000000      0.00000000      0.00000000      0.00050123     -6.57563997      0.00000741    280.92246997      0.04678548      0.00000000      0.99983559      0.37034490      0.51107200      0.51107200      0.46503347      0.99645293      4.80000000    -10.00000000
     31.80602007     -0.00000000     -0.00000000      0.00000000      0.00000000      0.00048475     -6.61035129      0.00000728    279.44306059      0.04753103      0.00000000      0.99983559      0.37081500      0.51100323      0.51100323      0.46518305      0.99643421      4.80000000    -10.00000000
     31.97324415     -0.00000000     -0.00000000      0.00000000      0.00000000      0.00046881     -6.64505719      0.00000715    277.92348390      0.04829406      0.00000000      0.99983559      0.37128407      0.51093529      0.51093529      0.46533162      0.99641479      4.80000000    -10.00000000
     32.14046823     -0.00000000     -0.00000000      0.00000000      0.00000000      0.00045340     -6.67975758      0.00000703    276.36565232      0.04907483      0.00000000      0.99983559      0.37175174      0.51086815      0.51086815      0.46547894      0.99639465      4.80000000    -10.00000000
     32.30769231     -0.00000000     -0.00000000      0.00000000      0.00000000      0.00043850     -6.71445208      0.00000691    274.76794789      0.04987428      0.00000000      0.99983559      0.37221596      0.51080181      0.51080181      0.46559696      0.99637376      4.80000000    -10.00000000
     32.47491639     -0.00000000     -0.00000000      0.00000000      0.00000000      0.00042410     -6.74914076      0.00000679    273.13407550      0.05069237      0.00000000      0.99983559      0.37274290      0.51073625      0.51073625      0.46577143      0.99635215      4.80000000    -10.00000000
     32.64214047     -0.00000000     -0.00000000      0.00000000      0.00000000      0.00041016     -6.78382338      0.00000668    271.46421215      0.05152974      0.00000000      0.99983559      0.37313939      0.51067145      0.51067145      0.46591604      0.99632979      4.80000000    -10.00000000
     32.80936455     -0.00000000     -0.00000000      0.00000000      0.00000000      0.00039669     -6.81849979      0.00000656    269.75941446      0.05238688      0.00000000      0.99983559      0.37359820      0.51060741      0.51060741      0.46605953      0.99630668      4.80000000    -10.00000000
     32.97658863     -0.00000000     -0.00000000      0.00000000      0.00000000      0.00038366     -6.85316982      0.00000645    268.02076473      0.05326428      0.00000000      0.99983559      0.37405416      0.51054412      0.51054412      0.46620241      0.99628281      4.80000000    -10.00000000
     33.14381271     -0.00000000     -0.00000000      0.00000000      0.00000000      0.00037106     -6.88783329      0.00000635    266.24933828      0.05416244      0.00000000      0.99983559      0.37450937      0.51048157      0.51048157      0.46634414      0.99625818      4.80000000    -10.00000000
     33.31103679     -0.00000000     -0.00000000      0.00000000      0.00000000      0.00035888     -6.92249003      0.00000624    264.44622322      0.05508189      0.00000000      0.99983559      0.37496048      0.51041977      0.51041977      0.46648491      0.99623276      4.80000000    -10.00000000
     33.47826087     -0.00000000     -0.00000000      0.00000000      0.00000000      0.00034710     -6.95713987      0.00000614    262.61250424      0.05602316      0.00000000      0.99983559      0.37541032      0.51035864      0.51035864      0.46662554      0.99620655      4.80000000    -10.00000000
     33.64548495     -0.00000000     -0.00000000      0.00000000      0.00000000      0.00033571     -6.99178263      0.00000604    260.74927085      0.05698680      0.00000000      0.99983559      0.37585688      0.51029824      0.51029824      0.46676356      0.99617955      4.80000000    -10.00000000
     33.81270903     -0.00000000     -0.00000000      0.00000000      0.00000000      0.00032470     -7.02641812      0.00000595    258.85763457      0.05797337      0.00000000      0.99983559      0.37630201      0.51023853      0.51023853      0.46690148      0.99615174      4.80000000    -10.00000000
     33.97993311     -0.00000000     -0.00000000      0.00000000      0.00000000      0.00031404     -7.06104616      0.00000585    256.93867433      0.05898344      0.00000000      0.99983559      0.37674674      0.51017950      0.51017950      0.46702716      0.99612311      4.80000000    -10.00000000
     34.14715719     -0.00000000     -0.00000000      0.00000000      0.00000000      0.00030374     -7.09566655      0.00000576    254.99341798      0.06001764      0.00000000      0.99983559      0.37718782      0.51012115      0.51012115      0.46717432      0.99609365      4.80000000    -10.00000000
     34.31438127     -0.00000000     -0.00000000      0.00000000      0.00000000      0.00029378     -7.13027912      0.00000567    253.02318299      0.06107652      0.00000000      0.99983559      0.37795309      0.51006346      0.51006346      0.46730976      0.99606335      4.80000000    -10.00000000
     34.48160535     -0.00000000     -0.00000000      0.00000000      0.00000000      0.00028415     -7.16488365      0.00000558    251.02884196      0.06216074      0.00000000      0.99983559      0.37782883      0.51000643      0.51000643      0.46744395      0.99603220      4.80000000    -10.00000000
     34.64882943     -0.00000000     -0.00000000      0.00000000      0.00000000      0.00027484     -7.19947994      0.00000549    249.01156112      0.06327093      0.00000000      0.99983559      0.37849785      0.50995004      0.50995004      0.46757688      0.99600018      4.80000000    -10.00000000
     34.81605351     -0.00000000     -0.00000000      0.00000000      0.00000000      0.00026583     -7.23406779      0.00000541    246.97242943      0.06440776      0.00000000      0.99983559      0.37893010      0.50989429      0.50989429      0.46770942      0.99596729      4.80000000    -10.00000000
     34.98327759     -0.00000000     -0.00000000      0.00000000      0.00000000      0.00025712     -7.26864699      0.00000532    244.91253175      0.06557188      0.00000000      0.99983559      0.37936057      0.50983916      0.50983916      0.46784067      0.99593351      4.80000000    -10.00000000
     35.15050167     -0.00000000     -0.00000000      0.00000000      0.00000000      0.00024870     -7.30321732      0.00000524    242.83294763      0.06676400      0.00000000      0.99983559      0.37978805      0.50978464      0.50978464      0.46797151      0.99589883      4.80000000    -10.00000000
     35.31772575     -0.00000000     -0.00000000      0.00000000      0.00000000      0.00024056     -7.33777856      0.00000517    240.73474908      0.06798482      0.00000000      0.99983559      0.38021415      0.50973073      0.50973073      0.46810096      0.99586323      4.80000000    -10.00000000
     35.48494983     -0.00000000     -0.00000000      0.00000000      0.00000000      0.00023268     -7.37233049      0.00000509    238.61900538      0.06923506      0.00000000      0.99983559      0.38063719      0.50967742      0.50967742      0.46822979      0.99582671      4.80000000    -10.00000000
     35.65217391     -0.00000000     -0.00000000      0.00000000      0.00000000      0.00022506     -7.40687288      0.00000501    236.48677292      0.07051548      0.00000000      0.99983559      0.38105836      0.50962470      0.50962470      0.46835768      0.99578924      4.80000000    -10.00000000
     35.81939799     -0.00000000     -0.00000000      0.00000000      0.00000000      0.00021770     -7.44140550      0.00000494    234.33910903      0.07182683      0.00000000      0.99983559      0.38147721      0.50957255      0.50957255      0.46848171      0.99575081      4.80000000    -10.00000000
     35.98662207     -0.00000000     -0.00000000      0.00000000      0.00000000      0.00021058     -7.47592811      0.00000487    232.17705065      0.07316990      0.00000000      0.99983559      0.38189410      0.50952098      0.50952098      0.46861075      0.99571141      4.80000000    -10.00000000
     36.15384615     -0.00000000     -0.00000000      0.00000000      0.00000000      0.00020369     -7.51044047      0.00000480    230.00163214      0.07454550      0.00000000      0.99983559      0.38230881      0.50946996      0.50946996      0.46873602      0.99567103      4.80000000    -10.00000000
     36.32107023     -0.00000000     -0.00000000      0.00000000      0.00000000      0.00019703     -7.54494233      0.00000473    227.81387504      0.07595444      0.00000000      0.99983559      0.38272125      0.50941951      0.50941951      0.46886081      0.99562964      4.80000000    -10.00000000
     36.48829431     -0.00000000     -0.00000000      0.00000000      0.00000000      0.00019059     -7.57943343      0.00000466    225.61479107      0.07739759      0.00000000      0.99983559      0.38321641      0.50936956      0.50936956      0.46898397      0.99558723      4.80000000    -10.00000000
     36.65551839     -0.00000000     -0.00000000      0.00000000      0.00000000      0.00018436     -7.61391351      0.00000459    223.40537896      0.07887580      0.00000000      0.99983559      0.38353571      0.50932022      0.50932022      0.46910673      0.99554378      4.80000000    -10.00000000
     36.82274247     -0.00000000     -0.00000000      0.00000000      0.00000000      0.00017834     -7.64838232      0.00000453    221.18662660      0.08038996      0.00000000      0.99983559      0.38394546      0.50927137      0.50927137      0.46921535      0.99549928      4.80000000    -10.00000000
     36.98996656     -0.00000000     -0.00000000      0.00000000      0.00000000      0.00017251     -7.68283958      0.00000446    218.95950693      0.08194099      0.00000000      0.99983559      0.38434917      0.50922305      0.50922305      0.46934952      0.99545371      4.80000000    -10.00000000
     37.15719064     -0.00000000     -0.00000000      0.00000000      0.00000000      0.00016688     -7.71728501      0.00000440    216.72498054      0.08352983      0.00000000      0.99983559      0.38475076      0.50917523      0.50917523      0.46946973      0.99540705      4.80000000    -10.00000000
     37.32441472     -0.00000000     -0.00000000      0.00000000      0.00000000      0.00016143     -7.75171833      0.00000434    214.48399386      0.08515744      0.00000000      0.99983559      0.38515005      0.50912793      0.50912793      0.46958714      0.99535928      4.80000000    -10.00000000
     37.49163880     -0.00000000     -0.00000000      0.00000000      0.00000000      0.00015616     -7.78613926      0.00000428    212.23747860      0.08682479      0.00000000      0.99983559      0.38554740      0.50908112      0.50908112      0.46970768      0.99531039      4.80000000    -10.00000000
     37.65886288     -0.00000000     -0.00000000      0.00000000      0.00000000      0.00015107     -7.82054749      0.00000422    209.98635119      0.08853291      0.00000000      0.99983559      0.38590801      0.50903481      0.50903481      0.46982503      0.99526036      4.80000000    -10.00000000
     37.82608696     -0.00000000     -0.00000000      0.00000000      0.00000000      0.00014614     -7.85494271      0.00000417    207.73139848      0.09028288      0.00000000      0.99983559      0.38633533      0.50898897      0.50898897      0.46996201      0.99520915      4.80000000    -10.00000000
     37.99331104     -0.00000000     -0.00000000      0.00000000      0.00000000      0.00014137     -7.88932467      0.00000411    205.47384877      0.09207561      0.00000000      0.99983559      0.38672616      0.50894362      0.50894362      0.47005847      0.99515677      4.80000000    -10.00000000
     38.16053512     -0.00000000     -0.00000000      0.00000000      0.00000000      0.00013676     -7.92369300      0.00000406    203.21422758      0.09391234      0.00000000      0.99983559      0.38711386      0.50889873      0.50889873      0.47017380      0.99510318      4.80000000    -10.00000000
     38.32775920     -0.00000000     -0.00000000      0.00000000      0.00000000      0.00013231     -7.95804739      0.00000400    200.95350145      0.09579415      0.00000000      0.99983559      0.38750087      0.50885431      0.50885431      0.47028837      0.99504837      4.80000000    -10.00000000
     38.49498328     -0.00000000     -0.00000000      0.00000000      0.00000000      0.00012800     -7.99238752      0.00000395    198.69250896      0.09772217      0.00000000      0.99983559      0.38788584      0.50881034      0.50881034      0.47040215      0.99499230      4.80000000    -10.00000000
     38.66220736     -0.00000000     -0.00000000      0.00000000      0.00000000      0.00012383     -8.02671304      0.00000390    196.43205716      0.09969758      0.00000000      0.99983559      0.38826817      0.50876683      0.50876683      0.47051825      0.99493497      4.80000000    -10.00000000
     38.82943144     -0.00000000     -0.00000000      0.00000000      0.00000000      0.00011980     -8.06102363      0.00000385    194.17295662      0.10172159      0.00000000      0.99983559      0.38866971      0.50872376      0.50872376      0.47062723      0.99487634      4.80000000    -10.00000000
     38.99665552     -0.00000000     -0.00000000      0.00000000      0.00000000      0.00011590     -8.09531893      0.00000380    191.91607096      0.10379540      0.00000000      0.99983559      0.38902656      0.50868112      0.50868112      0.47073890      0.99481640      4.80000000    -10.00000000
     39.16387960     -0.00000000     -0.00000000      0.00000000      0.00000000      0.00011213     -8.12959856      0.00000375    189.66199403      0.10592035      0.00000000      0.99983559      0.38940179      0.50863891      0.50863891      0.47084954      0.99475512      4.80000000    -10.00000000
     39.33110368     -0.00000000     -0.00000000      0.00000000      0.00000000      0.00010848     -8.16386215      0.00000370    187.41142997      0.10809778      0.00000000      0.99983559      0.38977636      0.50859713      0.50859713      0.47095935      0.99469247      4.80000000    -10.00000000
     39.49832776     -0.00000000     -0.00000000      0.00000000      0.00000000      0.00010495     -8.19810937      0.00000366    185.16536970      0.11032887      0.00000000      0.99983559      0.39014883      0.50855576      0.50855576      0.47106880      0.99462843      4.80000000    -10.00000000
     39.66555184     -0.00000000     -0.00000000      0.00000000      0.00000000      0.00010154     -8.23233981      0.00000361    182.92438390      0.11261506      0.00000000      0.99983559      0.39051851      0.50851473      0.50851473      0.47117729      0.99456298      4.80000000    -10.00000000
     39.83277592     -0.00000000     -0.00000000      0.00000000      0.00000000      0.00009824     -8.26655313      0.00000357    180.68936688      0.11495764      0.00000000      0.99983559      0.39088709      0.50847426      0.50847426      0.47128513      0.99449610      4.80000000    -10.00000000
     40.00000000     -0.00000000     -0.00000000      0.00000000      0.00000000      0.00009505     -8.30074879      0.00000352    178.46038263      0.11735841      0.00000000      0.99983559      0.39125289      0.50843411      0.50843411      0.47139209      0.99442774      4.80000000    -10.00000000
