    -10.00000000     -0.00000000     -0.00000000      0.00000000      0.00000000      0.03381978      0.00000142      0.01313463      0.00000000      1.18050734      0.00000000      0.99983734      0.50002097      0.50002722      0.50002722      0.49999721      0.00000000      5.00000000    -10.00000000
     -9.83277592     -0.00000000     -0.00000000      0.00000000      0.00000000      0.03372088      0.02335367      0.01311175      0.00014026      1.18190680      0.00000000      0.99983734      0.50029063      0.49986790      0.49986790      0.50013568      0.00014025      5.00000000    -10.00000000
     -9.66555184     -0.00000000     -0.00000000      0.00000000      0.00000000      0.03374910      0.04664980      0.01309119      0.00056103      1.17906653      0.00000000      0.99983734      0.50093638      0.49973823      0.49973823      0.50065902      0.00056071      5.00000000    -10.00000000
     -9.49832776     -0.00000000     -0.00000000      0.00000000      0.00000000      0.03380555      0.06972156      0.01305710      0.00125857      1.17403237      0.00000000      0.99983734      0.50252899      0.49960873      0.49960873      0.50079448      0.00125698      5.00000000    -10.00000000
     -9.33110368     -0.00000000     -0.00000000      0.00000000      0.00000000      0.03388024      0.09249583      0.01300959      0.00222806      1.16718218      0.00000000      0.99983734      0.50292064      0.49948106      0.49948106      0.50067260      0.00222311      5.00000000    -10.00000000
     -9.16387960     -0.00000000     -0.00000000      0.00000000      0.00000000      0.03397260      0.11488447      0.01294888      0.00346274      1.15857697      0.00000000      0.99983734      0.50255980      0.49935253      0.49935253      0.50066908      0.00345079      5.00000000    -10.00000000
     -8.99665552     -0.00000000     -0.00000000      0.00000000      0.00000000      0.03408290      0.13679805      0.01287521      0.00495384      1.14825780      0.00000000      0.99983734      0.50249868      0.49923245      0.49923245      0.50065570      0.00492942      5.00000000    -10.00000000
     -8.82943144     -0.00000000     -0.00000000      0.00000000      0.00000000      0.03421141      0.15814830      0.01278892      0.00669062      1.13627708      0.00000000      0.99983734      0.50255391      0.49911357      0.49911357      0.50066979      0.00664615      5.00000000    -10.00000000
     -8.66220736     -0.00000000     -0.00000000      0.00000000      0.00000000      0.03435822      0.17884999      0.01269035      0.00866034      1.12270229      0.00000000      0.99983734      0.50263157      0.49899809      0.49899809      0.50068577      0.00858598      5.00000000    -10.00000000
     -8.49498328     -0.00000000     -0.00000000      0.00000000      0.00000000      0.03452327      0.19882204      0.01257995      0.01084831      1.10761380      0.00000000      0.99983734      0.50269598      0.49888393      0.49888393      0.50070293      0.01073189      5.00000000    -10.00000000
     -8.32775920     -0.00000000     -0.00000000      0.00000000      0.00000000      0.03470641      0.21798838      0.01245815      0.01323801      1.09110222      0.00000000      0.99983734      0.50276499      0.49877284      0.49877284      0.50073655      0.01306506      5.00000000    -10.00000000
     -8.16053512     -0.00000000     -0.00000000      0.00000000      0.00000000      0.03490745      0.23627841      0.01232549      0.01581110      1.07326620      0.00000000      0.99983734      0.50281625      0.49867622      0.49867622      0.50075418      0.01556500      5.00000000    -10.00000000
     -7.99331104     -0.00000000     -0.00000000      0.00000000      0.00000000      0.03512613      0.25362741      0.01218249      0.01854755      1.05421055      0.00000000      0.99983734      0.50287709      0.49856764      0.49856764      0.50076766      0.01820980      5.00000000    -10.00000000
     -7.82608696     -0.00000000     -0.00000000      0.00000000      0.00000000      0.03536214      0.26997665      0.01202974      0.02142568      1.03404461      0.00000000      0.99983734      0.50291161      0.49847379      0.49847379      0.50077505      0.02097625      5.00000000    -10.00000000
     -7.65886288     -0.00000000     -0.00000000      0.00000000      0.00000000      0.03561517      0.28527351      0.01186785      0.02442227      1.01288081      0.00000000      0.99983734      0.50291175      0.49838622      0.49838622      0.50077556      0.02384004      5.00000000    -10.00000000
     -7.49163880     -0.00000000     -0.00000000      0.00000000      0.00000000      0.03588485      0.29947143      0.01169742      0.02751261      0.99083320      0.00000000      0.99983734      0.50283086      0.49830677      0.49830677      0.50076740      0.02677593      5.00000000    -10.00000000
     -7.32441472     -0.00000000     -0.00000000      0.00000000      0.00000000      0.03617078      0.31252989      0.01151911      0.03067058      0.96801625      0.00000000      0.99983734      0.50269963      0.49823223      0.49823223      0.50074019      0.02975789      5.00000000    -10.00000000
     -7.15719064     -0.00000000     -0.00000000      0.00000000      0.00000000      0.03647254      0.32441429      0.01133356      0.03386877      0.94454364      0.00000000      0.99983734      0.50245561      0.49816676      0.49816676      0.50072484      0.03275926      5.00000000    -10.00000000
     -6.98996656     -0.00000000     -0.00000000      0.00000000      0.00000000      0.03678965      0.33509586      0.01114143      0.03707857      0.92052721      0.00000000      0.99983734      0.50176054      0.49810902      0.49810902      0.50069478      0.03575291      5.00000000    -10.00000000
     -6.82274247     -0.00000000     -0.00000000      0.00000000      0.00000000      0.03712163      0.34455147      0.01094335      0.04027030      0.89607598      0.00000000      0.99983734      0.50179764      0.49805979      0.49805979      0.50064969      0.03871138      5.00000000    -10.00000000
     -6.65551839     -0.00000000     -0.00000000      0.00000000      0.00000000      0.03746795      0.35276344      0.01073999      0.04341335      0.87129533      0.00000000      0.99983734      0.50190722      0.49801958      0.49801958      0.50059493      0.04160704      5.00000000    -10.00000000
     -6.48829431     -0.00000000     -0.00000000      0.00000000      0.00000000      0.03782804      0.35971977      0.01053197      0.04647644      0.84628625      0.00000000      0.99983734      0.50210902      0.49798870      0.49798870      0.50053422      0.04441231      5.00000000    -10.00000000
     -6.32107023     -0.00000000     -0.00000000      0.00000000      0.00000000      0.03820131      0.36541274      0.01031992      0.04942756      0.82114478      0.00000000      0.99983734      0.50216478      0.49796744      0.49796744      0.50044850      0.04709954      5.00000000    -10.00000000
     -6.15384615     -0.00000000     -0.00000000      0.00000000      0.00000000      0.03858715      0.36983957      0.01010446      0.05223435      0.79596150      0.00000000      0.99983734      0.50215825      0.49795553      0.49795553      0.50035369      0.04964137      5.00000000    -10.00000000
     -5.98662207     -0.00000000     -0.00000000      0.00000000      0.00000000      0.03898488      0.37300240      0.00988618      0.05486446      0.77082114      0.00000000      0.99983734      0.50209407      0.49795577      0.49795577      0.50031112      0.05201091      5.00000000    -10.00000000
     -5.81939799     -0.00000000     -0.00000000      0.00000000      0.00000000      0.03939384      0.37490714      0.00966564      0.05728556      0.74580232      0.00000000      0.99983734      0.50213885      0.49796619      0.49796619      0.50011584      0.05418173      5.00000000    -10.00000000
     -5.65217391     -0.00000000     -0.00000000      0.00000000      0.00000000      0.03981329      0.37556355      0.00944340      0.05946573      0.72097740      0.00000000      0.99983734      0.50197841      0.49798696      0.49798696      0.49996753      0.05612803      5.00000000    -10.00000000
     -5.48494983     -0.00000000     -0.00000000      0.00000000      0.00000000      0.04024250      0.37498490      0.00921998      0.06137374      0.69641240      0.00000000      0.99983734      0.50155381      0.49801931      0.49801931      0.49980125      0.05782481      5.00000000    -10.00000000
     -5.31772575     -0.00000000     -0.00000000      0.00000000      0.00000000      0.04068070      0.37318758      0.00899589      0.06297943      0.67216696      0.00000000      0.99983734      0.50125979      0.49806339      0.49806339      0.49960783      0.05924802      5.00000000    -10.00000000
     -5.15050167     -0.00000000     -0.00000000      0.00000000      0.00000000      0.04112709      0.37019081      0.00877160      0.06425404      0.64829447      0.00000000      0.99983734      0.50061235      0.49811938      0.49811938      0.49935976      0.06037472      5.00000000    -10.00000000
     -4.98327759     -0.00000000     -0.00000000      0.00000000      0.00000000      0.04158083      0.36601628      0.00854756      0.06517064      0.62484220      0.00000000      0.99983734      0.50053378      0.49818808      0.49818808      0.49905296      0.06118328      5.00000000    -10.00000000
     -4.81605351     -0.00000000     -0.00000000      0.00000000      0.00000000      0.04204108      0.36068790      0.00832418      0.06570453      0.60185147      0.00000000      0.99983734      0.50003732      0.49826852      0.49826852      0.49893452      0.06165361      5.00000000    -10.00000000
     -4.64882943     -0.00000000     -0.00000000      0.00000000      0.00000000      0.04250697      0.35423143      0.00810188      0.06583377      0.57935792      0.00000000      0.99983734      0.49951258      0.49836353      0.49836353      0.49879389      0.06176739      5.00000000    -10.00000000
     -4.48160535     -0.00000000     -0.00000000      0.00000000      0.00000000      0.04297759      0.34667426      0.00788100      0.06553966      0.55739175      0.00000000      0.99983734      0.49893854      0.49847010      0.49847010      0.49863170      0.06150842      5.00000000    -10.00000000
     -4.31438127     -0.00000000     -0.00000000      0.00000000      0.00000000      0.04345202      0.33804509      0.00766188      0.06480727      0.53597809      0.00000000      0.99983734      0.49828601      0.49859028      0.49859028      0.49837080      0.06086291      5.00000000    -10.00000000
     -4.14715719     -0.00000000     -0.00000000      0.00000000      0.00000000      0.04392933      0.32837372      0.00744485      0.06362610      0.51513726      0.00000000      0.99983734      0.49762003      0.49872380      0.49872380      0.49824300      0.05981999      5.00000000    -10.00000000
     -3.97993311     -0.00000000     -0.00000000      0.00000000      0.00000000      0.04440855      0.31769082      0.00723019      0.06199069      0.49488511      0.00000000      0.99983734      0.49686819      0.49887106      0.49887106      0.49801844      0.05837216      5.00000000    -10.00000000
     -3.81270903     -0.00000000     -0.00000000      0.00000000      0.00000000      0.04488870      0.30602768      0.00701815      0.05990126      0.47523342      0.00000000      0.99983734      0.49606773      0.49903244      0.49903244      0.49776082      0.05651589      5.00000000    -10.00000000
     -3.64548495     -0.00000000     -0.00000000      0.00000000      0.00000000      0.04536877      0.29341606      0.00680897      0.05736452      0.45619019      0.00000000      0.99983734      0.49522193      0.49920665      0.49920665      0.49750752      0.05425236      5.00000000    -10.00000000
     -3.47826087     -0.00000000     -0.00000000      0.00000000      0.00000000      0.04584775      0.27988798      0.00660287      0.05439437      0.43775997      0.00000000      0.99983734      0.49431278      0.49939447      0.49939447      0.49722091      0.05158826      5.00000000    -10.00000000
     -3.31103679     -0.00000000     -0.00000000      0.00000000      0.00000000      0.04632461      0.26547557      0.00640003      0.05101278      0.41994423      0.00000000      0.99983734      0.49334849      0.49959677      0.49959677      0.49691517      0.04853679      5.00000000    -10.00000000
     -3.14381271     -0.00000000     -0.00000000      0.00000000      0.00000000      0.04679830      0.25021090      0.00620062      0.04725061      0.40274165      0.00000000      0.99983734      0.49233138      0.49981304      0.49981304      0.49659055      0.04511872      5.00000000    -10.00000000
     -2.97658863     -0.00000000     -0.00000000      0.00000000      0.00000000      0.04726776      0.23412586      0.00600479      0.04314853      0.38614841      0.00000000      0.99983734      0.49116564      0.50004131      0.50004131      0.49624613      0.04136375      5.00000000    -10.00000000
     -2.80936455     -0.00000000     -0.00000000      0.00000000      0.00000000      0.04773192      0.21725202      0.00581266      0.03875801      0.37015849      0.00000000      0.99983734      0.49014114      0.50028521      0.50028521      0.49588299      0.03731187      5.00000000    -10.00000000
     -2.64214047     -0.00000000     -0.00000000      0.00000000      0.00000000      0.04818970      0.19962054      0.00562435      0.03414228      0.35476396      0.00000000      0.99983734      0.48897095      0.50054337      0.50054337      0.49549713      0.03301507      5.00000000    -10.00000000
     -2.47491639     -0.00000000     -0.00000000      0.00000000      0.00000000      0.04864003      0.18126205      0.00543994      0.02937742      0.33995519      0.00000000      0.99983734      0.48776259      0.50081472      0.50081472      0.49510088      0.02853902      5.00000000    -10.00000000
     -2.30769231     -0.00000000     -0.00000000      0.00000000      0.00000000      0.04908183      0.16220658      0.00525951      0.02455345      0.32572112      0.00000000      0.99983734      0.48651545      0.50109829      0.50109829      0.49468336      0.02396503      5.00000000    -10.00000000
     -2.14046823     -0.00000000     -0.00000000      0.00000000      0.00000000      0.04951403      0.14248349      0.00508312      0.01977549      0.31204948      0.00000000      0.99983734      0.48526646      0.50139447      0.50139447      0.49422269      0.01939200      5.00000000    -10.00000000
     -1.97324415     -0.00000000     -0.00000000      0.00000000      0.00000000      0.04993555      0.12212140      0.00491081      0.01516492      0.29892695      0.00000000      0.99983734      0.48388124      0.50170459      0.50170459      0.49379516      0.01493838      5.00000000    -10.00000000
     -1.80602007     -0.00000000     -0.00000000      0.00000000      0.00000000      0.05034534      0.10114815      0.00474263      0.01086066      0.28633940      0.00000000      0.99983734      0.48214502      0.50204506      0.50204506      0.49332678      0.01074397      5.00000000    -10.00000000
     -1.63879599     -0.00000000     -0.00000000      0.00000000      0.00000000      0.05074234      0.07959076      0.00457858      0.00702046      0.27427206      0.00000000      0.99983734      0.48082329      0.50234805      0.50234805      0.49284097      0.00697151      5.00000000    -10.00000000
     -1.47157191     -0.00000000     -0.00000000      0.00000000      0.00000000      0.05112554      0.05747542      0.00441868      0.00382217      0.26270960      0.00000000      0.99983734      0.47923255      0.50271020      0.50271020      0.49234074      0.00380762      5.00000000    -10.00000000
     -1.30434783     -0.00000000     -0.00000000      0.00000000      0.00000000      0.05149392      0.03482742      0.00426293      0.00146518      0.25163637      0.00000000      0.99983734      0.47760224      0.50306954      0.50306954      0.49182478      0.00146304      5.00000000    -10.00000000
     -1.13712375     -0.00000000     -0.00000000      0.00000000      0.00000000      0.05184650      0.01167121      0.00411131      0.00017178      0.24103644      0.00000000      0.99983734      0.47592834      0.50344022      0.50344022      0.49130480      0.00017175      5.00000000    -10.00000000
     -0.96989967     -0.00000000     -0.00000000      0.00000000      0.00000000      0.05218231     -0.01196967      0.00396382      0.00018861      0.23089378      0.00000000      0.99983734      0.47399492      0.50382118      0.50382118      0.49074887      0.00018858      5.00000000    -10.00000000
     -0.80267559     -0.00000000     -0.00000000      0.00000000      0.00000000      0.05250043     -0.03607256      0.00382042      0.00178816      0.22119230      0.00000000      0.99983734      0.47246765      0.50421317      0.50421317      0.49019188      0.00178496      5.00000000    -10.00000000
     -0.63545151     -0.00000000     -0.00000000      0.00000000      0.00000000      0.05279996     -0.06061566      0.00368108      0.00527021      0.21191596      0.00000000      0.99983734      0.47072166      0.50461674      0.50461674      0.48962086      0.00524258      5.00000000    -10.00000000
     -0.46822742     -0.00000000     -0.00000000      0.00000000      0.00000000      0.05308005     -0.08557806      0.00354577      0.01096341      0.20304887      0.00000000      0.99983734      0.46887670      0.50502301      0.50502301      0.48903997      0.01084452      5.00000000    -10.00000000
     -0.30100334     -0.00000000     -0.00000000      0.00000000      0.00000000      0.05333987     -0.11093969      0.00341443      0.01922683      0.19457530      0.00000000      0.99983734      0.46696912      0.50544992      0.50544992      0.48844851      0.01886413      5.00000000    -10.00000000
     -0.13377926     -0.00000000     -0.00000000      0.00000000      0.00000000      0.05357863     -0.13668132      0.00328702      0.03045146      0.18647977      0.00000000      0.99983734      0.46506302      0.50588248      0.50588248      0.48785536      0.02955157      5.00000000    -10.00000000
      0.03344482     -0.00000000     -0.00000000      0.00000000      0.00000000      0.05379562     -0.16278453      0.00316348      0.04506182      0.17874710      0.00000000      0.99983734      0.46312135      0.50631733      0.50631733      0.48725769      0.04311881      5.00000000    -10.00000000
      0.20066890     -0.00000000     -0.00000000      0.00000000      0.00000000      0.05399014     -0.18923172      0.00304375      0.06351755      0.17136244      0.00000000      0.99983734      0.46115794      0.50676188      0.50676188      0.48659889      0.05972403      5.00000000    -10.00000000
      0.36789298     -0.00000000     -0.00000000      0.00000000      0.00000000      0.05416155     -0.21600603      0.00292777      0.08631492      0.16431128      0.00000000      0.99983734      0.45915951      0.50721458      0.50721458      0.48593219      0.07945663      5.00000000    -10.00000000
      0.53511706     -0.00000000     -0.00000000      0.00000000      0.00000000      0.05430928     -0.24309136      0.00281548      0.11398842      0.15757953      0.00000000      0.99983734      0.45697722      0.50767279      0.50767279      0.48522712      0.10232460      5.00000000    -10.00000000
      0.70234114     -0.00000000     -0.00000000      0.00000000      0.00000000      0.05443278     -0.27047231      0.00270681      0.14711228      0.15115349      0.00000000      0.99983734      0.45505295      0.50814172      0.50814172      0.48459004      0.12824576      5.00000000    -10.00000000
      0.86956522     -0.00000000     -0.00000000      0.00000000      0.00000000      0.05453160     -0.29813417      0.00260168      0.18630198      0.14501988      0.00000000      0.99983734      0.45300011      0.50860582      0.50860582      0.48390805      0.15704431      5.00000000    -10.00000000
      1.03678930     -0.00000000     -0.00000000      0.00000000      0.00000000      0.05460531     -0.32606288      0.00250004      0.23221564      0.13916588      0.00000000      0.99983734      0.45089915      0.50907824      0.50907824      0.48335977      0.18845373      5.00000000    -10.00000000
      1.20401338     -0.00000000     -0.00000000      0.00000000      0.00000000      0.05465357     -0.35424500      0.00240179      0.28555544      0.13357910      0.00000000      0.99983734      0.44878062      0.50955436      0.50955436      0.48251786      0.22212612      5.00000000    -10.00000000
      1.37123746     -0.00000000     -0.00000000      0.00000000      0.00000000      0.05467609     -0.38266765      0.00230688      0.34706887      0.12824763      0.00000000      0.99983734      0.44664139      0.51003336      0.51003336      0.48181344      0.25764746      5.00000000    -10.00000000
      1.53846154     -0.00000000     -0.00000000      0.00000000      0.00000000      0.05467264     -0.41131851      0.00221523      0.41754987      0.12315999      0.00000000      0.99983734      0.44438043      0.51051485      0.51051485      0.48110371      0.29455745      5.00000000    -10.00000000
      1.70568562     -0.00000000     -0.00000000      0.00000000      0.00000000      0.05464305     -0.44018576      0.00212675      0.49783981      0.11830521      0.00000000      0.99983734      0.44231438      0.51099900      0.51099900      0.48038793      0.33237187      5.00000000    -10.00000000
      1.87290970     -0.00000000     -0.00000000      0.00000000      0.00000000      0.05458724     -0.46925806      0.00204139      0.58882827      0.11367274      0.00000000      0.99983734      0.44042039      0.51148141      0.51148141      0.47967290      0.37060536      5.00000000    -10.00000000
      2.04013378     -0.00000000     -0.00000000      0.00000000      0.00000000      0.05450517     -0.49852455      0.00195906      0.69145357      0.10925255      0.00000000      0.99983734      0.43794382      0.51196502      0.51196502      0.47895355      0.40879252      5.00000000    -10.00000000
      2.20735786     -0.00000000     -0.00000000      0.00000000      0.00000000      0.05439687     -0.52797479      0.00187969      0.80670303      0.10503504      0.00000000      0.99983734      0.43578528      0.51244767      0.51244767      0.47823367      0.44650561      5.00000000    -10.00000000
      2.37458194     -0.00000000     -0.00000000      0.00000000      0.00000000      0.05426242     -0.55759883      0.00180321      0.93561301      0.10101107      0.00000000      0.99983734      0.43353269      0.51293132      0.51293132      0.47751056      0.48336780      5.00000000    -10.00000000
      2.54180602     -0.00000000     -0.00000000      0.00000000      0.00000000      0.05410197     -0.58738721      0.00172955      1.07926867      0.09717195      0.00000000      0.99983734      0.43133257      0.51340905      0.51340905      0.47686113      0.51906167      5.00000000    -10.00000000
      2.70903010     -0.00000000     -0.00000000      0.00000000      0.00000000      0.05391570     -0.61733104      0.00165863      1.23880370      0.09350939      0.00000000      0.99983734      0.42910950      0.51388471      0.51388471      0.47606656      0.55333288      5.00000000    -10.00000000
      2.87625418     -0.00000000     -0.00000000      0.00000000      0.00000000      0.05370385     -0.64742208      0.00159038      1.41540010      0.09001550      0.00000000      0.99983734      0.42689625      0.51435933      0.51435933      0.47534691      0.58598992      5.00000000    -10.00000000
      3.04347826     -0.00000000     -0.00000000      0.00000000      0.00000000      0.05346667     -0.67765281      0.00152473      1.61028820      0.08668269      0.00000000      0.99983734      0.42468587      0.51482877      0.51482877      0.47462842      0.61690054      5.00000000    -10.00000000
      3.21070234     -0.00000000     -0.00000000      0.00000000      0.00000000      0.05320447     -0.70801645      0.00146161      1.82474704      0.08350366      0.00000000      0.99983734      0.42248016      0.51529403      0.51529403      0.47391320      0.64598600      5.00000000    -10.00000000
      3.37792642     -0.00000000     -0.00000000      0.00000000      0.00000000      0.05291760     -0.73850697      0.00140094      2.06010497      0.08047136      0.00000000      0.99983734      0.42025939      0.51578715      0.51578715      0.47320218      0.67321382      5.00000000    -10.00000000
      3.54515050     -0.00000000     -0.00000000      0.00000000      0.00000000      0.05260644     -0.76911899      0.00134264      2.31774029      0.07757893      0.00000000      0.99983734      0.41808549      0.51620648      0.51620648      0.47249423      0.69859003      5.00000000    -10.00000000
      3.71237458     -0.00000000     -0.00000000      0.00000000      0.00000000      0.05227143     -0.79984761      0.00128665      2.59908146      0.07481973      0.00000000      0.99983734      0.41590292      0.51665348      0.51665348      0.47179186      0.72215133      5.00000000    -10.00000000
      3.87959866     -0.00000000     -0.00000000      0.00000000      0.00000000      0.05191308     -0.83068826      0.00123287      2.90560672      0.07218730      0.00000000      0.99983734      0.41371155      0.51708738      0.51708738      0.47109455      0.74395784      5.00000000    -10.00000000
      4.04682274     -0.00000000     -0.00000000      0.00000000      0.00000000      0.05153194     -0.86163654      0.00118123      3.23884299      0.06967546      0.00000000      0.99983734      0.41156405      0.51752620      0.51752620      0.47040447      0.76408657      5.00000000    -10.00000000
      4.21404682     -0.00000000     -0.00000000      0.00000000      0.00000000      0.05112865     -0.89268813      0.00113166      3.60036431      0.06727823      0.00000000      0.99983734      0.40942939      0.51795052      0.51795052      0.46972049      0.78262591      5.00000000    -10.00000000
      4.38127090     -0.00000000     -0.00000000      0.00000000      0.00000000      0.05070389     -0.92383876      0.00108409      3.99179004      0.06498995      0.00000000      0.99983734      0.40730305      0.51836822      0.51836822      0.46905138      0.79967106      5.00000000    -10.00000000
      4.54849498     -0.00000000     -0.00000000      0.00000000      0.00000000      0.05025838     -0.95508424      0.00103844      4.41478294      0.06280519      0.00000000      0.99983734      0.40519385      0.51877551      0.51877551      0.46837644      0.81532039      5.00000000    -10.00000000
      4.71571906     -0.00000000     -0.00000000      0.00000000      0.00000000      0.04979288     -0.98642044      0.00099465      4.87104732      0.06071881      0.00000000      0.99983734      0.40310760      0.51917377      0.51917377      0.46771699      0.82967264      5.00000000    -10.00000000
      4.88294314     -0.00000000     -0.00000000      0.00000000      0.00000000      0.04930821     -1.01784332      0.00095264      5.36232693      0.05872595      0.00000000      0.99983734      0.40105845      0.51955882      0.51955882      0.46707799      0.84282480      5.00000000    -10.00000000
      5.05016722     -0.00000000     -0.00000000      0.00000000      0.00000000      0.04880519     -1.04934902      0.00091235      5.89040263      0.05682199      0.00000000      0.99983734      0.39898902      0.51993357      0.51993357      0.46642804      0.85487060      5.00000000    -10.00000000
      5.21739130     -0.00000000     -0.00000000      0.00000000      0.00000000      0.04828469     -1.08093378      0.00087372      6.45708965      0.05500256      0.00000000      0.99983734      0.39695549      0.52029826      0.52029826      0.46579502      0.86589943      5.00000000    -10.00000000
      5.38461538     -0.00000000     -0.00000000      0.00000000      0.00000000      0.04774756     -1.11259402      0.00083668      7.06423445      0.05326352      0.00000000      0.99983734      0.39495942      0.52065181      0.52065181      0.46517812      0.87599567      5.00000000    -10.00000000
      5.55183946     -0.00000000     -0.00000000      0.00000000      0.00000000      0.04719471     -1.14432629      0.00080118      7.71371113      0.05160097      0.00000000      0.99983734      0.39300178      0.52099421      0.52099421      0.46456965      0.88523833      5.00000000    -10.00000000
      5.71906355     -0.00000000     -0.00000000      0.00000000      0.00000000      0.04662703     -1.17612730      0.00076716      8.40741738      0.05001123      0.00000000      0.99983734      0.39103564      0.52132514      0.52132514      0.46397329      0.89370090      5.00000000    -10.00000000
      5.88628763     -0.00000000     -0.00000000      0.00000000      0.00000000      0.04604544     -1.20799390      0.00073456      9.14727014      0.04849082      0.00000000      0.99983734      0.38910574      0.52164427      0.52164427      0.46338885      0.90145133      5.00000000    -10.00000000
      6.05351171     -0.00000000     -0.00000000      0.00000000      0.00000000      0.04545086     -1.23992308      0.00070332      9.93520084      0.04703643      0.00000000      0.99983734      0.38718980      0.52195148      0.52195148      0.46286308      0.90855221      5.00000000    -10.00000000
      6.22073579     -0.00000000     -0.00000000      0.00000000      0.00000000      0.04484422     -1.27191197      0.00067341     10.77315017      0.04564497      0.00000000      0.99983734      0.38537090      0.52224650      0.52224650      0.46225742      0.91506097      5.00000000    -10.00000000
      6.38795987     -0.00000000     -0.00000000      0.00000000      0.00000000      0.04422643     -1.30395785      0.00064476     11.66306272      0.04431350      0.00000000      0.99983734      0.38358987      0.52252366      0.52252366      0.46170677      0.92103016      5.00000000    -10.00000000
      6.55518395     -0.00000000     -0.00000000      0.00000000      0.00000000      0.04359841     -1.33605812      0.00061732     12.60688103      0.04303924      0.00000000      0.99983734      0.38182468      0.52279961      0.52279961      0.46117779      0.92650777      5.00000000    -10.00000000
      6.72240803     -0.00000000     -0.00000000      0.00000000      0.00000000      0.04296110     -1.36821029      0.00059106     13.60653932      0.04181957      0.00000000      0.99983734      0.38009029      0.52305742      0.52305742      0.46062907      0.93153751      5.00000000    -10.00000000
      6.88963211     -0.00000000     -0.00000000      0.00000000      0.00000000      0.04231540     -1.40041201      0.00056593     14.66395670      0.04065201      0.00000000      0.99983734      0.37838515      0.52330370      0.52330370      0.46015190      0.93615917      5.00000000    -10.00000000
      7.05685619     -0.00000000     -0.00000000      0.00000000      0.00000000      0.04166221     -1.43266104      0.00054187     15.78103015      0.03953421      0.00000000      0.99983734      0.37671347      0.52353525      0.52353525      0.45964402      0.94040890      5.00000000    -10.00000000
      7.22408027     -0.00000000     -0.00000000      0.00000000      0.00000000      0.04100242     -1.46495525      0.00051885     16.95962657      0.03846396      0.00000000      0.99983734      0.37507723      0.52375516      0.52375516      0.45918656      0.94431955      5.00000000    -10.00000000
      7.39130435     -0.00000000     -0.00000000      0.00000000      0.00000000      0.04033691     -1.49729260      0.00049683     18.20157496      0.03743914      0.00000000      0.99983734      0.37347589      0.52396234      0.52396234      0.45875270      0.94792094      5.00000000    -10.00000000
      7.55852843     -0.00000000     -0.00000000      0.00000000      0.00000000      0.03966654     -1.52967118      0.00047577     19.50865762      0.03645779      0.00000000      0.99983734      0.37191213      0.52415732      0.52415732      0.45826914      0.95124010      5.00000000    -10.00000000
      7.72575251     -0.00000000     -0.00000000      0.00000000      0.00000000      0.03899216     -1.56208915      0.00045562     20.88260083      0.03551800      0.00000000      0.99983734      0.37038411      0.52433963      0.52433963      0.45783497      0.95430159      5.00000000    -10.00000000
      7.89297659     -0.00000000     -0.00000000      0.00000000      0.00000000      0.03831459     -1.59454476      0.00043636     22.32506554      0.03461802      0.00000000      0.99983734      0.36889638      0.52450940      0.52450940      0.45741420      0.95712767      5.00000000    -10.00000000
      8.06020067     -0.00000000     -0.00000000      0.00000000      0.00000000      0.03763464     -1.62703636      0.00041794     23.83763677      0.03375614      0.00000000      0.99983734      0.36733809      0.52466694      0.52466694      0.45700931      0.95973852      5.00000000    -10.00000000
      8.22742475     -0.00000000     -0.00000000      0.00000000      0.00000000      0.03695308     -1.65956236      0.00040034     25.42181347      0.03293079      0.00000000      0.99983734      0.36603145      0.52481233      0.52481233      0.45661828      0.96215248      5.00000000    -10.00000000
      8.39464883     -0.00000000     -0.00000000      0.00000000      0.00000000      0.03627067     -1.69212126      0.00038352     27.07899725      0.03214045      0.00000000      0.99983734      0.36461710      0.52494584      0.52494584      0.45624709      0.96438619      5.00000000    -10.00000000
      8.56187291     -0.00000000     -0.00000000      0.00000000      0.00000000      0.03558816     -1.72471164      0.00036744     28.81048087      0.03138369      0.00000000      0.99983734      0.36338166      0.52506819      0.52506819      0.45587978      0.96645475      5.00000000    -10.00000000
      8.72909699     -0.00000000     -0.00000000      0.00000000      0.00000000      0.03490624     -1.75733213      0.00035208     30.61743734      0.03065917      0.00000000      0.99983734      0.36204466      0.52517713      0.52517713      0.45553003      0.96837188      5.00000000    -10.00000000
      8.89632107     -0.00000000     -0.00000000      0.00000000      0.00000000      0.03422560     -1.78998143      0.00033741     32.50090737      0.02996561      0.00000000      0.99983734      0.36076122      0.52527455      0.52527455      0.45510549      0.97015006      5.00000000    -10.00000000
      9.06354515     -0.00000000     -0.00000000      0.00000000      0.00000000      0.03354690     -1.82265831      0.00032339     34.46178777      0.02930180      0.00000000      0.99983734      0.35954098      0.52536013      0.52536013      0.45488129      0.97180063      5.00000000    -10.00000000
      9.23076923     -0.00000000     -0.00000000      0.00000000      0.00000000      0.03287076     -1.85536161      0.00031000     36.50081990      0.02866659      0.00000000      0.99983734      0.35835770      0.52543563      0.52543563      0.45457728      0.97333392      5.00000000    -10.00000000
      9.39799331     -0.00000000     -0.00000000      0.00000000      0.00000000      0.03219777     -1.88809020      0.00029722     38.61858811      0.02805890      0.00000000      0.99983734      0.35721451      0.52549983      0.52549983      0.45428742      0.97475932      5.00000000    -10.00000000
      9.56521739     -0.00000000     -0.00000000      0.00000000      0.00000000      0.03152852     -1.92084303      0.00028501     40.81545492      0.02747772      0.00000000      0.99983734      0.35610993      0.52555334      0.52555334      0.45401176      0.97608540      5.00000000    -10.00000000
      9.73244147     -0.00000000     -0.00000000      0.00000000      0.00000000      0.03086354     -1.95361909      0.00027336     43.09165881      0.02692205      0.00000000      0.99983734      0.35504240      0.52559653      0.52559653      0.45374986      0.97731997      5.00000000    -10.00000000
      9.89966555     -0.00000000     -0.00000000      0.00000000      0.00000000      0.03020335     -1.98641742      0.00026223     45.44726662      0.02639093      0.00000000      0.99983734      0.35401568      0.52563034      0.52563034      0.45350180      0.97847021      5.00000000    -10.00000000
     10.06688963     -0.00000000     -0.00000000      0.00000000      0.00000000      0.02954843     -2.01923711      0.00025162     47.88186495      0.02588362      0.00000000      0.99983734      0.35302591      0.52565284      0.52565284      0.45326819      0.97954252      5.00000000    -10.00000000
     10.23411371     -0.00000000     -0.00000000      0.00000000      0.00000000      0.02889923     -2.05207730      0.00024148     50.39525598      0.02539916      0.00000000      0.99983734      0.35207109      0.52566649      0.52566649      0.45304647      0.98054295      5.00000000    -10.00000000
     10.40133779     -0.00000000     -0.00000000      0.00000000      0.00000000      0.02825619     -2.08493717      0.00023181     52.98671351      0.02493679      0.00000000      0.99983734      0.35115763      0.52567087      0.52567087      0.45283880      0.98147692      5.00000000    -10.00000000
     10.56856187     -0.00000000     -0.00000000      0.00000000      0.00000000      0.02761971     -2.11781596      0.00022258     55.65538289      0.02449575      0.00000000      0.99983734      0.35028347      0.52566623      0.52566623      0.45244202      0.98234943      5.00000000    -10.00000000
     10.73578595     -0.00000000     -0.00000000      0.00000000      0.00000000      0.02699015     -2.15071293      0.00021377     58.40016361      0.02407533      0.00000000      0.99983734      0.34944290      0.52565289      0.52565289      0.45243867      0.98316503      5.00000000    -10.00000000
     10.90301003     -0.00000000     -0.00000000      0.00000000      0.00000000      0.02636786     -2.18362739      0.00020537     61.21975039      0.02367484      0.00000000      0.99983734      0.34863946      0.52563095      0.52563095      0.45229252      0.98392793      5.00000000    -10.00000000
     11.07023411     -0.00000000     -0.00000000      0.00000000      0.00000000      0.02575317     -2.21655870      0.00019735     64.11257801      0.02329361      0.00000000      0.99983734      0.34786570      0.52560114      0.52560114      0.45214592      0.98464198      5.00000000    -10.00000000
     11.23745819     -0.00000000     -0.00000000      0.00000000      0.00000000      0.02514636     -2.24950625      0.00018970     67.07688174      0.02293100      0.00000000      0.99983734      0.34714082      0.52556337      0.52556337      0.45199231      0.98531073      5.00000000    -10.00000000
     11.40468227     -0.00000000     -0.00000000      0.00000000      0.00000000      0.02454771     -2.28246946      0.00018241     70.11067895      0.02258641      0.00000000      0.99983734      0.34644503      0.52551793      0.52551793      0.45189782      0.98593741      5.00000000    -10.00000000
     11.57190635     -0.00000000     -0.00000000      0.00000000      0.00000000      0.02395745     -2.31544780      0.00017544     73.21179531      0.02225925      0.00000000      0.99983734      0.34578276      0.52546521      0.52546521      0.45173891      0.98652505      5.00000000    -10.00000000
     11.73913043     -0.00000000     -0.00000000      0.00000000      0.00000000      0.02337580     -2.34844077      0.00016879     76.37782003      0.02194894      0.00000000      0.99983734      0.34515657      0.52540574      0.52540574      0.45162948      0.98707640      5.00000000    -10.00000000
     11.90635452     -0.00000000     -0.00000000      0.00000000      0.00000000      0.02280297     -2.38144789      0.00016245     79.60621358      0.02165493      0.00000000      0.99983734      0.34456181      0.52533942      0.52533942      0.45153128      0.98759401      5.00000000    -10.00000000
     12.07357860     -0.00000000     -0.00000000      0.00000000      0.00000000      0.02223912     -2.41446873      0.00015640     82.89424171      0.02137668      0.00000000      0.99983734      0.34400119      0.52526654      0.52526654      0.45144393      0.98808023      5.00000000    -10.00000000
     12.24080268     -0.00000000     -0.00000000      0.00000000      0.00000000      0.02168440     -2.44750289      0.00015062     86.23907899      0.02111367      0.00000000      0.99983734      0.34347404      0.52518785      0.52518785      0.45136779      0.98853725      5.00000000    -10.00000000
     12.40802676     -0.00000000     -0.00000000      0.00000000      0.00000000      0.02113895     -2.48054999      0.00014511     89.63774266      0.02086539      0.00000000      0.99983734      0.34297999      0.52510303      0.52510303      0.45130109      0.98896707      5.00000000    -10.00000000
     12.57525084     -0.00000000     -0.00000000      0.00000000      0.00000000      0.02060288     -2.51360967      0.00013984     93.08712919      0.02063135      0.00000000      0.99983734      0.34233055      0.52501290      0.52501290      0.45124528      0.98937155      5.00000000    -10.00000000
     12.74247492     -0.00000000     -0.00000000      0.00000000      0.00000000      0.02007628     -2.54668161      0.00013481     96.58409370      0.02041104      0.00000000      0.99983734      0.34208394      0.52491736      0.52491736      0.45119910      0.98975243      5.00000000    -10.00000000
     12.90969900     -0.00000000     -0.00000000      0.00000000      0.00000000      0.01955922     -2.57976549      0.00013001    100.12542536      0.02020401      0.00000000      0.99983734      0.34170248      0.52481675      0.52481675      0.45116274      0.99011129      5.00000000    -10.00000000
     13.07692308     -0.00000000     -0.00000000      0.00000000      0.00000000      0.01905176     -2.61286105      0.00012542    103.70786408      0.02000979      0.00000000      0.99983734      0.34130737      0.52471120      0.52471120      0.45113559      0.99044962      5.00000000    -10.00000000
     13.24414716     -0.00000000     -0.00000000      0.00000000      0.00000000      0.01855395     -2.64596800      0.00012103    107.32815518      0.01982791      0.00000000      0.99983734      0.34096466      0.52460109      0.52460109      0.45111760      0.99076879      5.00000000    -10.00000000
     13.41137124     -0.00000000     -0.00000000      0.00000000      0.00000000      0.01806580     -2.67908609      0.00011684    110.98302825      0.01965795      0.00000000      0.99983734      0.34064922      0.52448740      0.52448740      0.45110845      0.99107008      5.00000000    -10.00000000
     13.57859532     -0.00000000     -0.00000000      0.00000000      0.00000000      0.01758733     -2.71221510      0.00011282    114.66924524      0.01949947      0.00000000      0.99983734      0.34036323      0.52436925      0.52436925      0.45110779      0.99135466      5.00000000    -10.00000000
     13.74581940     -0.00000000     -0.00000000      0.00000000      0.00000000      0.01711853     -2.74535478      0.00010899    118.38359541      0.01935205      0.00000000      0.99983734      0.34010396      0.52424736      0.52424736      0.45111562      0.99162364      5.00000000    -10.00000000
     13.91304348     -0.00000000     -0.00000000      0.00000000      0.00000000      0.01665939     -2.77850493      0.00010531    122.12292602      0.01921528      0.00000000      0.99983734      0.33987216      0.52412191      0.52412191      0.45109919      0.99187804      5.00000000    -10.00000000
     14.08026756     -0.00000000     -0.00000000      0.00000000      0.00000000      0.01620987     -2.81166534      0.00010180    125.88413730      0.01908876      0.00000000      0.99983734      0.33932626      0.52399362      0.52399362      0.45115511      0.99211879      5.00000000    -10.00000000
     14.24749164     -0.00000000     -0.00000000      0.00000000      0.00000000      0.01576994     -2.84483597      0.00009843    129.66624972      0.01897182      0.00000000      0.99983734      0.33949099      0.52386138      0.52386138      0.45118621      0.99234691      5.00000000    -10.00000000
     14.41471572     -0.00000000     -0.00000000      0.00000000      0.00000000      0.01533954     -2.87801612      0.00009520    133.46017452      0.01886498      0.00000000      0.99983734      0.33936881      0.52372667      0.52372667      0.45134466      0.99256285      5.00000000    -10.00000000
     14.58193980     -0.00000000     -0.00000000      0.00000000      0.00000000      0.01491862     -2.91120611      0.00009211    137.26917885      0.01876698      0.00000000      0.99983734      0.33919884      0.52358963      0.52358963      0.45127053      0.99276773      5.00000000    -10.00000000
     14.74916388     -0.00000000     -0.00000000      0.00000000      0.00000000      0.01450710     -2.94440557      0.00008914    141.08843596      0.01867778      0.00000000      0.99983734      0.33909155      0.52344956      0.52344956      0.45132272      0.99296213      5.00000000    -10.00000000
     14.91638796     -0.00000000     -0.00000000      0.00000000      0.00000000      0.01410489     -2.97761563      0.00008629    144.92461410      0.01859588      0.00000000      0.99983734      0.33900751      0.52330757      0.52330757      0.45138151      0.99314715      5.00000000    -10.00000000
     15.08361204     -0.00000000     -0.00000000      0.00000000      0.00000000      0.01371193     -3.01083216      0.00008356    148.74697494      0.01852450      0.00000000      0.99983734      0.33894603      0.52316351      0.52316351      0.45144702      0.99332207      5.00000000    -10.00000000
     15.25083612     -0.00000000     -0.00000000      0.00000000      0.00000000      0.01332810     -3.04406005      0.00008094    152.58977905      0.01845876      0.00000000      0.99983734      0.33890755      0.52301767      0.52301767      0.45152351      0.99348915      5.00000000    -10.00000000
     15.41806020     -0.00000000     -0.00000000      0.00000000      0.00000000      0.01295330     -3.07729546      0.00007842    156.42378002      0.01840167      0.00000000      0.99983734      0.33887358      0.52287029      0.52287029      0.45159562      0.99364772      5.00000000    -10.00000000
     15.58528428     -0.00000000     -0.00000000      0.00000000      0.00000000      0.01258744     -3.11053840      0.00007600    160.24693137      0.01835282      0.00000000      0.99983734      0.33889209      0.52272165      0.52272165      0.45167273      0.99379833      5.00000000    -10.00000000
     15.75250836     -0.00000000     -0.00000000      0.00000000      0.00000000      0.01223040     -3.14379076      0.00007367    164.07393877      0.01831003      0.00000000      0.99983734      0.33891894      0.52257341      0.52257341      0.45175567      0.99394211      5.00000000    -10.00000000
     15.91973244     -0.00000000     -0.00000000      0.00000000      0.00000000      0.01188204     -3.17705127      0.00007143    167.89403791      0.01827404      0.00000000      0.99983734      0.33895828      0.52242029      0.52242029      0.45185984      0.99407913      5.00000000    -10.00000000
     16.08695652     -0.00000000     -0.00000000      0.00000000      0.00000000      0.01154226     -3.21031793      0.00006930    171.66393984      0.01824898      0.00000000      0.99983734      0.33901845      0.52226643      0.52226643      0.45195474      0.99420840      5.00000000    -10.00000000
     16.25418060     -0.00000000     -0.00000000      0.00000000      0.00000000      0.01121093     -3.24359603      0.00006721    175.50531197      0.01822153      0.00000000      0.99983734      0.33909714      0.52211166      0.52211166      0.45203148      0.99433445      5.00000000    -10.00000000
     16.42140468     -0.00000000     -0.00000000      0.00000000      0.00000000      0.01088791     -3.27688055      0.00006521    179.29863772      0.01820395      0.00000000      0.99983734      0.33919434      0.52195610      0.52195610      0.45216934      0.99445365      5.00000000    -10.00000000
     16.58862876     -0.00000000     -0.00000000      0.00000000      0.00000000      0.01057307     -3.31017174      0.00006328    183.06991714      0.01819305      0.00000000      0.99983734      0.33930808      0.52179989      0.52179989      0.45228111      0.99456728      5.00000000    -10.00000000
     16.75585284     -0.00000000     -0.00000000      0.00000000      0.00000000      0.01026628     -3.34346818      0.00006144    186.78336472      0.01819189      0.00000000      0.99983734      0.33944252      0.52164316      0.52164316      0.45239788      0.99467471      5.00000000    -10.00000000
     16.92307692     -0.00000000     -0.00000000      0.00000000      0.00000000      0.00996739     -3.37677374      0.00005965    190.52087534      0.01819210      0.00000000      0.99983734      0.33958715      0.52148607      0.52148607      0.45243114      0.99477864      5.00000000    -10.00000000
     17.09030100     -0.00000000     -0.00000000      0.00000000      0.00000000      0.00967626     -3.41008609      0.00005793    194.23742039      0.01819782      0.00000000      0.99983734      0.33974781      0.52132863      0.52132863      0.45264293      0.99487803      5.00000000    -10.00000000
     17.25752508     -0.00000000     -0.00000000      0.00000000      0.00000000      0.00939276     -3.44340664      0.00005626    197.96726961      0.01820559      0.00000000      0.99983734      0.34043697      0.52117114      0.52117114      0.45277049      0.99497405      5.00000000    -10.00000000
     17.42474916     -0.00000000     -0.00000000      0.00000000      0.00000000      0.00911673     -3.47673050      0.00005466    201.60144501      0.01822510      0.00000000      0.99983734      0.33952091      0.52101338      0.52101338      0.45290286      0.99506420      5.00000000    -10.00000000
     17.59197324     -0.00000000     -0.00000000      0.00000000      0.00000000      0.00884804     -3.51006351      0.00005310    205.27765108      0.01824357      0.00000000      0.99983734      0.34032785      0.52085576      0.52085576      0.45303716      0.99515217      5.00000000    -10.00000000
     17.75919732     -0.00000000     -0.00000000      0.00000000      0.00000000      0.00858653     -3.54340116      0.00005161    208.89303181      0.01826999      0.00000000      0.99983734      0.34054904      0.52069837      0.52069837      0.45317493      0.99523567      5.00000000    -10.00000000
     17.92642140     -0.00000000     -0.00000000      0.00000000      0.00000000      0.00833207     -3.57674469      0.00005017    212.47917199      0.01830126      0.00000000      0.99983734      0.34078326      0.52054100      0.52054100      0.45331585      0.99531570      5.00000000    -10.00000000
     18.09364548     -0.00000000     -0.00000000      0.00000000      0.00000000      0.00808450     -3.61009393      0.00004877    216.03459699      0.01833729      0.00000000      0.99983734      0.34103031      0.52038405      0.52038405      0.45345344      0.99539244      5.00000000    -10.00000000
     18.26086957     -0.00000000     -0.00000000      0.00000000      0.00000000      0.00784368     -3.64344770      0.00004743    219.53160148      0.01838017      0.00000000      0.99983734      0.34120368      0.52022750      0.52022750      0.45362967      0.99546550      5.00000000    -10.00000000
     18.42809365     -0.00000000     -0.00000000      0.00000000      0.00000000      0.00760947     -3.67680790      0.00004613    223.02315725      0.01842525      0.00000000      0.99983734      0.34156064      0.52007144      0.52007144      0.45375479      0.99553618      5.00000000    -10.00000000
     18.59531773     -0.00000000     -0.00000000      0.00000000      0.00000000      0.00738172     -3.71017327      0.00004486    226.51643488      0.01847184      0.00000000      0.99983734      0.34184416      0.51991575      0.51991575      0.45390598      0.99560471      5.00000000    -10.00000000
     18.76254181     -0.00000000     -0.00000000      0.00000000      0.00000000      0.00716029     -3.74354364      0.00004364    229.93460530      0.01852606      0.00000000      0.99983734      0.34213786      0.51976113      0.51976113      0.45406050      0.99566977      5.00000000    -10.00000000
     18.92976589     -0.00000000     -0.00000000      0.00000000      0.00000000      0.00694504     -3.77691884      0.00004246    233.31532934      0.01858461      0.00000000      0.99983734      0.34244245      0.51960707      0.51960707      0.45421513      0.99573225      5.00000000    -10.00000000
     19.09698997     -0.00000000     -0.00000000      0.00000000      0.00000000      0.00673581     -3.81029872      0.00004133    236.62612216      0.01864992      0.00000000      0.99983734      0.34275980      0.51945394      0.51945394      0.45437287      0.99579171      5.00000000    -10.00000000
     19.26421405     -0.00000000     -0.00000000      0.00000000      0.00000000      0.00653248     -3.84368374      0.00004022    239.94872541      0.01871537      0.00000000      0.99983734      0.34308279      0.51930205      0.51930205      0.45453238      0.99584974      5.00000000    -10.00000000
     19.43143813     -0.00000000     -0.00000000      0.00000000      0.00000000      0.00633490     -3.87707182      0.00003915    243.21899010      0.01878589      0.00000000      0.99983734      0.34341735      0.51915161      0.51915161      0.45469358      0.99590531      5.00000000    -10.00000000
     19.59866221     -0.00000000     -0.00000000      0.00000000      0.00000000      0.00614294     -3.91046474      0.00003812    246.43664914      0.01886136      0.00000000      0.99983734      0.34376075      0.51899981      0.51899981      0.45527539      0.99595856      5.00000000    -10.00000000
     19.76588629     -0.00000000     -0.00000000      0.00000000      0.00000000      0.00595645     -3.94386168      0.00003712    249.58618401      0.01894281      0.00000000      0.99983734      0.34411072      0.51884905      0.51884905      0.45507439      0.99600936      5.00000000    -10.00000000
     19.93311037     -0.00000000     -0.00000000      0.00000000      0.00000000      0.00577532     -3.97726251      0.00003615    252.71669275      0.01902638      0.00000000      0.99983734      0.34447029      0.51869941      0.51869941      0.45518678      0.99605860      5.00000000    -10.00000000
     20.10033445     -0.00000000     -0.00000000      0.00000000      0.00000000      0.00559939     -4.01066708      0.00003521    255.80115877      0.01911403      0.00000000      0.99983734      0.34483699      0.51855134      0.51855134      0.45535372      0.99610594      5.00000000    -10.00000000
     20.26755853     -0.00000000     -0.00000000      0.00000000      0.00000000      0.00542855     -4.04407523      0.00003430    258.83857784      0.01920574      0.00000000      0.99983734      0.34521324      0.51840491      0.51840491      0.45552185      0.99615146      5.00000000    -10.00000000
     20.43478261     -0.00000000     -0.00000000      0.00000000      0.00000000      0.00526267     -4.07748683      0.00003342    261.82784304      0.01930149      0.00000000      0.99983734      0.34559471      0.51825723      0.51825723      0.45569130      0.99619523      5.00000000    -10.00000000
     20.60200669     -0.00000000     -0.00000000      0.00000000      0.00000000      0.00510161     -4.11090174      0.00003256    264.76798247      0.01940127      0.00000000      0.99983734      0.34597301      0.51811066      0.51811066      0.45588005      0.99623732      5.00000000    -10.00000000
     20.76923077     -0.00000000     -0.00000000      0.00000000      0.00000000      0.00494526     -4.14431982      0.00003173    267.67486510      0.01950385      0.00000000      0.99983734      0.34637574      0.51796523      0.51796523      0.45603663      0.99627803      5.00000000    -10.00000000
     20.93645485     -0.00000000     -0.00000000      0.00000000      0.00000000      0.00479348     -4.17774093      0.00003093    270.51293526      0.01961176      0.00000000      0.99983734      0.34677616      0.51782107      0.51782107      0.45620588      0.99631693      5.00000000    -10.00000000
     21.10367893     -0.00000000     -0.00000000      0.00000000      0.00000000      0.00464617     -4.21116494      0.00003015    273.29910423      0.01972367      0.00000000      0.99983734      0.34718253      0.51767793      0.51767793      0.45637798      0.99635434      5.00000000    -10.00000000
     21.27090301     -0.00000000     -0.00000000      0.00000000      0.00000000      0.00450321     -4.24459172      0.00002939    276.01868529      0.01984060      0.00000000      0.99983734      0.34758806      0.51753610      0.51753610      0.45655173      0.99639014      5.00000000    -10.00000000
     21.43812709     -0.00000000     -0.00000000      0.00000000      0.00000000      0.00436447     -4.27802115      0.00002866    278.71243751      0.01995956      0.00000000      0.99983734      0.34801201      0.51739550      0.51739550      0.45672550      0.99642490      5.00000000    -10.00000000
     21.60535117     -0.00000000     -0.00000000      0.00000000      0.00000000      0.00422985     -4.31145310      0.00002795    281.33795888      0.02008355      0.00000000      0.99983734      0.34843466      0.51725616      0.51725616      0.45690018      0.99645815      5.00000000    -10.00000000
     21.77257525     -0.00000000     -0.00000000      0.00000000      0.00000000      0.00409923     -4.34488745      0.00002726    283.90830202      0.02021159      0.00000000      0.99983734      0.34886155      0.51711808      0.51711808      0.45707464      0.99649010      5.00000000    -10.00000000
     21.93979933     -0.00000000     -0.00000000      0.00000000      0.00000000      0.00397251     -4.37832407      0.00002659    286.41208667      0.02034445      0.00000000      0.99983734      0.34929348      0.51698128      0.51698128      0.45725070      0.99652068      5.00000000    -10.00000000
     22.10702341     -0.00000000     -0.00000000      0.00000000      0.00000000      0.00384957     -4.41176286      0.00002594    288.88059111      0.02047988      0.00000000      0.99983734      0.34971631      0.51684577      0.51684577      0.45742592      0.99655030      5.00000000    -10.00000000
     22.27424749     -0.00000000     -0.00000000      0.00000000      0.00000000      0.00373032     -4.44520369      0.00002531    291.27183973      0.02062084      0.00000000      0.99983734      0.35016938      0.51671156      0.51671156      0.45760221      0.99657853      5.00000000    -10.00000000
     22.44147157     -0.00000000     -0.00000000      0.00000000      0.00000000      0.00361466     -4.47864645      0.00002469    293.62367054      0.02076462      0.00000000      0.99983734      0.35061462      0.51657871      0.51657871      0.45777845      0.99660584      5.00000000    -10.00000000
     22.60869565     -0.00000000     -0.00000000      0.00000000      0.00000000      0.00350247     -4.51209103      0.00002410    295.90759270      0.02091323      0.00000000      0.99983734      0.35106191      0.51644707      0.51644707      0.45795451      0.99663195      5.00000000    -10.00000000
     22.77591973     -0.00000000     -0.00000000      0.00000000      0.00000000      0.00339367     -4.54553731      0.00002352    298.13228965      0.02106604      0.00000000      0.99983734      0.35151267      0.51631681      0.51631681      0.45813079      0.99665700      5.00000000    -10.00000000
     22.94314381     -0.00000000     -0.00000000      0.00000000      0.00000000      0.00328816     -4.57898520      0.00002296    300.29026292      0.02122358      0.00000000      0.99983734      0.35196813      0.51618786      0.51618786      0.45830704      0.99668094      5.00000000    -10.00000000
     23.11036789     -0.00000000     -0.00000000      0.00000000      0.00000000      0.00318585     -4.61243458      0.00002241    302.40168553      0.02138443      0.00000000      0.99983734      0.35242509      0.51606075      0.51606075      0.45848326      0.99670404      5.00000000    -10.00000000
     23.27759197     -0.00000000     -0.00000000      0.00000000      0.00000000      0.00308665     -4.64588534      0.00002188    304.44514692      0.02155011      0.00000000      0.99983734      0.35287996      0.51593394      0.51593394      0.45865943      0.99672609      5.00000000    -10.00000000
     23.44481605     -0.00000000     -0.00000000      0.00000000      0.00000000      0.00299046     -4.67933740      0.00002137    306.42753068      0.02172013      0.00000000      0.99983734      0.35334865      0.51580898      0.51580898      0.45870191      0.99674720      5.00000000    -10.00000000
     23.61204013     -0.00000000     -0.00000000      0.00000000      0.00000000      0.00289720     -4.71279063      0.00002087    308.34789845      0.02189459      0.00000000      0.99983734      0.35365226      0.51568534      0.51568534      0.45901117      0.99676739      5.00000000    -10.00000000
     23.77926421     -0.00000000     -0.00000000      0.00000000      0.00000000      0.00280679     -4.74624495      0.00002038    310.20595626      0.02207352      0.00000000      0.99983734      0.35427899      0.51556303      0.51556303      0.45918671      0.99678669      5.00000000    -10.00000000
     23.94648829     -0.00000000     -0.00000000      0.00000000      0.00000000      0.00271914     -4.77970025      0.00001991    312.00128479      0.02225699      0.00000000      0.99983734      0.35474870      0.51544204      0.51544204      0.45936131      0.99680512      5.00000000    -10.00000000
     24.11371237     -0.00000000     -0.00000000      0.00000000      0.00000000      0.00263418     -4.81315644      0.00001945    313.73348304      0.02244505      0.00000000      0.99983734      0.35521762      0.51532236      0.51532236      0.45953698      0.99682271      5.00000000    -10.00000000
     24.28093645     -0.00000000     -0.00000000      0.00000000      0.00000000      0.00255183     -4.84661342      0.00001900    315.40219794      0.02263777      0.00000000      0.99983734      0.35569120      0.51520401      0.51520401      0.45971160      0.99683947      5.00000000    -10.00000000
     24.44816054     -0.00000000     -0.00000000      0.00000000      0.00000000      0.00247200     -4.88007109      0.00001857    317.00710424      0.02283520      0.00000000      0.99983734      0.35616510      0.51508696      0.51508696      0.45988583      0.99685542      5.00000000    -10.00000000
     24.61538462     -0.00000000     -0.00000000      0.00000000      0.00000000      0.00239463     -4.91352936      0.00001815    318.54781860      0.02303743      0.00000000      0.99983734      0.35663970      0.51497122      0.51497122      0.46005970      0.99687058      5.00000000    -10.00000000
     24.78260870     -0.00000000     -0.00000000      0.00000000      0.00000000      0.00231964     -4.94698814      0.00001774    320.02418018      0.02324451      0.00000000      0.99983734      0.35711811      0.51485678      0.51485678      0.46023305      0.99688497      5.00000000    -10.00000000
     24.94983278     -0.00000000     -0.00000000      0.00000000      0.00000000      0.00224697     -4.98044734      0.00001734    321.43585292      0.02345654      0.00000000      0.99983734      0.35759421      0.51474363      0.51474363      0.46040608      0.99689861      5.00000000    -10.00000000
     25.11705686     -0.00000000     -0.00000000      0.00000000      0.00000000      0.00217654     -5.01390686      0.00001695    322.78265582      0.02367357      0.00000000      0.99983734      0.35807390      0.51463176      0.51463176      0.46057831      0.99691151      5.00000000    -10.00000000
     25.28428094     -0.00000000     -0.00000000      0.00000000      0.00000000      0.00210829     -5.04736661      0.00001657    324.06435776      0.02389571      0.00000000      0.99983734      0.35855095      0.51452117      0.51452117      0.46075010      0.99692369      5.00000000    -10.00000000
     25.45150502     -0.00000000     -0.00000000      0.00000000      0.00000000      0.00204215     -5.08082651      0.00001621    325.28079488      0.02412303      0.00000000      0.99983734      0.35903142      0.51441185      0.51441185      0.46092139      0.99693516      5.00000000    -10.00000000
     25.61872910     -0.00000000     -0.00000000      0.00000000      0.00000000      0.00197806     -5.11428646      0.00001585    326.43181393      0.02435562      0.00000000      0.99983734      0.35951161      0.51430379      0.51430379      0.46109212      0.99694593      5.00000000    -10.00000000
     25.78595318     -0.00000000     -0.00000000      0.00000000      0.00000000      0.00191596     -5.14774638      0.00001550    327.51729203      0.02459357      0.00000000      0.99983734      0.35999317      0.51419731      0.51419731      0.46126217      0.99695602      5.00000000    -10.00000000
     25.95317726     -0.00000000     -0.00000000      0.00000000      0.00000000      0.00185578     -5.18120617      0.00001516    328.53714215      0.02483698      0.00000000      0.99983734      0.36047320      0.51409140      0.51409140      0.46143169      0.99696544      5.00000000    -10.00000000
     26.12040134     -0.00000000     -0.00000000      0.00000000      0.00000000      0.00179748     -5.21466576      0.00001483    329.49134113      0.02508594      0.00000000      0.99983734      0.36134975      0.51398706      0.51398706      0.46160042      0.99697420      5.00000000    -10.00000000
     26.28762542     -0.00000000     -0.00000000      0.00000000      0.00000000      0.00174100     -5.24812506      0.00001451    330.37981238      0.02534057      0.00000000      0.99983734      0.36105832      0.51388394      0.51388394      0.46176837      0.99698231      5.00000000    -10.00000000
     26.45484950     -0.00000000     -0.00000000      0.00000000      0.00000000      0.00168627     -5.28158397      0.00001420    331.20255970      0.02560096      0.00000000      0.99983734      0.36191644      0.51378203      0.51378203      0.46193525      0.99698979      5.00000000    -10.00000000
     26.62207358     -0.00000000     -0.00000000      0.00000000      0.00000000      0.00163324     -5.31504242      0.00001390    331.95963161      0.02586722      0.00000000      0.99983734      0.36239742      0.51368131      0.51368131      0.46210261      0.99699663      5.00000000    -10.00000000
     26.78929766     -0.00000000     -0.00000000      0.00000000      0.00000000      0.00158188     -5.34850031      0.00001360    332.65105058      0.02613946      0.00000000      0.99983734      0.36287742      0.51358182      0.51358182      0.46226863      0.99700286      5.00000000    -10.00000000
     26.95652174     -0.00000000     -0.00000000      0.00000000      0.00000000      0.00153211     -5.38195757      0.00001332    333.27690712      0.02641781      0.00000000      0.99983734      0.36335871      0.51348344      0.51348344      0.46243387      0.99700847      5.00000000    -10.00000000
     27.12374582     -0.00000000     -0.00000000      0.00000000      0.00000000      0.00148390     -5.41541411      0.00001304    333.83732943      0.02670238      0.00000000      0.99983734      0.36383951      0.51338618      0.51338618      0.46259867      0.99701348      5.00000000    -10.00000000
     27.29096990     -0.00000000     -0.00000000      0.00000000      0.00000000      0.00143720     -5.44886985      0.00001276    334.33255529      0.02699328      0.00000000      0.99983734      0.36430665      0.51329023      0.51329023      0.46276204      0.99701789      5.00000000    -10.00000000
     27.45819398     -0.00000000     -0.00000000      0.00000000      0.00000000      0.00139196     -5.48232468      0.00001250    334.76237824      0.02729068      0.00000000      0.99983734      0.36479648      0.51319533      0.51319533      0.46292499      0.99702170      5.00000000    -10.00000000
     27.62541806     -0.00000000     -0.00000000      0.00000000      0.00000000      0.00134814     -5.51577854      0.00001224    335.12739083      0.02759467      0.00000000      0.99983734      0.36527445      0.51310157      0.51310157      0.46308695      0.99702494      5.00000000    -10.00000000
     27.79264214     -0.00000000     -0.00000000      0.00000000      0.00000000      0.00130569     -5.54923134      0.00001199    335.42766587      0.02790540      0.00000000      0.99983734      0.36575191      0.51300892      0.51300892      0.46349763      0.99702759      5.00000000    -10.00000000
     27.95986622     -0.00000000     -0.00000000      0.00000000      0.00000000      0.00126457     -5.58268300      0.00001174    335.66346738      0.02822301      0.00000000      0.99983734      0.36622861      0.51291739      0.51291739      0.46343297      0.99702967      5.00000000    -10.00000000
     28.12709030     -0.00000000     -0.00000000      0.00000000      0.00000000      0.00122474     -5.61613342      0.00001150    335.83508114      0.02854764      0.00000000      0.99983734      0.36670427      0.51282694      0.51282694      0.46336950      0.99703119      5.00000000    -10.00000000
     28.29431438     -0.00000000     -0.00000000      0.00000000      0.00000000      0.00118616     -5.64958253      0.00001127    335.94280655      0.02887945      0.00000000      0.99983734      0.36718083      0.51273757      0.51273757      0.46372750      0.99703214      5.00000000    -10.00000000
     28.46153846     -0.00000000     -0.00000000      0.00000000      0.00000000      0.00114879     -5.68303024      0.00001104    335.98698619      0.02921857      0.00000000      0.99983734      0.36765178      0.51264927      0.51264927      0.46388561      0.99703253      5.00000000    -10.00000000
     28.62876254     -0.00000000     -0.00000000      0.00000000      0.00000000      0.00111259     -5.71647672      0.00001082    335.97312522      0.02956473      0.00000000      0.99983734      0.36813513      0.51256203      0.51256203      0.46404274      0.99703240      5.00000000    -10.00000000
     28.79598662     -0.00000000     -0.00000000      0.00000000      0.00000000      0.00107754     -5.74992111      0.00001061    335.88620053      0.02991942      0.00000000      0.99983734      0.36859721      0.51247582      0.51247582      0.46419898      0.99703164      5.00000000    -10.00000000
     28.96321070     -0.00000000     -0.00000000      0.00000000      0.00000000      0.00104358     -5.78336410      0.00001040    335.74204835      0.03028146      0.00000000      0.99983734      0.36906709      0.51239065      0.51239065      0.46435463      0.99703037      5.00000000    -10.00000000
     29.13043478     -0.00000000     -0.00000000      0.00000000      0.00000000      0.00101070     -5.81680535      0.00001019    335.53598214      0.03065148      0.00000000      0.99983734      0.36953645      0.51230649      0.51230649      0.46450907      0.99702855      5.00000000    -10.00000000
     29.29765886     -0.00000000     -0.00000000      0.00000000      0.00000000      0.00097884     -5.85024476      0.00000999    335.26847460      0.03102965      0.00000000      0.99983734      0.36975182      0.51222334      0.51222334      0.46466282      0.99702619      5.00000000    -10.00000000
     29.46488294     -0.00000000     -0.00000000      0.00000000      0.00000000      0.00094800     -5.88368226      0.00000980    334.94003239      0.03141614      0.00000000      0.99983734      0.37047048      0.51214118      0.51214118      0.46481573      0.99702328      5.00000000    -10.00000000
     29.63210702     -0.00000000     -0.00000000      0.00000000      0.00000000      0.00091812     -5.91711774      0.00000961    334.55119430      0.03181115      0.00000000      0.99983734      0.37093472      0.51206000      0.51206000      0.46496754      0.99701983      5.00000000    -10.00000000
     29.79933110     -0.00000000     -0.00000000      0.00000000      0.00000000      0.00088918     -5.95055113      0.00000942    334.10247460      0.03221486      0.00000000      0.99983734      0.37139984      0.51197979      0.51197979      0.46511863      0.99701584      5.00000000    -10.00000000
     29.96655518     -0.00000000     -0.00000000      0.00000000      0.00000000      0.00086116     -5.98398233      0.00000924    333.59449658      0.03262746      0.00000000      0.99983734      0.37186243      0.51190054      0.51190054      0.46526900      0.99701131      5.00000000    -10.00000000
     30.13377926     -0.00000000     -0.00000000      0.00000000      0.00000000      0.00083402     -6.01741126      0.00000907    333.02787888      0.03304915      0.00000000      0.99983734      0.37232238      0.51182223      0.51182223      0.46541816      0.99700624      5.00000000    -10.00000000
     30.30100334     -0.00000000     -0.00000000      0.00000000      0.00000000      0.00080774     -6.05083781      0.00000890    332.40323193      0.03348014      0.00000000      0.99983734      0.37278170      0.51174484      0.51174484      0.46556655      0.99700063      5.00000000    -10.00000000
     30.46822742     -0.00000000     -0.00000000      0.00000000      0.00000000      0.00078228     -6.08426191      0.00000873    331.72121922      0.03392064      0.00000000      0.99983734      0.37323929      0.51166838      0.51166838      0.46571195      0.99699448      5.00000000    -10.00000000
     30.63545151     -0.00000000     -0.00000000      0.00000000      0.00000000      0.00075763     -6.11768345      0.00000857    330.98252430      0.03437086      0.00000000      0.99983734      0.37369523      0.51159282      0.51159282      0.46586096      0.99698779      5.00000000    -10.00000000
     30.80267559     -0.00000000     -0.00000000      0.00000000      0.00000000      0.00073376     -6.15110235      0.00000841    330.18785003      0.03483103      0.00000000      0.99983734      0.37415024      0.51151816      0.51151816      0.46606294      0.99698057      5.00000000    -10.00000000
     30.96989967     -0.00000000     -0.00000000      0.00000000      0.00000000      0.00071064     -6.18451851      0.00000825    329.33792940      0.03530137      0.00000000      0.99983734      0.37448813      0.51144438      0.51144438      0.46615132      0.99697280      5.00000000    -10.00000000
     31.13712375     -0.00000000     -0.00000000      0.00000000      0.00000000      0.00068825     -6.21793182      0.00000810    328.43351588      0.03578211      0.00000000      0.99983734      0.37505340      0.51137147      0.51137147      0.46629542      0.99696449      5.00000000    -10.00000000
     31.30434783     -0.00000000     -0.00000000      0.00000000      0.00000000      0.00066656     -6.25134221      0.00000795    327.47537974      0.03627349      0.00000000      0.99983734      0.37550259      0.51129941      0.51129941      0.46643839      0.99695563      5.00000000    -10.00000000
     31.47157191     -0.00000000     -0.00000000      0.00000000      0.00000000      0.00064556     -6.28474956      0.00000781    326.46432038      0.03677577      0.00000000      0.99983734      0.37595011      0.51122821      0.51122821      0.46657998      0.99694623      5.00000000    -10.00000000
     31.63879599     -0.00000000     -0.00000000      0.00000000      0.00000000      0.00062523     -6.31815378      0.00000767    325.40115538      0.03728918      0.00000000      0.99983734      0.37639592      0.51115784      0.51115784      0.46673216      0.99693629      5.00000000    -10.00000000
     31.80602007     -0.00000000     -0.00000000      0.00000000      0.00000000      0.00060554     -6.35155465      0.00000753    324.28484769      0.03781420      0.00000000      0.99983734      0.37683980      0.51108829      0.51108829      0.46686243      0.99692577      5.00000000    -10.00000000
     31.97324415     -0.00000000     -0.00000000      0.00000000      0.00000000      0.00058647     -6.38495242      0.00000740    323.12186674      0.03835045      0.00000000      0.99983734      0.37728255      0.51101957      0.51101957      0.46700172      0.99691474      5.00000000    -10.00000000
     32.14046823     -0.00000000     -0.00000000      0.00000000      0.00000000      0.00056800     -6.41834664      0.00000727    321.90747394      0.03889885      0.00000000      0.99983734      0.37771769      0.51095164      0.51095164      0.46714039      0.99690314      5.00000000    -10.00000000
     32.30769231     -0.00000000     -0.00000000      0.00000000      0.00000000      0.00055011     -6.45173731      0.00000714    320.64444177      0.03945946      0.00000000      0.99983734      0.37819226      0.51088452      0.51088452      0.46727855      0.99689098      5.00000000    -10.00000000
     32.47491639     -0.00000000     -0.00000000      0.00000000      0.00000000      0.00053280     -6.48512434      0.00000702    319.33367225      0.04003256      0.00000000      0.99983734      0.37859741      0.51081814      0.51081814      0.46742043      0.99687826      5.00000000    -10.00000000
     32.64214047     -0.00000000     -0.00000000      0.00000000      0.00000000      0.00051602     -6.51850761      0.00000690    317.97609126      0.04061845      0.00000000      0.99983734      0.37903211      0.51075254      0.51075254      0.46755095      0.99686497      5.00000000    -10.00000000
     32.80936455     -0.00000000     -0.00000000      0.00000000      0.00000000      0.00049978     -6.55188701      0.00000678    316.57264725      0.04121743      0.00000000      0.99983734      0.37941991      0.51068769      0.51068769      0.46768607      0.99685111      5.00000000    -10.00000000
     32.97658863     -0.00000000     -0.00000000      0.00000000      0.00000000      0.00048405     -6.58526244      0.00000666    315.12429368      0.04182980      0.00000000      0.99983734      0.37989580      0.51062359      0.51062359      0.46782031      0.99683669      5.00000000    -10.00000000
     33.14381271     -0.00000000     -0.00000000      0.00000000      0.00000000      0.00046882     -6.61863378      0.00000655    313.63200315      0.04245588      0.00000000      0.99983734      0.38032602      0.51056022      0.51056022      0.46795364      0.99682168      5.00000000    -10.00000000
     33.31103679     -0.00000000     -0.00000000      0.00000000      0.00000000      0.00045407     -6.65200089      0.00000644    312.09636598      0.04309604      0.00000000      0.99983734      0.38075170      0.51049759      0.51049759      0.46808614      0.99680610      5.00000000    -10.00000000
     33.47826087     -0.00000000     -0.00000000      0.00000000      0.00000000      0.00043979     -6.68536374      0.00000633    310.51956345      0.04375046      0.00000000      0.99983734      0.38117664      0.51043566      0.51043566      0.46821778      0.99678993      5.00000000    -10.00000000
     33.64548495     -0.00000000     -0.00000000      0.00000000      0.00000000      0.00042596     -6.71872212      0.00000622    308.90141775      0.04441963      0.00000000      0.99983734      0.38159994      0.51037445      0.51037445      0.46834854      0.99677317      5.00000000    -10.00000000
     33.81270903     -0.00000000     -0.00000000      0.00000000      0.00000000      0.00041257     -6.75207598      0.00000612    307.24378870      0.04510379      0.00000000      0.99983734      0.38202102      0.51031392      0.51031392      0.46847843      0.99675581      5.00000000    -10.00000000
     33.97993311     -0.00000000     -0.00000000      0.00000000      0.00000000      0.00039960     -6.78542510      0.00000602    305.54637941      0.04580348      0.00000000      0.99983734      0.38244388      0.51025409      0.51025409      0.46860697      0.99673785      5.00000000    -10.00000000
     34.14715719     -0.00000000     -0.00000000      0.00000000      0.00000000      0.00038704     -6.81876944      0.00000592    303.81155087      0.04651888      0.00000000      0.99983734      0.38285745      0.51019492      0.51019492      0.46884596      0.99671928      5.00000000    -10.00000000
     34.31438127     -0.00000000     -0.00000000      0.00000000      0.00000000      0.00037487     -6.85210885      0.00000583    302.03990901      0.04725042      0.00000000      0.99983734      0.38327262      0.51013643      0.51013643      0.46881255      0.99670010      5.00000000    -10.00000000
     34.48160535     -0.00000000     -0.00000000      0.00000000      0.00000000      0.00036309     -6.88544321      0.00000573    300.23250530      0.04799849      0.00000000      0.99983734      0.38368542      0.51007843      0.51007843      0.46898950      0.99668031      5.00000000    -10.00000000
     34.64882943     -0.00000000     -0.00000000      0.00000000      0.00000000      0.00035169     -6.91877238      0.00000564    298.39040345      0.04876349      0.00000000      0.99983734      0.38409698      0.51002139      0.51002139      0.46911524      0.99665988      5.00000000    -10.00000000
     34.81605351     -0.00000000     -0.00000000      0.00000000      0.00000000      0.00034064     -6.95209622      0.00000555    296.51454734      0.04954582      0.00000000      0.99983734      0.38455265      0.50996483      0.50996483      0.46924009      0.99663882      5.00000000    -10.00000000
     34.98327759     -0.00000000     -0.00000000      0.00000000      0.00000000      0.00032995     -6.98541462      0.00000546    294.60636984      0.05034586      0.00000000      0.99983734      0.38491305      0.50990891      0.50990891      0.46936410      0.99661712      5.00000000    -10.00000000
     35.15050167     -0.00000000     -0.00000000      0.00000000      0.00000000      0.00031959     -7.01872742      0.00000538    292.66655651      0.05116408      0.00000000      0.99983734      0.38531856      0.50985360      0.50985360      0.46948739      0.99659478      5.00000000    -10.00000000
     35.31772575     -0.00000000     -0.00000000      0.00000000      0.00000000      0.00030956     -7.05203448      0.00000530    290.69633925      0.05200089      0.00000000      0.99983734      0.38572167      0.50979881      0.50979881      0.46960911      0.99657178      5.00000000    -10.00000000
     35.48494983     -0.00000000     -0.00000000      0.00000000      0.00000000      0.00029984     -7.08533567      0.00000521    288.69678246      0.05285675      0.00000000      0.99983734      0.38612282      0.50974480      0.50974480      0.46973130      0.99654811      5.00000000    -10.00000000
     35.65217391     -0.00000000     -0.00000000      0.00000000      0.00000000      0.00029043     -7.11863084      0.00000513    286.66896317      0.05373210      0.00000000      0.99983734      0.38652194      0.50969129      0.50969129      0.46985196      0.99652378      5.00000000    -10.00000000
     35.81939799     -0.00000000     -0.00000000      0.00000000      0.00000000      0.00028132     -7.15191983      0.00000506    284.61396264      0.05462741      0.00000000      0.99983734      0.38691905      0.50963837      0.50963837      0.46997174      0.99649877      5.00000000    -10.00000000
     35.98662207     -0.00000000     -0.00000000      0.00000000      0.00000000      0.00027250     -7.18520251      0.00000498    282.53285911      0.05554316      0.00000000      0.99983734      0.38731417      0.50958602      0.50958602      0.47009107      0.99647307      5.00000000    -10.00000000
     36.15384615     -0.00000000     -0.00000000      0.00000000      0.00000000      0.00026396     -7.21847871      0.00000490    280.42672836      0.05647984      0.00000000      0.99983734      0.38770724      0.50953419      0.50953419      0.47020951      0.99644668      5.00000000    -10.00000000
     36.32107023     -0.00000000     -0.00000000      0.00000000      0.00000000      0.00025569     -7.25174828      0.00000483    278.29664649      0.05743796      0.00000000      0.99983734      0.38809727      0.50948302      0.50948302      0.47032697      0.99641958      5.00000000    -10.00000000
     36.48829431     -0.00000000     -0.00000000      0.00000000      0.00000000      0.00024767     -7.28501105      0.00000476    276.14368151      0.05841802      0.00000000      0.99983734      0.38849421      0.50943235      0.50943235      0.47044366      0.99639176      5.00000000    -10.00000000
     36.65551839     -0.00000000     -0.00000000      0.00000000      0.00000000      0.00023991     -7.31826687      0.00000469    273.96890430      0.05942056      0.00000000      0.99983734      0.38887450      0.50938223      0.50938223      0.47056002      0.99636323      5.00000000    -10.00000000
     36.82274247     -0.00000000     -0.00000000      0.00000000      0.00000000      0.00023240     -7.35151558      0.00000462    271.77337671      0.06044611      0.00000000      0.99983734      0.38925976      0.50933264      0.50933264      0.47067500      0.99633395      5.00000000    -10.00000000
     36.98996656     -0.00000000     -0.00000000      0.00000000      0.00000000      0.00022512     -7.38475699      0.00000455    269.55815639      0.06149523      0.00000000      0.99983734      0.38988198      0.50928355      0.50928355      0.47078949      0.99630394      5.00000000    -10.00000000
     37.15719064     -0.00000000     -0.00000000      0.00000000      0.00000000      0.00021808     -7.41799094      0.00000449    267.32429426      0.06256849      0.00000000      0.99983734      0.38977797      0.50923503      0.50923503      0.47090309      0.99627317      5.00000000    -10.00000000
     37.32441472     -0.00000000     -0.00000000      0.00000000      0.00000000      0.00021125     -7.45121725      0.00000442    265.07277000      0.06366648      0.00000000      0.99983734      0.39040254      0.50918700      0.50918700      0.47101605      0.99624163      5.00000000    -10.00000000
     37.49163880     -0.00000000     -0.00000000      0.00000000      0.00000000      0.00020464     -7.48443576      0.00000436    262.80486408      0.06478974      0.00000000      0.99983734      0.39077987      0.50913947      0.50913947      0.47112811      0.99620932      5.00000000    -10.00000000
     37.65886288     -0.00000000     -0.00000000      0.00000000      0.00000000      0.00019824     -7.51764625      0.00000430    260.52126449      0.06593896      0.00000000      0.99983734      0.39118459      0.50909244      0.50909244      0.47123964      0.99617622      5.00000000    -10.00000000
     37.82608696     -0.00000000     -0.00000000      0.00000000      0.00000000      0.00019204     -7.55084856      0.00000424    258.22320132      0.06711472      0.00000000      0.99983734      0.39152721      0.50904589      0.50904589      0.47134975      0.99614232      5.00000000    -10.00000000
     37.99331104     -0.00000000     -0.00000000      0.00000000      0.00000000      0.00018604     -7.58404249      0.00000418    255.91163208      0.06831766      0.00000000      0.99983734      0.39189809      0.50899985      0.50899985      0.47146020      0.99610761      5.00000000    -10.00000000
     38.16053512     -0.00000000     -0.00000000      0.00000000      0.00000000      0.00018023     -7.61722785      0.00000412    253.58756929      0.06954845      0.00000000      0.99983734      0.39226803      0.50895427      0.50895427      0.47156943      0.99607208      5.00000000    -10.00000000
     38.32775920     -0.00000000     -0.00000000      0.00000000      0.00000000      0.00017460     -7.65040444      0.00000407    251.25200645      0.07080774      0.00000000      0.99983734      0.39263517      0.50890916      0.50890916      0.47172600      0.99603571      5.00000000    -10.00000000
     38.49498328     -0.00000000     -0.00000000      0.00000000      0.00000000      0.00016914     -7.68357206      0.00000401    248.90587523      0.07209625      0.00000000      0.99983734      0.39300052      0.50886451      0.50886451      0.47178645      0.99599849      5.00000000    -10.00000000
     38.66220736     -0.00000000     -0.00000000      0.00000000      0.00000000      0.00016386     -7.71673050      0.00000396    246.55019108      0.07341467      0.00000000      0.99983734      0.39336360      0.50882032      0.50882032      0.47189289      0.99596042      5.00000000    -10.00000000
     38.82943144     -0.00000000     -0.00000000      0.00000000      0.00000000      0.00015875     -7.74987955      0.00000390    244.18589353      0.07476371      0.00000000      0.99983734      0.39372497      0.50877658      0.50877658      0.47199964      0.99592146      5.00000000    -10.00000000
     38.99665552     -0.00000000     -0.00000000      0.00000000      0.00000000      0.00015379     -7.78301900      0.00000385    241.81391893      0.07614412      0.00000000      0.99983734      0.39408476      0.50873329      0.50873329      0.47210464      0.99588162      5.00000000    -10.00000000
     39.16387960     -0.00000000     -0.00000000      0.00000000      0.00000000      0.00014899     -7.81614863      0.00000380    239.43519821      0.07755667      0.00000000      0.99983734      0.39444145      0.50869043      0.50869043      0.47220962      0.99584088      5.00000000    -10.00000000
     39.33110368     -0.00000000     -0.00000000      0.00000000      0.00000000      0.00014435     -7.84926821      0.00000375    237.05064337      0.07900211      0.00000000      0.99983734      0.39479728      0.50864800      0.50864800      0.47231375      0.99579921      5.00000000    -10.00000000
     39.49832776     -0.00000000     -0.00000000      0.00000000      0.00000000      0.00013985     -7.88237751      0.00000370    234.66115201      0.08048126      0.00000000      0.99983734      0.39515096      0.50860599      0.50860599      0.47241723      0.99575662      5.00000000    -10.00000000
     39.66555184     -0.00000000     -0.00000000      0.00000000      0.00000000      0.00013549     -7.91547631      0.00000365    232.26761157      0.08199492      0.00000000      0.99983734      0.39550254      0.50856441      0.50856441      0.47252012      0.99571308      5.00000000    -10.00000000
     39.83277592     -0.00000000     -0.00000000      0.00000000      0.00000000      0.00013127     -7.94856436      0.00000361    229.87086941      0.08354394      0.00000000      0.99983734      0.39585231      0.50852324      0.50852324      0.47262230      0.99566857      5.00000000    -10.00000000
     40.00000000     -0.00000000     -0.00000000      0.00000000      0.00000000      0.00012718     -7.98164142      0.00000356    227.47184279      0.08512915      0.00000000      0.99983734      0.39620015      0.50848248      0.50848248      0.47272320      0.99562309      5.00000000    -10.00000000
