    -10.00000000     -0.00000000     -0.00000000      0.00000000      0.00000000      0.00973086      0.00000201      0.00415345      0.00000000      3.41425275      0.00000000      0.99981545      0.50005834      0.50007701      0.50007701      0.49999016      0.00000000      1.90000000    -10.00000000
     -9.83277592     -0.00000000     -0.00000000      0.00000000      0.00000000      0.00970931      0.14740242      0.00414515      0.00193393      3.41499241      0.00000000      0.99981545      0.50793694      0.49931441      0.49931441      0.50280352      0.00193020      1.90000000    -10.00000000
     -9.66555184     -0.00000000     -0.00000000      0.00000000      0.00000000      0.00979955      0.29282836      0.00413502      0.00772215      3.37527736      0.00000000      0.99981545      0.51580421      0.49863959      0.49863959      0.50564847      0.00766298      1.90000000    -10.00000000
     -9.49832776     -0.00000000     -0.00000000      0.00000000      0.00000000      0.00989593      0.43624326      0.00411832      0.01737710      3.32890739      0.00000000      0.99981545      0.52391106      0.49796700      0.49796700      0.50910793      0.01708029      1.90000000    -10.00000000
     -9.33110368     -0.00000000     -0.00000000      0.00000000      0.00000000      0.01002142      0.57670308      0.00409522      0.03092715      3.26878387      0.00000000      0.99981545      0.53387927      0.49728878      0.49728878      0.51180970      0.02999935      1.90000000    -10.00000000
     -9.16387960     -0.00000000     -0.00000000      0.00000000      0.00000000      0.01018163      0.71320541      0.00406600      0.04840197      3.19438833      0.00000000      0.99981545      0.54128569      0.49661077      0.49661077      0.51439821      0.04616738      1.90000000    -10.00000000
     -8.99665552     -0.00000000     -0.00000000      0.00000000      0.00000000      0.01037852      0.84487091      0.00403097      0.06983769      3.10679316      0.00000000      0.99981545      0.54844284      0.49592833      0.49592833      0.51719731      0.06527877      1.90000000    -10.00000000
     -8.82943144     -0.00000000     -0.00000000      0.00000000      0.00000000      0.01061359      0.97091748      0.00399054      0.09527494      3.00751269      0.00000000      0.99981545      0.55585680      0.49524332      0.49524332      0.51974679      0.08698723      1.90000000    -10.00000000
     -8.66220736     -0.00000000     -0.00000000      0.00000000      0.00000000      0.01088836      1.09066113      0.00394514      0.12475659      2.89826226      0.00000000      0.99981545      0.56335938      0.49455424      0.49455424      0.52242137      0.11091875      1.90000000    -10.00000000
     -8.49498328     -0.00000000     -0.00000000      0.00000000      0.00000000      0.01120452      1.20351986      0.00389523      0.15832517      2.78085318      0.00000000      0.99981545      0.57089233      0.49386067      0.49386067      0.52516072      0.13668457      1.90000000    -10.00000000
     -8.32775920     -0.00000000     -0.00000000      0.00000000      0.00000000      0.01156394      1.30901577      0.00384131      0.19601983      2.65712052      0.00000000      0.99981545      0.57801879      0.49316272      0.49316272      0.52770222      0.16389346      1.90000000    -10.00000000
     -8.16053512     -0.00000000     -0.00000000      0.00000000      0.00000000      0.01196873      1.40677471      0.00378387      0.23787291      2.52886485      0.00000000      0.99981545      0.58428749      0.49245982      0.49245982      0.53030328      0.19216263      1.90000000    -10.00000000
     -7.99331104     -0.00000000     -0.00000000      0.00000000      0.00000000      0.01242124      1.49652345      0.00372341      0.28390614      2.39780452      0.00000000      0.99981545      0.59101008      0.49175166      0.49175166      0.53287222      0.22112687      1.90000000    -10.00000000
     -7.82608696     -0.00000000     -0.00000000      0.00000000      0.00000000      0.01292407      1.57808462      0.00366043      0.33412638      2.26553783      0.00000000      0.99981545      0.59764067      0.49103767      0.49103767      0.53540630      0.25044582      1.90000000    -10.00000000
     -7.65886288     -0.00000000     -0.00000000      0.00000000      0.00000000      0.01348004      1.65136994      0.00359541      0.38852103      2.13351513      0.00000000      0.99981545      0.60408877      0.49032002      0.49032002      0.53788827      0.27980925      1.90000000    -10.00000000
     -7.49163880     -0.00000000     -0.00000000      0.00000000      0.00000000      0.01409225      1.71637222      0.00352881      0.44705312      2.00302023      0.00000000      0.99981545      0.61035464      0.48959659      0.48959659      0.54032586      0.30894036      1.90000000    -10.00000000
     -7.32441472     -0.00000000     -0.00000000      0.00000000      0.00000000      0.01476404      1.77315644      0.00346103      0.50965601      1.87516060      0.00000000      0.99981545      0.61640619      0.48886851      0.48886851      0.54270817      0.33759744      1.90000000    -10.00000000
     -7.15719064     -0.00000000     -0.00000000      0.00000000      0.00000000      0.01549903      1.82198418      0.00339221      0.57636125      1.75071697      0.00000000      0.99981545      0.62220549      0.48813601      0.48813601      0.54504449      0.36562764      1.90000000    -10.00000000
     -6.98996656     -0.00000000     -0.00000000      0.00000000      0.00000000      0.01630107      1.86263561      0.00332355      0.64662605      1.63088792      0.00000000      0.99981545      0.62772517      0.48740081      0.48740081      0.54732219      0.39269757      1.90000000    -10.00000000
     -6.82274247     -0.00000000     -0.00000000      0.00000000      0.00000000      0.01717429      1.89573753      0.00325453      0.72066085      1.51581778      0.00000000      0.99981545      0.63297933      0.48666047      0.48666047      0.54953691      0.41882795      1.90000000    -10.00000000
     -6.65551839     -0.00000000     -0.00000000      0.00000000      0.00000000      0.01812306      1.92141745      0.00318571      0.79808980      1.40609030      0.00000000      0.99981545      0.63787483      0.48591910      0.48591910      0.55167676      0.44385425      1.90000000    -10.00000000
     -6.48829431     -0.00000000     -0.00000000      0.00000000      0.00000000      0.01915199      1.93996372      0.00311737      0.87861075      1.30200368      0.00000000      0.99981545      0.64243414      0.48517690      0.48517690      0.55373709      0.46769175      1.90000000    -10.00000000
     -6.32107023     -0.00000000     -0.00000000      0.00000000      0.00000000      0.02026591      1.95168536      0.00304971      0.96185747      1.20373363      0.00000000      0.99981545      0.64656035      0.48443529      0.48443529      0.55570598      0.49027898      1.90000000    -10.00000000
     -6.15384615     -0.00000000     -0.00000000      0.00000000      0.00000000      0.02146988      1.95690479      0.00298293      1.04739288      1.11135110      0.00000000      0.99981545      0.65009263      0.48369572      0.48369572      0.55758473      0.51157396      1.90000000    -10.00000000
     -5.98662207     -0.00000000     -0.00000000      0.00000000      0.00000000      0.02276913      1.95595170      0.00291719      1.13470243      1.02483931      0.00000000      0.99981545      0.65252572      0.48296174      0.48296174      0.55935582      0.53155063      1.90000000    -10.00000000
     -5.81939799     -0.00000000     -0.00000000      0.00000000      0.00000000      0.02416902      1.94915890      0.00285261      1.22319081      0.94410824      0.00000000      0.99981545      0.65655303      0.48223368      0.48223368      0.56101289      0.55019605      1.90000000    -10.00000000
     -5.65217391     -0.00000000     -0.00000000      0.00000000      0.00000000      0.02567505      1.93685778      0.00278932      1.31217698      0.86900957      0.00000000      0.99981545      0.66013668      0.48151578      0.48151578      0.56254892      0.56750715      1.90000000    -10.00000000
     -5.48494983     -0.00000000     -0.00000000      0.00000000      0.00000000      0.02729278      1.91937488      0.00272739      1.40089078      0.79934976      0.00000000      0.99981545      0.66323286      0.48081794      0.48081794      0.56395113      0.58348793      1.90000000    -10.00000000
     -5.31772575     -0.00000000     -0.00000000      0.00000000      0.00000000      0.02902774      1.89702907      0.00266689      1.48847087      0.73490151      0.00000000      0.99981545      0.66594777      0.48013862      0.48013862      0.56520618      0.59814679      1.90000000    -10.00000000
     -5.15050167     -0.00000000     -0.00000000      0.00000000      0.00000000      0.03088543      1.87012929      0.00260787      1.57396406      0.67541385      0.00000000      0.99981545      0.66813531      0.47947817      0.47947817      0.56631667      0.61149419      1.90000000    -10.00000000
     -4.98327759     -0.00000000     -0.00000000      0.00000000      0.00000000      0.03287116      1.83897288      0.00255037      1.65632663      0.62062058      0.00000000      0.99981545      0.66988870      0.47884375      0.47884375      0.56706324      0.62354027      1.90000000    -10.00000000
     -4.81605351     -0.00000000     -0.00000000      0.00000000      0.00000000      0.03499000      1.80384429      0.00249442      1.73442805      0.57024739      0.00000000      0.99981545      0.67101138      0.47823771      0.47823771      0.56802486      0.63429281      1.90000000    -10.00000000
     -4.64882943     -0.00000000     -0.00000000      0.00000000      0.00000000      0.03724669      1.76501427      0.00244003      1.80705773      0.52401766      0.00000000      0.99981545      0.67167491      0.47766981      0.47766981      0.56860353      0.64375510      1.90000000    -10.00000000
     -4.48160535     -0.00000000     -0.00000000      0.00000000      0.00000000      0.03964544      1.72273950      0.00238722      1.87293561      0.48165701      0.00000000      0.99981545      0.67180460      0.47714064      0.47714064      0.56909354      0.65192398      1.90000000    -10.00000000
     -4.31438127     -0.00000000     -0.00000000      0.00000000      0.00000000      0.04218986      1.67726254      0.00233600      1.93072746      0.44289689      0.00000000      0.99981545      0.67138602      0.47667270      0.47667270      0.56915820      0.65878779      1.90000000    -10.00000000
     -4.14715719     -0.00000000     -0.00000000      0.00000000      0.00000000      0.04488273      1.62881213      0.00228636      1.97906565      0.40747719      0.00000000      0.99981545      0.67041248      0.47625346      0.47625346      0.56908579      0.66432428      1.90000000    -10.00000000
     -3.97993311     -0.00000000     -0.00000000      0.00000000      0.00000000      0.04772588      1.57760378      0.00223830      2.01657618      0.37514810      0.00000000      0.99981545      0.66886738      0.47590314      0.47590314      0.56878069      0.66849834      1.90000000    -10.00000000
     -3.81270903     -0.00000000     -0.00000000      0.00000000      0.00000000      0.05071995      1.52384045      0.00219182      2.04191186      0.34567145      0.00000000      0.99981545      0.66675047      0.47562725      0.47562725      0.56821080      0.67125938      1.90000000    -10.00000000
     -3.64548495     -0.00000000     -0.00000000      0.00000000      0.00000000      0.05386416      1.46771323      0.00214689      2.05379154      0.31882147      0.00000000      0.99981545      0.66404788      0.47543499      0.47543499      0.56733896      0.67253822      1.90000000    -10.00000000
     -3.47826087     -0.00000000     -0.00000000      0.00000000      0.00000000      0.05715610      1.40940196      0.00210349      2.05104439      0.29438535      0.00000000      0.99981545      0.66075774      0.47533620      0.47533620      0.56590098      0.67224338      1.90000000    -10.00000000
     -3.31103679     -0.00000000     -0.00000000      0.00000000      0.00000000      0.06059151      1.34907574      0.00206160      2.03265823      0.27216346      0.00000000      0.99981545      0.65687633      0.47533790      0.47533790      0.56478167      0.67025628      1.90000000    -10.00000000
     -3.14381271     -0.00000000     -0.00000000      0.00000000      0.00000000      0.06416401      1.28689322      0.00202116      1.99783076      0.25196942      0.00000000      0.99981545      0.65240552      0.47545896      0.47545896      0.56338618      0.66642547      1.90000000    -10.00000000
     -2.97658863     -0.00000000     -0.00000000      0.00000000      0.00000000      0.06786492      1.22300292      0.00198215      1.94602251      0.23363002      0.00000000      0.99981545      0.64735812      0.47570146      0.47570146      0.56166539      0.66055928      1.90000000    -10.00000000
     -2.80936455     -0.00000000     -0.00000000      0.00000000      0.00000000      0.07168304      1.15754352      0.00194450      1.87701041      0.21698489      0.00000000      0.99981545      0.64170199      0.47607824      0.47607824      0.55965534      0.65241697      1.90000000    -10.00000000
     -2.64214047     -0.00000000     -0.00000000      0.00000000      0.00000000      0.07560447      1.09064411      0.00190817      1.79094045      0.20188613      0.00000000      0.99981545      0.63548557      0.47660060      0.47660060      0.55733806      0.64169784      1.90000000    -10.00000000
     -2.47491639     -0.00000000     -0.00000000      0.00000000      0.00000000      0.07961250      1.02242466      0.00187309      1.68837784      0.18819778      0.00000000      0.99981545      0.62874167      0.47730045      0.47730045      0.55470359      0.62802848      1.90000000    -10.00000000
     -2.30769231     -0.00000000     -0.00000000      0.00000000      0.00000000      0.08368749      0.95299639      0.00183920      1.57035210      0.17579519      0.00000000      0.99981545      0.62142358      0.47811729      0.47811729      0.55176994      0.61094824      1.90000000    -10.00000000
     -2.14046823     -0.00000000     -0.00000000      0.00000000      0.00000000      0.08780685      0.88246233      0.00180645      1.43839484      0.16456434      0.00000000      0.99981545      0.61364582      0.47912990      0.47912990      0.54851732      0.58989414      1.90000000    -10.00000000
     -1.97324415     -0.00000000     -0.00000000      0.00000000      0.00000000      0.09194508      0.81091780      0.00177477      1.29456698      0.15440119      0.00000000      0.99981545      0.60543348      0.48032739      0.48032739      0.54496109      0.56418792      1.90000000    -10.00000000
     -1.80602007     -0.00000000     -0.00000000      0.00000000      0.00000000      0.09607385      0.73845096      0.00174408      1.14147279      0.14521091      0.00000000      0.99981545      0.59643387      0.48169902      0.48169902      0.54109772      0.53303166      1.90000000    -10.00000000
     -1.63879599     -0.00000000     -0.00000000      0.00000000      0.00000000      0.10016225      0.66514330      0.00171432      0.98225789      0.13690724      0.00000000      0.99981545      0.58699566      0.48326539      0.48326539      0.53694035      0.49552477      1.90000000    -10.00000000
     -1.47157191     -0.00000000     -0.00000000      0.00000000      0.00000000      0.10417703      0.59107014      0.00168542      0.82058899      0.12941179      0.00000000      0.99981545      0.57714143      0.48502404      0.48502404      0.53254389      0.45072721      1.90000000    -10.00000000
     -1.30434783     -0.00000000     -0.00000000      0.00000000      0.00000000      0.10808301      0.51630102      0.00165729      0.66061407      0.12265342      0.00000000      0.99981545      0.56690770      0.48697433      0.48697433      0.52782880      0.39781313      1.90000000    -10.00000000
     -1.13712375     -0.00000000     -0.00000000      0.00000000      0.00000000      0.11184360      0.44090015      0.00162986      0.50690215      0.11656760      0.00000000      0.99981545      0.55630777      0.48911242      0.48911242      0.52288028      0.33638691      1.90000000    -10.00000000
     -0.96989967     -0.00000000     -0.00000000      0.00000000      0.00000000      0.11542131      0.36492671      0.00160305      0.36436345      0.11109590      0.00000000      0.99981545      0.54544870      0.49143365      0.49143365      0.51768443      0.26705747      1.90000000    -10.00000000
     -0.80267559     -0.00000000     -0.00000000      0.00000000      0.00000000      0.11877846      0.28843524      0.00157676      0.23815153      0.10618540      0.00000000      0.99981545      0.53426241      0.49395487      0.49395487      0.51226787      0.19234441      1.90000000    -10.00000000
     -0.63545151     -0.00000000     -0.00000000      0.00000000      0.00000000      0.12187790      0.21147585      0.00155090      0.13355051      0.10178822      0.00000000      0.99981545      0.52287295      0.49660835      0.49660835      0.50665136      0.11781611      1.90000000    -10.00000000
     -0.46822742     -0.00000000     -0.00000000      0.00000000      0.00000000      0.12468378      0.13409448      0.00152539      0.05585131      0.09786106      0.00000000      0.99981545      0.51128414      0.49942518      0.49942518      0.50083963      0.05289695      1.90000000    -10.00000000
     -0.30100334     -0.00000000     -0.00000000      0.00000000      0.00000000      0.12716233      0.05633318      0.00150014      0.01022210      0.09436478      0.00000000      0.99981545      0.49958181      0.50239861      0.50239861      0.49493325      0.01011866      1.90000000    -10.00000000
     -0.13377926     -0.00000000     -0.00000000      0.00000000      0.00000000      0.12928265     -0.02176979      0.00147503      0.00157845      0.09126395      0.00000000      0.99981545      0.48776388      0.50547470      0.50547470      0.48888373      0.00157596      1.90000000    -10.00000000
      0.03344482     -0.00000000     -0.00000000      0.00000000      0.00000000      0.13101749     -0.10017969      0.00144999      0.03445935      0.08852659      0.00000000      0.99981545      0.47588159      0.50864867      0.50864867      0.48262835      0.03331146      1.90000000    -10.00000000
      0.20066890     -0.00000000     -0.00000000      0.00000000      0.00000000      0.13234390     -0.17886519      0.00142491      0.11291466      0.08612373      0.00000000      0.99981545      0.46397454      0.51190422      0.51190422      0.47627997      0.10145851      1.90000000    -10.00000000
      0.36789298     -0.00000000     -0.00000000      0.00000000      0.00000000      0.13324385     -0.25779820      0.00139971      0.24040923      0.08402918      0.00000000      0.99981545      0.45207891      0.51521186      0.51521186      0.46991546      0.19381445      1.90000000    -10.00000000
      0.53511706     -0.00000000     -0.00000000      0.00000000      0.00000000      0.13370466     -0.33695375      0.00137430      0.41974801      0.08221924      0.00000000      0.99981545      0.44023519      0.51854737      0.51854737      0.46352095      0.29564965      1.90000000    -10.00000000
      0.70234114     -0.00000000     -0.00000000      0.00000000      0.00000000      0.13371942     -0.41630979      0.00134860      0.65302474      0.08067243      0.00000000      0.99981545      0.42846485      0.52188482      0.52188482      0.45711296      0.39504838      1.90000000    -10.00000000
      0.86956522     -0.00000000     -0.00000000      0.00000000      0.00000000      0.13328708     -0.49584705      0.00132252      0.94159587      0.07936928      0.00000000      0.99981545      0.41680093      0.52519656      0.52519656      0.45074466      0.48495976      1.90000000    -10.00000000
      1.03678930     -0.00000000     -0.00000000      0.00000000      0.00000000      0.13241251     -0.57554892      0.00129601      1.28607921      0.07829216      0.00000000      0.99981545      0.40526573      0.52845830      0.52845830      0.44443340      0.56256984      1.90000000    -10.00000000
      1.20401338     -0.00000000     -0.00000000      0.00000000      0.00000000      0.13110638     -0.65540119      0.00126902      1.68637552      0.07742508      0.00000000      0.99981545      0.39388334      0.53164323      0.53164323      0.43820006      0.62775122      1.90000000    -10.00000000
      1.37123746     -0.00000000     -0.00000000      0.00000000      0.00000000      0.12938482     -0.73539193      0.00124149      2.14170985      0.07675357      0.00000000      0.99981545      0.38267099      0.53473395      0.53473395      0.43206786      0.68170199      1.90000000    -10.00000000
      1.53846154     -0.00000000     -0.00000000      0.00000000      0.00000000      0.12726902     -0.81551118      0.00121341      2.65068830      0.07626455      0.00000000      0.99981545      0.37164783      0.53770152      0.53770152      0.42605636      0.72607905      1.90000000    -10.00000000
      1.70568562     -0.00000000     -0.00000000      0.00000000      0.00000000      0.12478467     -0.89575082      0.00118476      3.21136505      0.07594624      0.00000000      0.99981545      0.36082173      0.54052953      0.54052953      0.42021425      0.76254730      1.90000000    -10.00000000
      1.87290970     -0.00000000     -0.00000000      0.00000000      0.00000000      0.12196129     -0.97610420      0.00115554      3.82131462      0.07578811      0.00000000      0.99981545      0.35019411      0.54320198      0.54320198      0.41446425      0.79258769      1.90000000    -10.00000000
      2.04013378     -0.00000000     -0.00000000      0.00000000      0.00000000      0.11883154     -1.05656596      0.00112578      4.47770358      0.07578084      0.00000000      0.99981545      0.33983526      0.54570195      0.54570195      0.40891277      0.81744175      1.90000000    -10.00000000
      2.20735786     -0.00000000     -0.00000000      0.00000000      0.00000000      0.11543040     -1.13713182      0.00109551      5.17736106      0.07591624      0.00000000      0.99981545      0.32967740      0.54801828      0.54801828      0.40355475      0.83811858      1.90000000    -10.00000000
      2.37458194     -0.00000000     -0.00000000      0.00000000      0.00000000      0.11179446     -1.21779834      0.00106479      5.91684214      0.07618725      0.00000000      0.99981545      0.31977015      0.55014474      0.55014474      0.39835645      0.85542535      1.90000000    -10.00000000
      2.54180602     -0.00000000     -0.00000000      0.00000000      0.00000000      0.10796109     -1.29856291      0.00103369      6.69249069      0.07658782      0.00000000      0.99981545      0.31013116      0.55206562      0.55206562      0.39336783      0.87000309      1.90000000    -10.00000000
      2.70903010     -0.00000000     -0.00000000      0.00000000      0.00000000      0.10396773     -1.37942377      0.00100228      7.50050377      0.07711280      0.00000000      0.99981545      0.30068134      0.55378861      0.55378861      0.38858277      0.88235991      1.90000000    -10.00000000
      2.87625418     -0.00000000     -0.00000000      0.00000000      0.00000000      0.09985119     -1.46038015      0.00097064      8.33700442      0.07775768      0.00000000      0.99981545      0.29151248      0.55527466      0.55527466      0.38400254      0.89289927      1.90000000    -10.00000000
      3.04347826     -0.00000000     -0.00000000      0.00000000      0.00000000      0.09564709     -1.54143246      0.00093887      9.19812590      0.07851835      0.00000000      0.99981545      0.28260029      0.55662566      0.55662566      0.37963172      0.90194277      1.90000000    -10.00000000
      3.21070234     -0.00000000     -0.00000000      0.00000000      0.00000000      0.09138935     -1.62258240      0.00090704     10.08010308      0.07939078      0.00000000      0.99981545      0.27393722      0.55774417      0.55774417      0.37547039      0.90974813      1.90000000    -10.00000000
      3.37792642     -0.00000000     -0.00000000      0.00000000      0.00000000      0.08710974     -1.70383284      0.00087524     10.97935706      0.08037085      0.00000000      0.99981545      0.26554769      0.55866980      0.55866980      0.37151893      0.91652307      1.90000000    -10.00000000
      3.54515050     -0.00000000     -0.00000000      0.00000000      0.00000000      0.08283764     -1.78518744      0.00084354     11.89255419      0.08145430      0.00000000      0.99981545      0.25741038      0.55941224      0.55941224      0.36777613      0.92243585      1.90000000    -10.00000000
      3.71237458     -0.00000000     -0.00000000      0.00000000      0.00000000      0.07859983     -1.86665008      0.00081200     12.81662485      0.08263683      0.00000000      0.99981545      0.24951070      0.55994887      0.55994887      0.36423988      0.92762342      1.90000000    -10.00000000
      3.87959866     -0.00000000     -0.00000000      0.00000000      0.00000000      0.07442030     -1.94822413      0.00078071     13.74874032      0.08391439      0.00000000      0.99981545      0.24191908      0.56036175      0.56036175      0.36090698      0.93219760      1.90000000    -10.00000000
      4.04682274     -0.00000000     -0.00000000      0.00000000      0.00000000      0.07032021     -2.02991158      0.00074972     14.68649671      0.08528203      0.00000000      0.99981545      0.23456395      0.56061394      0.56061394      0.35777390      0.93625090      1.90000000    -10.00000000
      4.21404682     -0.00000000     -0.00000000      0.00000000      0.00000000      0.06631792     -2.11171378      0.00071913     15.62708817      0.08673883      0.00000000      0.99981545      0.22747525      0.56070828      0.56070828      0.35483615      0.93985718      1.90000000    -10.00000000
      4.38127090     -0.00000000     -0.00000000      0.00000000      0.00000000      0.06242897     -2.19363031      0.00068902     16.56785009      0.08828405      0.00000000      0.99981545      0.22063479      0.56067079      0.56067079      0.35208828      0.94307784      1.90000000    -10.00000000
      4.54849498     -0.00000000     -0.00000000      0.00000000      0.00000000      0.05866617     -2.27565854      0.00065945     17.50655702      0.08991558      0.00000000      0.99981545      0.21405641      0.56050825      0.56050825      0.34952637      0.94596510      1.90000000    -10.00000000
      4.71571906     -0.00000000     -0.00000000      0.00000000      0.00000000      0.05503980     -2.35779465      0.00063052     18.44067771      0.09163399      0.00000000      0.99981545      0.20772238      0.56022504      0.56022504      0.34714210      0.94856146      1.90000000    -10.00000000
      4.88294314     -0.00000000     -0.00000000      0.00000000      0.00000000      0.05155769     -2.44003339      0.00060227     19.36757533      0.09344107      0.00000000      0.99981545      0.20164028      0.55984076      0.55984076      0.34493374      0.95090235      1.90000000    -10.00000000
      5.05016722     -0.00000000     -0.00000000      0.00000000      0.00000000      0.04822548     -2.52236815      0.00057480     20.28446367      0.09533995      0.00000000      0.99981545      0.19580541      0.55936637      0.55936637      0.34288945      0.95301737      1.90000000    -10.00000000
      5.21739130     -0.00000000     -0.00000000      0.00000000      0.00000000      0.04504681     -2.60479100      0.00054815     21.18836849      0.09733516      0.00000000      0.99981545      0.19021499      0.55881319      0.55881319      0.34100676      0.95493134      1.90000000    -10.00000000
      5.38461538     -0.00000000     -0.00000000      0.00000000      0.00000000      0.04202349     -2.68729279      0.00052238     22.07609714      0.09943269      0.00000000      0.99981545      0.18486531      0.55819022      0.55819022      0.33927752      0.95666512      1.90000000    -10.00000000
      5.55183946     -0.00000000     -0.00000000      0.00000000      0.00000000      0.03915578     -2.76986324      0.00049753     22.94422034      0.10164005      0.00000000      0.99981545      0.17975071      0.55750675      0.55750675      0.33769652      0.95823627      1.90000000    -10.00000000
      5.71906355     -0.00000000     -0.00000000      0.00000000      0.00000000      0.03644258     -2.85249101      0.00047366     23.78907027      0.10396630      0.00000000      0.99981545      0.17486496      0.55677177      0.55677177      0.33625442      0.95965964      1.90000000    -10.00000000
      5.88628763     -0.00000000     -0.00000000      0.00000000      0.00000000      0.03388158     -2.93516383      0.00045077     24.60675922      0.10642209      0.00000000      0.99981545      0.17020645      0.55599311      0.55599311      0.33495066      0.96094781      1.90000000    -10.00000000
      6.05351171     -0.00000000     -0.00000000      0.00000000      0.00000000      0.03146953     -3.01786867      0.00042890     25.39322218      0.10901955      0.00000000      0.99981545      0.16576585      0.55517913      0.55517913      0.33377337      0.96211148      1.90000000    -10.00000000
      6.22073579     -0.00000000     -0.00000000      0.00000000      0.00000000      0.02920237     -3.10059193      0.00040805     26.14428655      0.11177224      0.00000000      0.99981545      0.16155716      0.55433580      0.55433580      0.33271816      0.96315983      1.90000000    -10.00000000
      6.38795987     -0.00000000     -0.00000000      0.00000000      0.00000000      0.02707539     -3.18331968      0.00038822     26.85576980      0.11469498      0.00000000      0.99981545      0.15751104      0.55346966      0.55346966      0.33177885      0.96410079      1.90000000    -10.00000000
      6.55518395     -0.00000000     -0.00000000      0.00000000      0.00000000      0.02508339     -3.26603790      0.00036941     27.52360347      0.11780363      0.00000000      0.99981545      0.15371165      0.55258681      0.55258681      0.33094969      0.96494132      1.90000000    -10.00000000
      6.72240803     -0.00000000     -0.00000000      0.00000000      0.00000000      0.02322080     -3.34873285      0.00035159     28.14397733      0.12111475      0.00000000      0.99981545      0.15011026      0.55169211      0.55169211      0.33023414      0.96568759      1.90000000    -10.00000000
      6.88963211     -0.00000000     -0.00000000      0.00000000      0.00000000      0.02148180     -3.43139131      0.00033474     28.71349324      0.12464532      0.00000000      0.99981545      0.14669158      0.55078996      0.55078996      0.32959856      0.96634526      1.90000000    -10.00000000
      7.05685619     -0.00000000     -0.00000000      0.00000000      0.00000000      0.01986042     -3.51400089      0.00031883     29.22931335      0.12841230      0.00000000      0.99981545      0.14345432      0.54988504      0.54988504      0.32906139      0.96691953      1.90000000    -10.00000000
      7.22408027     -0.00000000     -0.00000000      0.00000000      0.00000000      0.01835060     -3.59655031      0.00030381     29.68929149      0.13243231      0.00000000      0.99981545      0.14039135      0.54898107      0.54898107      0.32861834      0.96741534      1.90000000    -10.00000000
      7.39130435     -0.00000000     -0.00000000      0.00000000      0.00000000      0.01694633     -3.67902946      0.00028965     30.09202738      0.13672143      0.00000000      0.99981545      0.13749943      0.54808067      0.54808067      0.32826520      0.96783741      1.90000000    -10.00000000
      7.55852843     -0.00000000     -0.00000000      0.00000000      0.00000000      0.01564161     -3.76142952      0.00027629     30.43696246      0.14129476      0.00000000      0.99981545      0.13477094      0.54718688      0.54718688      0.32797527      0.96819031      1.90000000    -10.00000000
      7.72575251     -0.00000000     -0.00000000      0.00000000      0.00000000      0.01443060     -3.84374282      0.00026369     30.72429361      0.14616663      0.00000000      0.99981545      0.13220060      0.54630268      0.54630268      0.32776545      0.96847842      1.90000000    -10.00000000
      7.89297659     -0.00000000     -0.00000000      0.00000000      0.00000000      0.01330758     -3.92596267      0.00025179     30.95492816      0.15135056      0.00000000      0.99981545      0.12978307      0.54543042      0.54543042      0.32762647      0.96870592      1.90000000    -10.00000000
      8.06020067     -0.00000000     -0.00000000      0.00000000      0.00000000      0.01226705     -4.00808304      0.00024055     31.13035932      0.15685949      0.00000000      0.99981545      0.12751662      0.54457649      0.54457649      0.32754992      0.96887679      1.90000000    -10.00000000
      8.22742475     -0.00000000     -0.00000000      0.00000000      0.00000000      0.01130370     -4.09009828      0.00022993     31.25252411      0.16270612      0.00000000      0.99981545      0.12537797      0.54372465      0.54372465      0.32753585      0.96899467      1.90000000    -10.00000000
      8.39464883     -0.00000000     -0.00000000      0.00000000      0.00000000      0.01041244     -4.17200268      0.00021986     31.32365863      0.16890332      0.00000000      0.99981545      0.12337365      0.54288853      0.54288853      0.32757902      0.96906291      1.90000000    -10.00000000
      8.56187291     -0.00000000     -0.00000000      0.00000000      0.00000000      0.00958843     -4.25378769      0.00021032     31.34759458      0.17545628      0.00000000      0.99981545      0.12149835      0.54206896      0.54206896      0.32767615      0.96908580      1.90000000    -10.00000000
      8.72909699     -0.00000000     -0.00000000      0.00000000      0.00000000      0.00882707     -4.33545167      0.00020128     31.32384167      0.18239595      0.00000000      0.99981545      0.11974556      0.54126678      0.54126678      0.32782360      0.96906308      1.90000000    -10.00000000
      8.89632107     -0.00000000     -0.00000000      0.00000000      0.00000000      0.00812399     -4.41698485      0.00019269     31.25614660      0.18973082      0.00000000      0.99981545      0.11811094      0.54048277      0.54048277      0.32818411      0.96899816      1.90000000    -10.00000000
      9.06354515     -0.00000000     -0.00000000      0.00000000      0.00000000      0.00747508     -4.49837840      0.00018454     31.14697744      0.19747748      0.00000000      0.99981545      0.11658945      0.53971669      0.53971669      0.32825704      0.96889288      1.90000000    -10.00000000
      9.23076923     -0.00000000     -0.00000000      0.00000000      0.00000000      0.00687646     -4.57962267      0.00017679     30.99852016      0.20565532      0.00000000      0.99981545      0.11517678      0.53896972      0.53896972      0.32853696      0.96874855      1.90000000    -10.00000000
      9.39799331     -0.00000000     -0.00000000      0.00000000      0.00000000      0.00632448     -4.66070691      0.00016943     30.81283462      0.21428582      0.00000000      0.99981545      0.11386649      0.53824218      0.53824218      0.32885533      0.96856615      1.90000000    -10.00000000
      9.56521739     -0.00000000     -0.00000000      0.00000000      0.00000000      0.00581572     -4.74161923      0.00016242     30.59186340      0.22339267      0.00000000      0.99981545      0.11265709      0.53753499      0.53753499      0.32920956      0.96834628      1.90000000    -10.00000000
      9.73244147     -0.00000000     -0.00000000      0.00000000      0.00000000      0.00534699     -4.82234663      0.00015575     30.33744915      0.23300181      0.00000000      0.99981545      0.11154669      0.53685140      0.53685140      0.32959687      0.96808930      1.90000000    -10.00000000
      9.89966555     -0.00000000     -0.00000000      0.00000000      0.00000000      0.00491528     -4.90287510      0.00014941     30.05135649      0.24314150      0.00000000      0.99981545      0.11051703      0.53617717      0.53617717      0.33001583      0.96779529      1.90000000    -10.00000000
     10.06688963     -0.00000000     -0.00000000      0.00000000      0.00000000      0.00451781     -4.98318957      0.00014337     29.73529273      0.25384237      0.00000000      0.99981545      0.10958173      0.53552381      0.53552381      0.33046353      0.96746411      1.90000000    -10.00000000
     10.23411371     -0.00000000     -0.00000000      0.00000000      0.00000000      0.00415197     -5.06327404      0.00013762     29.39092637      0.26513747      0.00000000      0.99981545      0.10870748      0.53487958      0.53487958      0.33093782      0.96709544      1.90000000    -10.00000000
     10.40133779     -0.00000000     -0.00000000      0.00000000      0.00000000      0.00381534     -5.14311150      0.00013215     29.01990237      0.27706230      0.00000000      0.99981545      0.10791789      0.53425360      0.53425360      0.33143724      0.96668877      1.90000000    -10.00000000
     10.56856187     -0.00000000     -0.00000000      0.00000000      0.00000000      0.00350567     -5.22268406      0.00012694     28.62385455      0.28965491      0.00000000      0.99981545      0.10720349      0.53364549      0.53364549      0.33196007      0.96624342      1.90000000    -10.00000000
     10.73578595     -0.00000000     -0.00000000      0.00000000      0.00000000      0.00322086     -5.30197284      0.00012199     28.20441161      0.30295593      0.00000000      0.99981545      0.10656104      0.53305484      0.53305484      0.33250429      0.96575860      1.90000000    -10.00000000
     10.90301003     -0.00000000     -0.00000000      0.00000000      0.00000000      0.00295898     -5.38095802      0.00011727     27.76320343      0.31700867      0.00000000      0.99981545      0.10598670      0.53248125      0.53248125      0.33306769      0.96523336      1.90000000    -10.00000000
     11.07023411     -0.00000000     -0.00000000      0.00000000      0.00000000      0.00271822     -5.45961880      0.00011277     27.30186015      0.33185924      0.00000000      0.99981545      0.10547801      0.53192425      0.53192425      0.33361400      0.96466663      1.90000000    -10.00000000
     11.23745819     -0.00000000     -0.00000000      0.00000000      0.00000000      0.00249693     -5.53793337      0.00010849     26.82201310      0.34755664      0.00000000      0.99981545      0.10503522      0.53138339      0.53138339      0.33424850      0.96405724      1.90000000    -10.00000000
     11.40468227     -0.00000000     -0.00000000      0.00000000      0.00000000      0.00229356     -5.61587884      0.00010441     26.32529121      0.36415291      0.00000000      0.99981545      0.10464506      0.53085822      0.53085822      0.33486267      0.96340387      1.90000000    -10.00000000
     11.57190635     -0.00000000     -0.00000000      0.00000000      0.00000000      0.00210668     -5.69343125      0.00010053     25.81331758      0.38170324      0.00000000      0.99981545      0.10430756      0.53034836      0.53034836      0.33549142      0.96270510      1.90000000    -10.00000000
     11.73913043     -0.00000000     -0.00000000      0.00000000      0.00000000      0.00193500     -5.77056545      0.00009683     25.28770456      0.40026613      0.00000000      0.99981545      0.10403891      0.52985325      0.52985325      0.33613303      0.96195940      1.90000000    -10.00000000
     11.90635452     -0.00000000     -0.00000000      0.00000000      0.00000000      0.00177728     -5.84725508      0.00009330     24.75004889      0.41990353      0.00000000      0.99981545      0.10381732      0.52937248      0.52937248      0.33678622      0.96116512      1.90000000    -10.00000000
     12.07357860     -0.00000000     -0.00000000      0.00000000      0.00000000      0.00163241     -5.92347249      0.00008993     24.20192574      0.44068101      0.00000000      0.99981545      0.10364355      0.52890558      0.52890558      0.33745098      0.96032049      1.90000000    -10.00000000
     12.24080268     -0.00000000     -0.00000000      0.00000000      0.00000000      0.00149935     -5.99918866      0.00008672     23.64488333      0.46266790      0.00000000      0.99981545      0.10359113      0.52845212      0.52845212      0.33812533      0.95942363      1.90000000    -10.00000000
     12.40802676     -0.00000000     -0.00000000      0.00000000      0.00000000      0.00137715     -6.07437318      0.00008366     23.08043797      0.48593749      0.00000000      0.99981545      0.10343780      0.52801166      0.52801166      0.33880860      0.95847252      1.90000000    -10.00000000
     12.57525084     -0.00000000     -0.00000000      0.00000000      0.00000000      0.00126494     -6.14899410      0.00008074     22.51006796      0.51056713      0.00000000      0.99981545      0.10340097      0.52758376      0.52758376      0.33949990      0.95746503      1.90000000    -10.00000000
     12.74247492     -0.00000000     -0.00000000      0.00000000      0.00000000      0.00116190     -6.22301790      0.00007795     21.93520917      0.53663850      0.00000000      0.99981545      0.10340603      0.52716802      0.52716802      0.34019874      0.95639892      1.90000000    -10.00000000
     12.90969900     -0.00000000     -0.00000000      0.00000000      0.00000000      0.00106730     -6.29640941      0.00007529     21.35725069      0.56423768      0.00000000      0.99981545      0.10345080      0.52676399      0.52676399      0.34090384      0.95527178      1.90000000    -10.00000000
     13.07692308     -0.00000000     -0.00000000      0.00000000      0.00000000      0.00098043     -6.36913168      0.00007274     20.77753082      0.59345532      0.00000000      0.99981545      0.10353352      0.52637130      0.52637130      0.34161483      0.95408111      1.90000000    -10.00000000
     13.24414716     -0.00000000     -0.00000000      0.00000000      0.00000000      0.00090068     -6.44114596      0.00007031     20.19733067      0.62438695      0.00000000      0.99981545      0.10365337      0.52598955      0.52598955      0.34233128      0.95282425      1.90000000    -10.00000000
     13.41137124     -0.00000000     -0.00000000      0.00000000      0.00000000      0.00082747     -6.51241157      0.00006798     19.61787699      0.65713285      0.00000000      0.99981545      0.10380819      0.52561836      0.52561836      0.34305130      0.95149840      1.90000000    -10.00000000
     13.57859532     -0.00000000     -0.00000000      0.00000000      0.00000000      0.00076025     -6.58288579      0.00006575     19.04033290      0.69179850      0.00000000      0.99981545      0.10399603      0.52525736      0.52525736      0.34377645      0.95010063      1.90000000    -10.00000000
     13.74581940     -0.00000000     -0.00000000      0.00000000      0.00000000      0.00069854     -6.65252387      0.00006362     18.46580202      0.72849440      0.00000000      0.99981545      0.10421627      0.52490620      0.52490620      0.34450388      0.94862786      1.90000000    -10.00000000
     13.91304348     -0.00000000     -0.00000000      0.00000000      0.00000000      0.00064190     -6.72127879      0.00006158     17.89531925      0.76733654      0.00000000      0.99981545      0.10446761      0.52456453      0.52456453      0.34523456      0.94707684      1.90000000    -10.00000000
     14.08026756     -0.00000000     -0.00000000      0.00000000      0.00000000      0.00058989     -6.78910130      0.00005962     17.32985722      0.80844616      0.00000000      0.99981545      0.10474813      0.52423202      0.52423202      0.34596756      0.94544420      1.90000000    -10.00000000
     14.24749164     -0.00000000     -0.00000000      0.00000000      0.00000000      0.00054215     -6.85593972      0.00005774     16.77031927      0.85195010      0.00000000      0.99981545      0.10491877      0.52390834      0.52390834      0.34670300      0.94372639      1.90000000    -10.00000000
     14.41471572     -0.00000000     -0.00000000      0.00000000      0.00000000      0.00049833     -6.92174000      0.00005594     16.21754812      0.89798044      0.00000000      0.99981545      0.10539361      0.52359319      0.52359319      0.34743860      0.94191972      1.90000000    -10.00000000
     14.58193980     -0.00000000     -0.00000000      0.00000000      0.00000000      0.00045809     -6.98644545      0.00005421     15.67231316      0.94667510      0.00000000      0.99981545      0.10575594      0.52328626      0.52328626      0.34817569      0.94002032      1.90000000    -10.00000000
     14.74916388     -0.00000000     -0.00000000      0.00000000      0.00000000      0.00042116     -7.04999675      0.00005255     15.13532072      0.99817736      0.00000000      0.99981545      0.10618333      0.52298727      0.52298727      0.34891379      0.93802416      1.90000000    -10.00000000
     14.91638796     -0.00000000     -0.00000000      0.00000000      0.00000000      0.00038724     -7.11233187      0.00005096     14.60721254      1.05263592      0.00000000      0.99981545      0.10655500      0.52269593      0.52269593      0.34965199      0.93592706      1.90000000    -10.00000000
     15.08361204     -0.00000000     -0.00000000      0.00000000      0.00000000      0.00035611     -7.17338599      0.00004943     14.08856688      1.11020478      0.00000000      0.99981545      0.10698961      0.52241199      0.52241199      0.35039011      0.93372465      1.90000000    -10.00000000
     15.25083612     -0.00000000     -0.00000000      0.00000000      0.00000000      0.00032753     -7.23309138      0.00004795     13.57989880      1.17104310      0.00000000      0.99981545      0.10744664      0.52213518      0.52213518      0.35112791      0.93141242      1.90000000    -10.00000000
     15.41806020     -0.00000000     -0.00000000      0.00000000      0.00000000      0.00030128     -7.29137737      0.00004653     13.08166346      1.23531493      0.00000000      0.99981545      0.10792435      0.52186524      0.52186524      0.35186500      0.92898566      1.90000000    -10.00000000
     15.58528428     -0.00000000     -0.00000000      0.00000000      0.00000000      0.00027719     -7.34817029      0.00004516     12.59425792      1.30318884      0.00000000      0.99981545      0.10842984      0.52160195      0.52160195      0.35260079      0.92643953      1.90000000    -10.00000000
     15.75250836     -0.00000000     -0.00000000      0.00000000      0.00000000      0.00025506     -7.40339340      0.00004384     12.11802262      1.37483761      0.00000000      0.99981545      0.10894135      0.52134508      0.52134508      0.35333621      0.92376900      1.90000000    -10.00000000
     15.91973244     -0.00000000     -0.00000000      0.00000000      0.00000000      0.00023474     -7.45696686      0.00004256     11.65324430      1.45043772      0.00000000      0.99981545      0.10947890      0.52109440      0.52109440      0.35406993      0.92096889      1.90000000    -10.00000000
     16.08695652     -0.00000000     -0.00000000      0.00000000      0.00000000      0.00021608     -7.50880771      0.00004133     11.20015850      1.53016867      0.00000000      0.99981545      0.11003394      0.52084971      0.52084971      0.35480165      0.91803385      1.90000000    -10.00000000
     16.25418060     -0.00000000     -0.00000000      0.00000000      0.00000000      0.00019894     -7.55882983      0.00004015     10.75895171      1.61421243      0.00000000      0.99981545      0.11060684      0.52061079      0.52061079      0.35553173      0.91495841      1.90000000    -10.00000000
     16.42140468     -0.00000000     -0.00000000      0.00000000      0.00000000      0.00018320     -7.60694399      0.00003900     10.32976472      1.70275246      0.00000000      0.99981545      0.11119632      0.52037746      0.52037746      0.35625954      0.91173691      1.90000000    -10.00000000
     16.58862876     -0.00000000     -0.00000000      0.00000000      0.00000000      0.00016874     -7.65305783      0.00003789      9.91269456      1.79597288      0.00000000      0.99981545      0.11180208      0.52014953      0.52014953      0.35698539      0.90836360      1.90000000    -10.00000000
     16.75585284     -0.00000000     -0.00000000      0.00000000      0.00000000      0.00015546     -7.69707592      0.00003681      9.50779800      1.89405726      0.00000000      0.99981545      0.11242313      0.51992681      0.51992681      0.35770613      0.90483258      1.90000000    -10.00000000
     16.92307692     -0.00000000     -0.00000000      0.00000000      0.00000000      0.00014326     -7.73889983      0.00003577      9.11509304      1.99718757      0.00000000      0.99981545      0.11305921      0.51970913      0.51970913      0.35831445      0.90113783      1.90000000    -10.00000000
     17.09030100     -0.00000000     -0.00000000      0.00000000      0.00000000      0.00013205     -7.77842826      0.00003476      8.73456380      2.10554239      0.00000000      0.99981545      0.11370958      0.51949634      0.51949634      0.35914804      0.89727326      1.90000000    -10.00000000
     17.25752508     -0.00000000     -0.00000000      0.00000000      0.00000000      0.00012175     -7.81555708      0.00003378      8.36616070      2.21929577      0.00000000      0.99981545      0.11437367      0.51928825      0.51928825      0.35986278      0.89323267      1.90000000    -10.00000000
     17.42474916     -0.00000000     -0.00000000      0.00000000      0.00000000      0.00011228     -7.85017959      0.00003283      8.00980474      2.33861518      0.00000000      0.99981545      0.11505401      0.51908474      0.51908474      0.36057484      0.88900980      1.90000000    -10.00000000
     17.59197324     -0.00000000     -0.00000000      0.00000000      0.00000000      0.00010358     -7.88218663      0.00003190      7.66538945      2.46365966      0.00000000      0.99981545      0.11574080      0.51888564      0.51888564      0.36128394      0.88459838      1.90000000    -10.00000000
     17.75919732     -0.00000000     -0.00000000      0.00000000      0.00000000      0.00009558     -7.91146688      0.00003100      7.33278348      2.59457768      0.00000000      0.99981545      0.11644348      0.51869081      0.51869081      0.36198981      0.87999208      1.90000000    -10.00000000
     17.92642140     -0.00000000     -0.00000000      0.00000000      0.00000000      0.00008823     -7.93790707      0.00003013      7.01183292      2.73150482      0.00000000      0.99981545      0.11715711      0.51850012      0.51850012      0.36269216      0.87518462      1.90000000    -10.00000000
     18.09364548     -0.00000000     -0.00000000      0.00000000      0.00000000      0.00008148     -7.96139235      0.00002928      6.70236382      2.87456124      0.00000000      0.99981545      0.11788257      0.51831344      0.51831344      0.36339132      0.87016973      1.90000000    -10.00000000
     18.26086957     -0.00000000     -0.00000000      0.00000000      0.00000000      0.00007526     -7.98180663      0.00002845      6.40418431      3.02384894      0.00000000      0.99981545      0.11861823      0.51813064      0.51813064      0.36408644      0.86494123      1.90000000    -10.00000000
     18.42809365     -0.00000000     -0.00000000      0.00000000      0.00000000      0.00006955     -7.99903298      0.00002764      6.11708635      3.17944907      0.00000000      0.99981545      0.11936240      0.51795161      0.51795161      0.36477905      0.85949306      1.90000000    -10.00000000
     18.59531773     -0.00000000     -0.00000000      0.00000000      0.00000000      0.00006429     -8.01295414      0.00002686      5.84084842      3.34141862      0.00000000      0.99981545      0.12012112      0.51777622      0.51777622      0.36546595      0.85381930      1.90000000    -10.00000000
     18.76254181     -0.00000000     -0.00000000      0.00000000      0.00000000      0.00005945     -8.02345301      0.00002609      5.57523680      3.50978746      0.00000000      0.99981545      0.12088730      0.51760436      0.51760436      0.36615191      0.84791422      1.90000000    -10.00000000
     18.92976589     -0.00000000     -0.00000000      0.00000000      0.00000000      0.00005500     -8.03041321      0.00002534      5.32000765      3.68455495      0.00000000      0.99981545      0.12166210      0.51743594      0.51743594      0.36673914      0.84177234      1.90000000    -10.00000000
     19.09698997     -0.00000000     -0.00000000      0.00000000      0.00000000      0.00005091     -8.03371972      0.00002460      5.07490861      3.86568655      0.00000000      0.99981545      0.12213742      0.51727083      0.51727083      0.36751041      0.83538847      1.90000000    -10.00000000
     19.26421405     -0.00000000     -0.00000000      0.00000000      0.00000000      0.00004714     -8.03325959      0.00002389      4.83968034      4.05311041      0.00000000      0.99981545      0.12323839      0.51710896      0.51710896      0.36818294      0.82875775      1.90000000    -10.00000000
     19.43143813     -0.00000000     -0.00000000      0.00000000      0.00000000      0.00004367     -8.02892265      0.00002319      4.61405804      4.24671390      0.00000000      0.99981545      0.12403812      0.51695021      0.51695021      0.36885199      0.82187573      1.90000000    -10.00000000
     19.59866221     -0.00000000     -0.00000000      0.00000000      0.00000000      0.00004048     -8.02060230      0.00002250      4.39777274      4.44634023      0.00000000      0.99981545      0.12484664      0.51679450      0.51679450      0.36951712      0.81473840      1.90000000    -10.00000000
     19.76588629     -0.00000000     -0.00000000      0.00000000      0.00000000      0.00003754     -8.00819636      0.00002183      4.19055252      4.65178515      0.00000000      0.99981545      0.12566534      0.51664175      0.51664175      0.37017832      0.80734228      1.90000000    -10.00000000
     19.93311037     -0.00000000     -0.00000000      0.00000000      0.00000000      0.00003483     -7.99160798      0.00002117      3.99212383      4.86279374      0.00000000      0.99981545      0.12648464      0.51649186      0.51649186      0.37083457      0.79968446      1.90000000    -10.00000000
     20.10033445     -0.00000000     -0.00000000      0.00000000      0.00000000      0.00003233     -7.97074652      0.00002053      3.80221229      5.07905767      0.00000000      0.99981545      0.12731395      0.51634475      0.51634475      0.37148815      0.79176264      1.90000000    -10.00000000
     20.26755853     -0.00000000     -0.00000000      0.00000000      0.00000000      0.00003003     -7.94552855      0.00001990      3.62054379      5.30021260      0.00000000      0.99981545      0.12814973      0.51620035      0.51620035      0.37213727      0.78357526      1.90000000    -10.00000000
     20.43478261     -0.00000000     -0.00000000      0.00000000      0.00000000      0.00002791     -7.91587884      0.00001928      3.44684539      5.52583588      0.00000000      0.99981545      0.12899172      0.51605858      0.51605858      0.37278166      0.77512148      1.90000000    -10.00000000
     20.60200669     -0.00000000     -0.00000000      0.00000000      0.00000000      0.00002595     -7.88173134      0.00001867      3.28084602      5.75544511      0.00000000      0.99981545      0.12983952      0.51591936      0.51591936      0.37342253      0.76640132      1.90000000    -10.00000000
     20.76923077     -0.00000000     -0.00000000      0.00000000      0.00000000      0.00002415     -7.84303024      0.00001808      3.12227723      5.98849687      0.00000000      0.99981545      0.13069302      0.51578263      0.51578263      0.37406011      0.75741564      1.90000000    -10.00000000
     20.93645485     -0.00000000     -0.00000000      0.00000000      0.00000000      0.00002249     -7.79973094      0.00001750      2.97087381      6.22438643      0.00000000      0.99981545      0.13155204      0.51564832      0.51564832      0.37469128      0.74816626      1.90000000    -10.00000000
     21.10367893     -0.00000000     -0.00000000      0.00000000      0.00000000      0.00002095     -7.75180105      0.00001693      2.82637434      6.46244803      0.00000000      0.99981545      0.13241587      0.51551636      0.51551636      0.37531974      0.73865599      1.90000000    -10.00000000
     21.27090301     -0.00000000     -0.00000000      0.00000000      0.00000000      0.00001953     -7.69922138      0.00001637      2.68852173      6.70195602      0.00000000      0.99981545      0.13328458      0.51538670      0.51538670      0.37595567      0.72888868      1.90000000    -10.00000000
     21.43812709     -0.00000000     -0.00000000      0.00000000      0.00000000      0.00001823     -7.64198681      0.00001582      2.55706356      6.94212699      0.00000000      0.99981545      0.13415795      0.51525926      0.51525926      0.37655415      0.71886923      1.90000000    -10.00000000
     21.60535117     -0.00000000     -0.00000000      0.00000000      0.00000000      0.00001702     -7.58010718      0.00001528      2.43175253      7.18212277      0.00000000      0.99981545      0.13503565      0.51513399      0.51513399      0.37715629      0.70860370      1.90000000    -10.00000000
     21.77257525     -0.00000000     -0.00000000      0.00000000      0.00000000      0.00001590     -7.51360800      0.00001475      2.31234677      7.42105437      0.00000000      0.99981545      0.13591756      0.51501083      0.51501083      0.37778950      0.69809924      1.90000000    -10.00000000
     21.93979933     -0.00000000     -0.00000000      0.00000000      0.00000000      0.00001487     -7.44253120      0.00001423      2.19861003      7.65798715      0.00000000      0.99981545      0.13680342      0.51488974      0.51488974      0.37837144      0.68736420      1.90000000    -10.00000000
     22.10702341     -0.00000000     -0.00000000      0.00000000      0.00000000      0.00001391     -7.36693561      0.00001373      2.09031199      7.89194676      0.00000000      0.99981545      0.13773637      0.51477065      0.51477065      0.37899911      0.67640808      1.90000000    -10.00000000
     22.27424749     -0.00000000     -0.00000000      0.00000000      0.00000000      0.00001303     -7.28689743      0.00001323      1.98722837      8.12192628      0.00000000      0.99981545      0.13858562      0.51465351      0.51465351      0.37960085      0.66524153      1.90000000    -10.00000000
     22.44147157     -0.00000000     -0.00000000      0.00000000      0.00000000      0.00001221     -7.20251057      0.00001274      1.88914120      8.34689400      0.00000000      0.99981545      0.13948198      0.51453829      0.51453829      0.38019199      0.65387638      1.90000000    -10.00000000
     22.60869565     -0.00000000     -0.00000000      0.00000000      0.00000000      0.00001145     -7.11388637      0.00001227      1.79583852      8.56580285      0.00000000      0.99981545      0.14038146      0.51442492      0.51442492      0.38084430      0.64232555      1.90000000    -10.00000000
     22.77591973     -0.00000000     -0.00000000      0.00000000      0.00000000      0.00001075     -7.02115436      0.00001180      1.70711513      8.77759909      0.00000000      0.99981545      0.14128357      0.51431336      0.51431336      0.38136814      0.63060308      1.90000000    -10.00000000
     22.94314381     -0.00000000     -0.00000000      0.00000000      0.00000000      0.00001010     -6.92446122      0.00001135      1.62277198      8.98123342      0.00000000      0.99981545      0.14218815      0.51420357      0.51420357      0.38195004      0.61872400      1.90000000    -10.00000000
     23.11036789     -0.00000000     -0.00000000      0.00000000      0.00000000      0.00000950     -6.82397072      0.00001090      1.54261650      9.17567130      0.00000000      0.99981545      0.14309581      0.51409551      0.51409551      0.38252757      0.60670435      1.90000000    -10.00000000
     23.27759197     -0.00000000     -0.00000000      0.00000000      0.00000000      0.00000894     -6.71986308      0.00001047      1.46646250      9.35990402      0.00000000      0.99981545      0.14400477      0.51398913      0.51398913      0.38310099      0.59456104      1.90000000    -10.00000000
     23.44481605     -0.00000000     -0.00000000      0.00000000      0.00000000      0.00000843     -6.61233407      0.00001004      1.39413015      9.53295981      0.00000000      0.99981545      0.14491768      0.51388439      0.51388439      0.38366597      0.58231176      1.90000000    -10.00000000
     23.61204013     -0.00000000     -0.00000000      0.00000000      0.00000000      0.00000794     -6.50159404      0.00000963      1.32544592      9.69391473      0.00000000      0.99981545      0.14583204      0.51378126      0.51378126      0.38423558      0.56997495      1.90000000    -10.00000000
     23.77926421     -0.00000000     -0.00000000      0.00000000      0.00000000      0.00000750     -6.38786668      0.00000922      1.26024245      9.84190331      0.00000000      0.99981545      0.14674831      0.51367969      0.51367969      0.38479617      0.55756959      1.90000000    -10.00000000
     23.94648829     -0.00000000     -0.00000000      0.00000000      0.00000000      0.00000708     -6.27138758      0.00000883      1.19835850      9.97612843      0.00000000      0.99981545      0.14766543      0.51357966      0.51357966      0.38535377      0.54511514      1.90000000    -10.00000000
     24.11371237     -0.00000000     -0.00000000      0.00000000      0.00000000      0.00000670     -6.15240258      0.00000845      1.13963882     10.09587040      0.00000000      0.99981545      0.14858455      0.51348112      0.51348112      0.38590442      0.53263140      1.90000000    -10.00000000
     24.28093645     -0.00000000     -0.00000000      0.00000000      0.00000000      0.00000634     -6.03116599      0.00000808      1.08393397     10.20049495      0.00000000      0.99981545      0.14950491      0.51338404      0.51338404      0.38645556      0.52013835      1.90000000    -10.00000000
     24.44816054     -0.00000000     -0.00000000      0.00000000      0.00000000      0.00000600     -5.90793849      0.00000772      1.03110019     10.28945969      0.00000000      0.99981545      0.15042674      0.51328838      0.51328838      0.38700097      0.50765600      1.90000000    -10.00000000
     24.61538462     -0.00000000     -0.00000000      0.00000000      0.00000000      0.00000569     -5.78298490      0.00000737      0.98099923     10.36231908      0.00000000      0.99981545      0.15134959      0.51319413      0.51319413      0.38754122      0.49520425      1.90000000    -10.00000000
     24.78260870     -0.00000000     -0.00000000      0.00000000      0.00000000      0.00000540     -5.65657163      0.00000703      0.93349806     10.41872732      0.00000000      0.99981545      0.15227324      0.51310123      0.51310123      0.38807814      0.48280269      1.90000000    -10.00000000
     24.94983278     -0.00000000     -0.00000000      0.00000000      0.00000000      0.00000513     -5.52896382      0.00000670      0.88846871     10.45843899      0.00000000      0.99981545      0.15318466      0.51300967      0.51300967      0.38861150      0.47047044      1.90000000    -10.00000000
     25.11705686     -0.00000000     -0.00000000      0.00000000      0.00000000      0.00000487     -5.40042205      0.00000639      0.84578791     10.48130700      0.00000000      0.99981545      0.15412331      0.51291942      0.51291942      0.38914000      0.45822594      1.90000000    -10.00000000
     25.28428094     -0.00000000     -0.00000000      0.00000000      0.00000000      0.00000464     -5.27119847      0.00000608      0.80533672     10.48727720      0.00000000      0.99981545      0.15504935      0.51283044      0.51283044      0.38966514      0.44608671      1.90000000    -10.00000000
     25.45150502     -0.00000000     -0.00000000      0.00000000      0.00000000      0.00000442     -5.14153207      0.00000578      0.76700008     10.47637892      0.00000000      0.99981545      0.15597557      0.51274271      0.51274271      0.39018615      0.43406907      1.90000000    -10.00000000
     25.61872910     -0.00000000     -0.00000000      0.00000000      0.00000000      0.00000421     -5.01164261      0.00000550      0.73066620     10.44871008      0.00000000      0.99981545      0.15690230      0.51265620      0.51265620      0.39070337      0.42218782      1.90000000    -10.00000000
     25.78595318     -0.00000000     -0.00000000      0.00000000      0.00000000      0.00000402     -4.88172265      0.00000522      0.69622570     10.40441494      0.00000000      0.99981545      0.15810669      0.51257088      0.51257088      0.39114085      0.41045581      1.90000000    -10.00000000
     25.95317726     -0.00000000     -0.00000000      0.00000000      0.00000000      0.00000383     -4.75192646      0.00000496      0.66357048     10.34365138      0.00000000      0.99981545      0.15875623      0.51248674      0.51248674      0.39172632      0.39888330      1.90000000    -10.00000000
     26.12040134     -0.00000000     -0.00000000      0.00000000      0.00000000      0.00000366     -4.62235413      0.00000470      0.63259206     10.26654232      0.00000000      0.99981545      0.15968359      0.51240374      0.51240374      0.39223256      0.38747711      1.90000000    -10.00000000
     26.28762542     -0.00000000     -0.00000000      0.00000000      0.00000000      0.00000350     -4.49302811      0.00000445      0.60317916     10.17310320      0.00000000      0.99981545      0.16061010      0.51232186      0.51232186      0.39273409      0.37623940      1.90000000    -10.00000000
     26.45484950     -0.00000000     -0.00000000      0.00000000      0.00000000      0.00000335     -4.36385779      0.00000422      0.57521413     10.06313146      0.00000000      0.99981545      0.16153693      0.51224108      0.51224108      0.39323231      0.36516567      1.90000000    -10.00000000
     26.62207358     -0.00000000     -0.00000000      0.00000000      0.00000000      0.00000321     -4.23458505      0.00000399      0.54856750      9.93603598      0.00000000      0.99981545      0.16243577      0.51216138      0.51216138      0.39372642      0.35424190      1.90000000    -10.00000000
     26.78929766     -0.00000000     -0.00000000      0.00000000      0.00000000      0.00000308     -4.10470035      0.00000376      0.52309000      9.79057068      0.00000000      0.99981545      0.16338942      0.51208273      0.51208273      0.39421762      0.34343998      1.90000000    -10.00000000
     26.95652174     -0.00000000     -0.00000000      0.00000000      0.00000000      0.00000295     -3.97331414      0.00000355      0.49860063      9.62441840      0.00000000      0.99981545      0.16431726      0.51200512      0.51200512      0.39470474      0.33271081      1.90000000    -10.00000000
     27.12374582     -0.00000000     -0.00000000      0.00000000      0.00000000      0.00000283     -3.83896564      0.00000334      0.47487004      9.43355080      0.00000000      0.99981545      0.16523983      0.51192851      0.51192851      0.39519087      0.32197416      1.90000000    -10.00000000
     27.29096990     -0.00000000     -0.00000000      0.00000000      0.00000000      0.00000271     -3.69935765      0.00000312      0.45159986      9.21128777      0.00000000      0.99981545      0.16616429      0.51185290      0.51185290      0.39566809      0.31110492      1.90000000    -10.00000000
     27.45819398     -0.00000000     -0.00000000      0.00000000      0.00000000      0.00000260     -3.55104530      0.00000291      0.42840414      8.94705847      0.00000000      0.99981545      0.16708784      0.51177827      0.51177827      0.39614409      0.29991802      1.90000000    -10.00000000
     27.62541806     -0.00000000     -0.00000000      0.00000000      0.00000000      0.00000249     -3.38922763      0.00000269      0.40481327      8.62518150      0.00000000      0.99981545      0.16801044      0.51170458      0.51170458      0.39655516      0.28816162      1.90000000    -10.00000000
     27.79264214     -0.00000000     -0.00000000      0.00000000      0.00000000      0.00000239     -3.20805369      0.00000246      0.38034649      8.22480018      0.00000000      0.99981545      0.16893233      0.51163184      0.51163184      0.39708644      0.27554421      1.90000000    -10.00000000
     27.95986622     -0.00000000     -0.00000000      0.00000000      0.00000000      0.00000228     -3.00219474      0.00000220      0.35471979      7.72349392      0.00000000      0.99981545      0.16985288      0.51156000      0.51156000      0.39755183      0.26183997      1.90000000    -10.00000000
     28.12709030     -0.00000000     -0.00000000      0.00000000      0.00000000      0.00000218     -2.77028902      0.00000194      0.32820395      7.10768005      0.00000000      0.99981545      0.17077266      0.51148907      0.51148907      0.39801396      0.24710358      1.90000000    -10.00000000
     28.29431438     -0.00000000     -0.00000000      0.00000000      0.00000000      0.00000208     -2.51914746      0.00000166      0.30193575      6.38872434      0.00000000      0.99981545      0.17169148      0.51141902      0.51141902      0.39847269      0.23191294      1.90000000    -10.00000000
     28.46153846     -0.00000000     -0.00000000      0.00000000      0.00000000      0.00000199     -2.26583986      0.00000139      0.27784577      5.61663423      0.00000000      0.99981545      0.17260854      0.51134982      0.51134982      0.39892795      0.21743295      1.90000000    -10.00000000
     28.62876254     -0.00000000     -0.00000000      0.00000000      0.00000000      0.00000190     -2.02771404      0.00000115      0.25753663      4.85283941      0.00000000      0.99981545      0.17352464      0.51128146      0.51128146      0.39932457      0.20479453      1.90000000    -10.00000000
     28.79598662     -0.00000000     -0.00000000      0.00000000      0.00000000      0.00000182     -1.82136259      0.00000095      0.24205136      4.16588050      0.00000000      0.99981545      0.17443922      0.51121394      0.51121394      0.39982824      0.19488031      1.90000000    -10.00000000
     28.96321070     -0.00000000     -0.00000000      0.00000000      0.00000000      0.00000175     -1.65254970      0.00000079      0.23120405      3.59033625      0.00000000      0.99981545      0.17535245      0.51114724      0.51114724      0.40027320      0.18778695      1.90000000    -10.00000000
     29.13043478     -0.00000000     -0.00000000      0.00000000      0.00000000      0.00000169     -1.51930658      0.00000066      0.22409807      3.13093629      0.00000000      0.99981545      0.17626418      0.51108134      0.51108134      0.40072907      0.18307199      1.90000000    -10.00000000
     29.29765886     -0.00000000     -0.00000000      0.00000000      0.00000000      0.00000164     -1.41577492      0.00000057      0.21963265      2.77404209      0.00000000      0.99981545      0.17717455      0.51101623      0.51101623      0.40115384      0.18008098      1.90000000    -10.00000000
     29.46488294     -0.00000000     -0.00000000      0.00000000      0.00000000      0.00000159     -1.33536552      0.00000050      0.21683758      2.49969646      0.00000000      0.99981545      0.17808301      0.51095190      0.51095190      0.40158908      0.17819764      1.90000000    -10.00000000
     29.63210702     -0.00000000     -0.00000000      0.00000000      0.00000000      0.00000155     -1.27230928      0.00000044      0.21499426      2.28865346      0.00000000      0.99981545      0.17899436      0.51088833      0.51088833      0.40202113      0.17695084      1.90000000    -10.00000000
     29.79933110     -0.00000000     -0.00000000      0.00000000      0.00000000      0.00000150     -1.22208625      0.00000040      0.21362757      2.12504398      0.00000000      0.99981545      0.17989495      0.51082550      0.51082550      0.40244986      0.17602399      1.90000000    -10.00000000
     29.96655518     -0.00000000     -0.00000000      0.00000000      0.00000000      0.00000146     -1.18133951      0.00000037      0.21244949      1.99671132      0.00000000      0.99981545      0.18079862      0.51076341      0.51076341      0.40287555      0.17522337      1.90000000    -10.00000000
     30.13377926     -0.00000000     -0.00000000      0.00000000      0.00000000      0.00000143     -1.14763504      0.00000034      0.21129890      1.89466252      0.00000000      0.99981545      0.18170022      0.51070204      0.51070204      0.40329791      0.17443994      1.90000000    -10.00000000
     30.30100334     -0.00000000     -0.00000000      0.00000000      0.00000000      0.00000139     -1.11922133      0.00000031      0.21009411      1.81233967      0.00000000      0.99981545      0.18259937      0.51064137      0.51064137      0.40371719      0.17361799      1.90000000    -10.00000000
     30.46822742     -0.00000000     -0.00000000      0.00000000      0.00000000      0.00000135     -1.09483582      0.00000030      0.20880007      1.74497365      0.00000000      0.99981545      0.18354284      0.51058140      0.51058140      0.40413343      0.17273333      1.90000000    -10.00000000
     30.63545151     -0.00000000     -0.00000000      0.00000000      0.00000000      0.00000132     -1.07356191      0.00000028      0.20740768      1.68908254      0.00000000      0.99981545      0.18439359      0.51052211      0.51052211      0.40454656      0.17177933      1.90000000    -10.00000000
     30.80267559     -0.00000000     -0.00000000      0.00000000      0.00000000      0.00000129     -1.05472739      0.00000026      0.20592125      1.64210449      0.00000000      0.99981545      0.18530927      0.51046350      0.51046350      0.40498915      0.17075846      1.90000000    -10.00000000
     30.96989967     -0.00000000     -0.00000000      0.00000000      0.00000000      0.00000126     -1.03783354      0.00000025      0.20435135      1.60213610      0.00000000      0.99981545      0.18617933      0.51040554      0.51040554      0.40536367      0.16967752      1.90000000    -10.00000000
     31.13712375     -0.00000000     -0.00000000      0.00000000      0.00000000      0.00000123     -1.02250571      0.00000024      0.20271076      1.56774774      0.00000000      0.99981545      0.18710077      0.51034823      0.51034823      0.40576721      0.16854490      1.90000000    -10.00000000
     31.30434783     -0.00000000     -0.00000000      0.00000000      0.00000000      0.00000120     -1.00845894      0.00000023      0.20101245      1.53785357      0.00000000      0.99981545      0.18795653      0.51029156      0.51029156      0.40616877      0.16736917      1.90000000    -10.00000000
     31.47157191     -0.00000000     -0.00000000      0.00000000      0.00000000      0.00000117     -0.99547378      0.00000022      0.19926851      1.51161951      0.00000000      0.99981545      0.18884197      0.51023552      0.51023552      0.40656731      0.16615838      1.90000000    -10.00000000
     31.63879599     -0.00000000     -0.00000000      0.00000000      0.00000000      0.00000115     -0.98337917      0.00000021      0.19748972      1.48839780      0.00000000      0.99981545      0.18972506      0.51018009      0.51018009      0.40696205      0.16491976      1.90000000    -10.00000000
     31.80602007     -0.00000000     -0.00000000      0.00000000      0.00000000      0.00000112     -0.97204022      0.00000021      0.19568548      1.46768002      0.00000000      0.99981545      0.19075852      0.51012526      0.51012526      0.40735434      0.16365966      1.90000000    -10.00000000
     31.97324415     -0.00000000     -0.00000000      0.00000000      0.00000000      0.00000109     -0.96134939      0.00000020      0.19386381      1.44906301      0.00000000      0.99981545      0.19148526      0.51007103      0.51007103      0.40788418      0.16238352      1.90000000    -10.00000000
     32.14046823     -0.00000000     -0.00000000      0.00000000      0.00000000      0.00000107     -0.95122001      0.00000019      0.19203153      1.43222394      0.00000000      0.99981545      0.19236327      0.51001739      0.51001739      0.40813076      0.16109601      1.90000000    -10.00000000
     32.30769231     -0.00000000     -0.00000000      0.00000000      0.00000000      0.00000105     -0.94158152      0.00000019      0.19019433      1.41690196      0.00000000      0.99981545      0.19323462      0.50996433      0.50996433      0.40851407      0.15980107      1.90000000    -10.00000000
     32.47491639     -0.00000000     -0.00000000      0.00000000      0.00000000      0.00000102     -0.93237594      0.00000018      0.18835699      1.40288440      0.00000000      0.99981545      0.19410645      0.50991183      0.50991183      0.40889503      0.15850203      1.90000000    -10.00000000
     32.64214047     -0.00000000     -0.00000000      0.00000000      0.00000000      0.00000100     -0.92355519      0.00000017      0.18652349      1.38999644      0.00000000      0.99981545      0.19497560      0.50985988      0.50985988      0.40927344      0.15720168      1.90000000    -10.00000000
     32.80936455     -0.00000000     -0.00000000      0.00000000      0.00000000      0.00000098     -0.91507903      0.00000017      0.18469711      1.37809326      0.00000000      0.99981545      0.19584221      0.50980849      0.50980849      0.40964793      0.15590239      1.90000000    -10.00000000
     32.97658863     -0.00000000     -0.00000000      0.00000000      0.00000000      0.00000096     -0.90691354      0.00000016      0.18288059      1.36705399      0.00000000      0.99981545      0.19670654      0.50975764      0.50975764      0.41002136      0.15460613      1.90000000    -10.00000000
     33.14381271     -0.00000000     -0.00000000      0.00000000      0.00000000      0.00000094     -0.89902988      0.00000016      0.18107616      1.35677705      0.00000000      0.99981545      0.19756482      0.50970731      0.50970731      0.41039131      0.15331455      1.90000000    -10.00000000
     33.31103679     -0.00000000     -0.00000000      0.00000000      0.00000000      0.00000092     -0.89140338      0.00000015      0.17928567      1.34717648      0.00000000      0.99981545      0.19827091      0.50965751      0.50965751      0.41080407      0.15202904      1.90000000    -10.00000000
     33.47826087     -0.00000000     -0.00000000      0.00000000      0.00000000      0.00000090     -0.88401276      0.00000015      0.17751061      1.33817911      0.00000000      0.99981545      0.19928482      0.50960823      0.50960823      0.41112353      0.15075076      1.90000000    -10.00000000
     33.64548495     -0.00000000     -0.00000000      0.00000000      0.00000000      0.00000088     -0.87683953      0.00000015      0.17575222      1.32972227      0.00000000      0.99981545      0.20013827      0.50955945      0.50955945      0.41148520      0.14948066      1.90000000    -10.00000000
     33.81270903     -0.00000000     -0.00000000      0.00000000      0.00000000      0.00000086     -0.86986760      0.00000014      0.17401145      1.32175200      0.00000000      0.99981545      0.20099087      0.50951117      0.50951117      0.41184455      0.14821955      1.90000000    -10.00000000
     33.97993311     -0.00000000     -0.00000000      0.00000000      0.00000000      0.00000084     -0.86308278      0.00000014      0.17228911      1.31422156      0.00000000      0.99981545      0.20183838      0.50946338      0.50946338      0.41220157      0.14696810      1.90000000    -10.00000000
     34.14715719     -0.00000000     -0.00000000      0.00000000      0.00000000      0.00000082     -0.85647258      0.00000013      0.17058579      1.30709030      0.00000000      0.99981545      0.20268206      0.50941607      0.50941607      0.41255625      0.14572686      1.90000000    -10.00000000
     34.31438127     -0.00000000     -0.00000000      0.00000000      0.00000000      0.00000081     -0.85002589      0.00000013      0.16890196      1.30032267      0.00000000      0.99981545      0.20352853      0.50936924      0.50936924      0.41290768      0.14449626      1.90000000    -10.00000000
     34.48160535     -0.00000000     -0.00000000      0.00000000      0.00000000      0.00000079     -0.84373281      0.00000013      0.16723797      1.29388743      0.00000000      0.99981545      0.20436938      0.50932288      0.50932288      0.41325692      0.14327667      1.90000000    -10.00000000
     34.64882943     -0.00000000     -0.00000000      0.00000000      0.00000000      0.00000077     -0.83758445      0.00000012      0.16559407      1.28775705      0.00000000      0.99981545      0.20520773      0.50927698      0.50927698      0.41360366      0.14206839      1.90000000    -10.00000000
     34.81605351     -0.00000000     -0.00000000      0.00000000      0.00000000      0.00000076     -0.83157282      0.00000012      0.16397042      1.28190714      0.00000000      0.99981545      0.20619068      0.50923154      0.50923154      0.41395109      0.14087164      1.90000000    -10.00000000
     34.98327759     -0.00000000     -0.00000000      0.00000000      0.00000000      0.00000074     -0.82569069      0.00000012      0.16236712      1.27631600      0.00000000      0.99981545      0.20687629      0.50918654      0.50918654      0.41428988      0.13968660      1.90000000    -10.00000000
     35.15050167     -0.00000000     -0.00000000      0.00000000      0.00000000      0.00000073     -0.81993150      0.00000012      0.16078418      1.27096428      0.00000000      0.99981545      0.20770576      0.50914199      0.50914199      0.41462931      0.13851341      1.90000000    -10.00000000
     35.31772575     -0.00000000     -0.00000000      0.00000000      0.00000000      0.00000071     -0.81428926      0.00000011      0.15922159      1.26583464      0.00000000      0.99981545      0.20853348      0.50909786      0.50909786      0.41496628      0.13735216      1.90000000    -10.00000000
     35.48494983     -0.00000000     -0.00000000      0.00000000      0.00000000      0.00000070     -0.80875850      0.00000011      0.15767928      1.26091152      0.00000000      0.99981545      0.20935802      0.50905417      0.50905417      0.41530077      0.13620290      1.90000000    -10.00000000
     35.65217391     -0.00000000     -0.00000000      0.00000000      0.00000000      0.00000069     -0.80333421      0.00000011      0.15615715      1.25618086      0.00000000      0.99981545      0.21025769      0.50901090      0.50901090      0.41563511      0.13506568      1.90000000    -10.00000000
     35.81939799     -0.00000000     -0.00000000      0.00000000      0.00000000      0.00000067     -0.79801177      0.00000011      0.15465506      1.25162998      0.00000000      0.99981545      0.21099966      0.50896805      0.50896805      0.41596381      0.13394049      1.90000000    -10.00000000
     35.98662207     -0.00000000     -0.00000000      0.00000000      0.00000000      0.00000066     -0.79278690      0.00000010      0.15317287      1.24724737      0.00000000      0.99981545      0.21181672      0.50892560      0.50892560      0.41629076      0.13282733      1.90000000    -10.00000000
     36.15384615     -0.00000000     -0.00000000      0.00000000      0.00000000      0.00000065     -0.78765567      0.00000010      0.15171038      1.24302256      0.00000000      0.99981545      0.21262881      0.50888356      0.50888356      0.41661674      0.13172616      1.90000000    -10.00000000
     36.32107023     -0.00000000     -0.00000000      0.00000000      0.00000000      0.00000063     -0.78261441      0.00000010      0.15026741      1.23894601      0.00000000      0.99981545      0.21343891      0.50884192      0.50884192      0.41693913      0.13063694      1.90000000    -10.00000000
     36.48829431     -0.00000000     -0.00000000      0.00000000      0.00000000      0.00000062     -0.77765971      0.00000010      0.14884374      1.23500900      0.00000000      0.99981545      0.21442754      0.50880067      0.50880067      0.41725945      0.12955961      1.90000000    -10.00000000
     36.65551839     -0.00000000     -0.00000000      0.00000000      0.00000000      0.00000061     -0.77278838      0.00000009      0.14743915      1.23120353      0.00000000      0.99981545      0.21505233      0.50875980      0.50875980      0.41757852      0.12849409      1.90000000    -10.00000000
     36.82274247     -0.00000000     -0.00000000      0.00000000      0.00000000      0.00000060     -0.76799745      0.00000009      0.14605340      1.22752228      0.00000000      0.99981545      0.21585266      0.50871932      0.50871932      0.41789813      0.12744031      1.90000000    -10.00000000
     36.98996656     -0.00000000     -0.00000000      0.00000000      0.00000000      0.00000059     -0.76328413      0.00000009      0.14468626      1.22395850      0.00000000      0.99981545      0.21665282      0.50867921      0.50867921      0.41820885      0.12639818      1.90000000    -10.00000000
     37.15719064     -0.00000000     -0.00000000      0.00000000      0.00000000      0.00000058     -0.75864580      0.00000009      0.14333747      1.22050595      0.00000000      0.99981545      0.21744915      0.50863948      0.50863948      0.41852102      0.12536759      1.90000000    -10.00000000
     37.32441472     -0.00000000     -0.00000000      0.00000000      0.00000000      0.00000057     -0.75408001      0.00000009      0.14200678      1.21715888      0.00000000      0.99981545      0.21824251      0.50860011      0.50860011      0.41883086      0.12434846      1.90000000    -10.00000000
     37.49163880     -0.00000000     -0.00000000      0.00000000      0.00000000      0.00000055     -0.74958442      0.00000008      0.14069395      1.21391197      0.00000000      0.99981545      0.21903330      0.50856110      0.50856110      0.41913861      0.12334066      1.90000000    -10.00000000
     37.65886288     -0.00000000     -0.00000000      0.00000000      0.00000000      0.00000054     -0.74515686      0.00000008      0.13939871      1.21076027      0.00000000      0.99981545      0.21982094      0.50852244      0.50852244      0.41944428      0.12234410      1.90000000    -10.00000000
     37.82608696     -0.00000000     -0.00000000      0.00000000      0.00000000      0.00000053     -0.74079524      0.00000008      0.13812080      1.20769920      0.00000000      0.99981545      0.22060567      0.50848414      0.50848414      0.41980194      0.12135865      1.90000000    -10.00000000
     37.99331104     -0.00000000     -0.00000000      0.00000000      0.00000000      0.00000052     -0.73649760      0.00000008      0.13685997      1.20472449      0.00000000      0.99981545      0.22138770      0.50844618      0.50844618      0.41978296      0.12038419      1.90000000    -10.00000000
     38.16053512     -0.00000000     -0.00000000      0.00000000      0.00000000      0.00000052     -0.73226209      0.00000008      0.13561596      1.20183214      0.00000000      0.99981545      0.22216679      0.50840857      0.50840857      0.42034843      0.11942062      1.90000000    -10.00000000
     38.32775920     -0.00000000     -0.00000000      0.00000000      0.00000000      0.00000051     -0.72808694      0.00000008      0.13438851      1.19901844      0.00000000      0.99981545      0.22299638      0.50837129      0.50837129      0.42064574      0.11846780      1.90000000    -10.00000000
     38.49498328     -0.00000000     -0.00000000      0.00000000      0.00000000      0.00000050     -0.72397045      0.00000007      0.13317735      1.19627991      0.00000000      0.99981545      0.22371636      0.50833434      0.50833434      0.42094591      0.11752561      1.90000000    -10.00000000
     38.66220736     -0.00000000     -0.00000000      0.00000000      0.00000000      0.00000049     -0.71991104      0.00000007      0.13198225      1.19361329      0.00000000      0.99981545      0.22448636      0.50829772      0.50829772      0.42123302      0.11659392      1.90000000    -10.00000000
     38.82943144     -0.00000000     -0.00000000      0.00000000      0.00000000      0.00000048     -0.71590717      0.00000007      0.13080294      1.19101553      0.00000000      0.99981545      0.22525410      0.50826142      0.50826142      0.42152567      0.11567262      1.90000000    -10.00000000
     38.99665552     -0.00000000     -0.00000000      0.00000000      0.00000000      0.00000047     -0.71195739      0.00000007      0.12963918      1.18848376      0.00000000      0.99981545      0.22602165      0.50822544      0.50822544      0.42181493      0.11476158      1.90000000    -10.00000000
     39.16387960     -0.00000000     -0.00000000      0.00000000      0.00000000      0.00000046     -0.70806031      0.00000007      0.12849071      1.18601528      0.00000000      0.99981545      0.22678031      0.50818978      0.50818978      0.42209697      0.11386067      1.90000000    -10.00000000
     39.33110368     -0.00000000     -0.00000000      0.00000000      0.00000000      0.00000045     -0.70421459      0.00000007      0.12735729      1.18360755      0.00000000      0.99981545      0.22753914      0.50815442      0.50815442      0.42238788      0.11296977      1.90000000    -10.00000000
     39.49832776     -0.00000000     -0.00000000      0.00000000      0.00000000      0.00000045     -0.70041895      0.00000007      0.12623868      1.18125819      0.00000000      0.99981545      0.22829417      0.50811938      0.50811938      0.42267510      0.11208875      1.90000000    -10.00000000
     39.66555184     -0.00000000     -0.00000000      0.00000000      0.00000000      0.00000044     -0.69667218      0.00000006      0.12513464      1.17896492      0.00000000      0.99981545      0.22904808      0.50808463      0.50808463      0.42295309      0.11121748      1.90000000    -10.00000000
     39.83277592     -0.00000000     -0.00000000      0.00000000      0.00000000      0.00000043     -0.69297310      0.00000006      0.12404494      1.17672563      0.00000000      0.99981545      0.22979530      0.50805018      0.50805018      0.42323251      0.11035585      1.90000000    -10.00000000
     40.00000000     -0.00000000     -0.00000000      0.00000000      0.00000000      0.00000042     -0.68932058      0.00000006      0.12296933      1.17453829      0.00000000      0.99981545      0.23054538      0.50801603      0.50801603      0.42351076      0.10950373      1.90000000    -10.00000000
