    -10.00000000     -0.00000000     -0.00000000      0.00000000      0.00000000      0.03562046      0.00000119      0.01171299      0.00000000      0.83293032      0.00000000      0.99984586      0.50001707      0.50002206      0.50002206      0.49999751      0.00000000      6.00000000    -10.00000000
     -9.73244147     -0.00000000     -0.00000000      0.00000000      0.00000000      0.03552010      0.01610164      0.01168772      0.00009455      0.83348160      0.00000000      0.99984586      0.49997141      0.49994943      0.49994943      0.50016944      0.00009454      6.00000000    -10.00000000
     -9.46488294     -0.00000000     -0.00000000      0.00000000      0.00000000      0.03557081      0.03203186      0.01165509      0.00037577      0.82996985      0.00000000      0.99984586      0.50160925      0.49990760      0.49990760      0.50028219      0.00037563      6.00000000    -10.00000000
     -9.19732441     -0.00000000     -0.00000000      0.00000000      0.00000000      0.03564764      0.04761513      0.01160100      0.00083600      0.82433746      0.00000000      0.99984586      0.50046801      0.49986633      0.49986633      0.50005597      0.00083530      6.00000000    -10.00000000
     -8.92976589     -0.00000000     -0.00000000      0.00000000      0.00000000      0.03574886      0.06268959      0.01152582      0.00146272      0.81667661      0.00000000      0.99984586      0.49986454      0.49982902      0.49982902      0.49986040      0.00146059      6.00000000    -10.00000000
     -8.66220736     -0.00000000     -0.00000000      0.00000000      0.00000000      0.03587507      0.07709104      0.01143009      0.00223837      0.80704384      0.00000000      0.99984586      0.49931128      0.49979756      0.49979756      0.49971901      0.00223337      6.00000000    -10.00000000
     -8.39464883     -0.00000000     -0.00000000      0.00000000      0.00000000      0.03602638      0.09066026      0.01131448      0.00314052      0.79552553      0.00000000      0.99984586      0.49887917      0.49977008      0.49977008      0.49958548      0.00313069      6.00000000    -10.00000000
     -8.12709030     -0.00000000     -0.00000000      0.00000000      0.00000000      0.03620244      0.10324808      0.01117982      0.00414236      0.78223527      0.00000000      0.99984586      0.49842163      0.49974648      0.49974648      0.49945225      0.00412527      6.00000000    -10.00000000
     -7.85953177     -0.00000000     -0.00000000      0.00000000      0.00000000      0.03640264      0.11471825      0.01102711      0.00521336      0.76730676      0.00000000      0.99984586      0.49797548      0.49973197      0.49973197      0.49931419      0.00518632      6.00000000    -10.00000000
     -7.59197324     -0.00000000     -0.00000000      0.00000000      0.00000000      0.03662619      0.12494840      0.01085743      0.00631986      0.75088849      0.00000000      0.99984586      0.49745619      0.49972717      0.49972717      0.49917121      0.00628017      6.00000000    -10.00000000
     -7.32441472     -0.00000000     -0.00000000      0.00000000      0.00000000      0.03687218      0.13383005      0.01067199      0.00742578      0.73313948      0.00000000      0.99984586      0.49677513      0.49973623      0.49973623      0.49901694      0.00737105      6.00000000    -10.00000000
     -7.05685619     -0.00000000     -0.00000000      0.00000000      0.00000000      0.03713958      0.14126840      0.01047206      0.00849329      0.71422549      0.00000000      0.99984586      0.49563055      0.49974613      0.49974613      0.49885756      0.00842177      6.00000000    -10.00000000
     -6.78929766     -0.00000000     -0.00000000      0.00000000      0.00000000      0.03742720      0.14718220      0.01025898      0.00948364      0.69431554      0.00000000      0.99984586      0.49554836      0.49978003      0.49978003      0.49868498      0.00939455      6.00000000    -10.00000000
     -6.52173913     -0.00000000     -0.00000000      0.00000000      0.00000000      0.03773419      0.15148916      0.01003418      0.01035612      0.67357715      0.00000000      0.99984586      0.49529741      0.49982356      0.49982356      0.49847643      0.01024997      6.00000000    -10.00000000
     -6.25418060     -0.00000000     -0.00000000      0.00000000      0.00000000      0.03805786      0.15417858      0.00979880      0.01107901      0.65218194      0.00000000      0.99984586      0.49510039      0.49988025      0.49988025      0.49832446      0.01095761      6.00000000    -10.00000000
     -5.98662207     -0.00000000     -0.00000000      0.00000000      0.00000000      0.03839798      0.15516474      0.00955446      0.01161100      0.63028624      0.00000000      0.99984586      0.49470133      0.49995273      0.49995273      0.49806326      0.01147774      6.00000000    -10.00000000
     -5.71906355     -0.00000000     -0.00000000      0.00000000      0.00000000      0.03875251      0.15443341      0.00930242      0.01192251      0.60804609      0.00000000      0.99984586      0.49428661      0.50003915      0.50003915      0.49780410      0.01178203      6.00000000    -10.00000000
     -5.45150502     -0.00000000     -0.00000000      0.00000000      0.00000000      0.03911977      0.15196727      0.00904403      0.01198714      0.58560690      0.00000000      0.99984586      0.49375670      0.50014376      0.50014376      0.49754159      0.01184515      6.00000000    -10.00000000
     -5.18394649     -0.00000000     -0.00000000      0.00000000      0.00000000      0.03949795      0.14776009      0.00878057      0.01178548      0.56310390      0.00000000      0.99984586      0.49304747      0.50026431      0.50026431      0.49711305      0.01164820      6.00000000    -10.00000000
     -4.91638796     -0.00000000     -0.00000000      0.00000000      0.00000000      0.03988522      0.14181588      0.00851328      0.01130697      0.54066118      0.00000000      0.99984586      0.49249219      0.50040248      0.50040248      0.49695350      0.01118055      6.00000000    -10.00000000
     -4.64882943     -0.00000000     -0.00000000      0.00000000      0.00000000      0.04027965      0.13414789      0.00824333      0.01055193      0.51839101      0.00000000      0.99984586      0.49172411      0.50055786      0.50055786      0.49676180      0.01044175      6.00000000    -10.00000000
     -4.38127090     -0.00000000     -0.00000000      0.00000000      0.00000000      0.04067928      0.12477771      0.00797185      0.00953387      0.49639366      0.00000000      0.99984586      0.49089932      0.50073219      0.50073219      0.49654224      0.00944383      6.00000000    -10.00000000
     -4.11371237     -0.00000000     -0.00000000      0.00000000      0.00000000      0.04108208      0.11373430      0.00769988      0.00828195      0.47475728      0.00000000      0.99984586      0.49000786      0.50092710      0.50092710      0.49629474      0.00821393      6.00000000    -10.00000000
     -3.84615385     -0.00000000     -0.00000000      0.00000000      0.00000000      0.04148598      0.10105305      0.00742838      0.00684364      0.45355827      0.00000000      0.99984586      0.48904401      0.50113863      0.50113863      0.49604944      0.00679712      6.00000000    -10.00000000
     -3.57859532     -0.00000000     -0.00000000      0.00000000      0.00000000      0.04188888      0.08677489      0.00715826      0.00528762      0.43286160      0.00000000      0.99984586      0.48820836      0.50137156      0.50137156      0.49571910      0.00525981      6.00000000    -10.00000000
     -3.31103679     -0.00000000     -0.00000000      0.00000000      0.00000000      0.04228862      0.07094534      0.00689033      0.00370691      0.41272146      0.00000000      0.99984586      0.48691541      0.50162274      0.50162274      0.49539537      0.00369322      6.00000000    -10.00000000
     -3.04347826     -0.00000000     -0.00000000      0.00000000      0.00000000      0.04268302      0.05361372      0.00662534      0.00222218      0.39318192      0.00000000      0.99984586      0.48575475      0.50189485      0.50189485      0.49504756      0.00221726      6.00000000    -10.00000000
     -2.77591973     -0.00000000     -0.00000000      0.00000000      0.00000000      0.04306989      0.03483232      0.00636396      0.00098535      0.37427763      0.00000000      0.99984586      0.48452933      0.50218272      0.50218272      0.49467335      0.00098438      6.00000000    -10.00000000
     -2.50836120     -0.00000000     -0.00000000      0.00000000      0.00000000      0.04344701      0.01465558      0.00610677      0.00018337      0.35603459      0.00000000      0.99984586      0.48324237      0.50249131      0.50249131      0.49427905      0.00018334      6.00000000    -10.00000000
     -2.24080268     -0.00000000     -0.00000000      0.00000000      0.00000000      0.04381217     -0.00686051      0.00585431      0.00004227      0.33847095      0.00000000      0.99984586      0.48194458      0.50281845      0.50281845      0.49386300      0.00004227      6.00000000    -10.00000000
     -1.97324415     -0.00000000     -0.00000000      0.00000000      0.00000000      0.04416318     -0.02965915      0.00560703      0.00083143      0.32159776      0.00000000      0.99984586      0.48058832      0.50316422      0.50316422      0.49343240      0.00083074      6.00000000    -10.00000000
     -1.70568562     -0.00000000     -0.00000000      0.00000000      0.00000000      0.04449788     -0.05368320      0.00536533      0.00286814      0.30541983      0.00000000      0.99984586      0.47900887      0.50352732      0.50352732      0.49286904      0.00285994      6.00000000    -10.00000000
     -1.43812709     -0.00000000     -0.00000000      0.00000000      0.00000000      0.04481415     -0.07887573      0.00512953      0.00652237      0.28993642      0.00000000      0.99984586      0.47738006      0.50390765      0.50390765      0.49249705      0.00648011      6.00000000    -10.00000000
     -1.17056856     -0.00000000     -0.00000000      0.00000000      0.00000000      0.04510994     -0.10518038      0.00489992      0.01222177      0.27514204      0.00000000      0.99984586      0.47585793      0.50430493      0.50430493      0.49200556      0.01207420      6.00000000    -10.00000000
     -0.90301003     -0.00000000     -0.00000000      0.00000000      0.00000000      0.04538327     -0.13254172      0.00467672      0.02045696      0.26102712      0.00000000      0.99984586      0.47398730      0.50471742      0.50471742      0.49149847      0.02004686      6.00000000    -10.00000000
     -0.63545151     -0.00000000     -0.00000000      0.00000000      0.00000000      0.04563226     -0.16090554      0.00446010      0.03178705      0.24757871      0.00000000      0.99984586      0.47222353      0.50513636      0.50513636      0.49097609      0.03080776      6.00000000    -10.00000000
     -0.36789298     -0.00000000     -0.00000000      0.00000000      0.00000000      0.04585510     -0.19021905      0.00425021      0.04684536      0.23478102      0.00000000      0.99984586      0.47039514      0.50558481      0.50558481      0.49044242      0.04474907      6.00000000    -10.00000000
     -0.10033445     -0.00000000     -0.00000000      0.00000000      0.00000000      0.04605012     -0.22043109      0.00404713      0.06634539      0.22261602      0.00000000      0.99984586      0.46853051      0.50604202      0.50604202      0.48990452      0.06221755      6.00000000    -10.00000000
      0.16722408     -0.00000000     -0.00000000      0.00000000      0.00000000      0.04621576     -0.25149218      0.00385091      0.09108702      0.21106391      0.00000000      0.99984586      0.46662079      0.50650794      0.50650794      0.48934421      0.08348282      6.00000000    -10.00000000
      0.43478261     -0.00000000     -0.00000000      0.00000000      0.00000000      0.04635057     -0.28335467      0.00366159      0.12196283      0.20010354      0.00000000      0.99984586      0.46467170      0.50698194      0.50698194      0.48872528      0.10870487      6.00000000    -10.00000000
      0.70234114     -0.00000000     -0.00000000      0.00000000      0.00000000      0.04645328     -0.31597274      0.00347915      0.15996464      0.18971285      0.00000000      0.99984586      0.46268371      0.50747116      0.50747116      0.48806012      0.13790475      6.00000000    -10.00000000
      0.96989967     -0.00000000     -0.00000000      0.00000000      0.00000000      0.04652274     -0.34930235      0.00330356      0.20619013      0.17986914      0.00000000      0.99984586      0.46065973      0.50796785      0.50796785      0.48748732      0.17094331      6.00000000    -10.00000000
      1.23745819     -0.00000000     -0.00000000      0.00000000      0.00000000      0.04655798     -0.38330127      0.00313476      0.26184949      0.17054944      0.00000000      0.99984586      0.45855973      0.50847104      0.50847104      0.48685171      0.20751246      6.00000000    -10.00000000
      1.50501672     -0.00000000     -0.00000000      0.00000000      0.00000000      0.04655818     -0.41792892      0.00297268      0.32827189      0.16173077      0.00000000      0.99984586      0.45652051      0.50897845      0.50897845      0.48620709      0.24714209      6.00000000    -10.00000000
      1.77257525     -0.00000000     -0.00000000      0.00000000      0.00000000      0.04652273     -0.45314627      0.00281723      0.40691184      0.15339034      0.00000000      0.99984586      0.45441402      0.50949092      0.50949092      0.48555502      0.28922341      6.00000000    -10.00000000
      2.04013378     -0.00000000     -0.00000000      0.00000000      0.00000000      0.04645116     -0.48891584      0.00266831      0.49935493      0.14550582      0.00000000      0.99984586      0.45228230      0.51000678      0.51000678      0.48489731      0.33304651      6.00000000    -10.00000000
      2.30769231     -0.00000000     -0.00000000      0.00000000      0.00000000      0.04634320     -0.52520162      0.00252580      0.60732318      0.13805552      0.00000000      0.99984586      0.45013529      0.51052363      0.51052363      0.48423559      0.37784758      6.00000000    -10.00000000
      2.57525084     -0.00000000     -0.00000000      0.00000000      0.00000000      0.04619871     -0.56196942      0.00238958      0.73268003      0.13101847      0.00000000      0.99984586      0.44797457      0.51104300      0.51104300      0.48357115      0.42285940      6.00000000    -10.00000000
      2.84280936     -0.00000000     -0.00000000      0.00000000      0.00000000      0.04601768     -0.59918738      0.00225952      0.87743589      0.12437452      0.00000000      0.99984586      0.44580522      0.51155812      0.51155812      0.48290455      0.46735864      6.00000000    -10.00000000
      3.11036789     -0.00000000     -0.00000000      0.00000000      0.00000000      0.04580014     -0.63682673      0.00213546      1.04375530      0.11810421      0.00000000      0.99984586      0.44362949      0.51207193      0.51207193      0.48225212      0.51070463      6.00000000    -10.00000000
      3.37792642     -0.00000000     -0.00000000      0.00000000      0.00000000      0.04554621     -0.67486235      0.00201725      1.23396664      0.11218854      0.00000000      0.99984586      0.44147645      0.51258106      0.51258106      0.48157199      0.55236574      6.00000000    -10.00000000
      3.64548495     -0.00000000     -0.00000000      0.00000000      0.00000000      0.04525609     -0.71327249      0.00190471      1.45057293      0.10660876      0.00000000      0.99984586      0.43927605      0.51308744      0.51308744      0.48094400      0.59193216      6.00000000    -10.00000000
      3.91304348     -0.00000000     -0.00000000      0.00000000      0.00000000      0.04493014     -0.75203772      0.00179765      1.69626093      0.10134635      0.00000000      0.99984586      0.43710511      0.51358628      0.51358628      0.48024984      0.62911601      6.00000000    -10.00000000
      4.18060201     -0.00000000     -0.00000000      0.00000000      0.00000000      0.04456897     -0.79113959      0.00169587      1.97390697      0.09638314      0.00000000      0.99984586      0.43494447      0.51407768      0.51407768      0.47959470      0.66374200      6.00000000    -10.00000000
      4.44816054     -0.00000000     -0.00000000      0.00000000      0.00000000      0.04417340     -0.83055986      0.00159918      2.28658060      0.09170159      0.00000000      0.99984586      0.43279663      0.51456072      0.51456072      0.47894599      0.69573240      6.00000000    -10.00000000
      4.71571906     -0.00000000     -0.00000000      0.00000000      0.00000000      0.04374447     -0.87028041      0.00150738      2.63754840      0.08728497      0.00000000      0.99984586      0.43066502      0.51503528      0.51503528      0.47831334      0.72508957      6.00000000    -10.00000000
      4.98327759     -0.00000000     -0.00000000      0.00000000      0.00000000      0.04328335     -0.91028354      0.00142028      3.03027862      0.08311747      0.00000000      0.99984586      0.42848850      0.51549363      0.51549363      0.47767093      0.75187820      6.00000000    -10.00000000
      5.25083612     -0.00000000     -0.00000000      0.00000000      0.00000000      0.04279136     -0.95055216      0.00133769      3.46844566      0.07918420      0.00000000      0.99984586      0.42644994      0.51594041      0.51594041      0.47704722      0.77620854      6.00000000    -10.00000000
      5.51839465     -0.00000000     -0.00000000      0.00000000      0.00000000      0.04226989     -0.99107004      0.00125942      3.95593353      0.07547119      0.00000000      0.99984586      0.42437265      0.51637394      0.51637394      0.47643397      0.79822167      6.00000000    -10.00000000
      5.78595318     -0.00000000     -0.00000000      0.00000000      0.00000000      0.04172045     -1.03182175      0.00118531      4.49683805      0.07196538      0.00000000      0.99984586      0.42231129      0.51679438      0.51679438      0.47583222      0.81807723      6.00000000    -10.00000000
      6.05351171     -0.00000000     -0.00000000      0.00000000      0.00000000      0.04114459     -1.07279278      0.00111517      5.09546787      0.06865452      0.00000000      0.99984586      0.42025221      0.51719987      0.51719987      0.47523979      0.83594368      6.00000000    -10.00000000
      6.32107023     -0.00000000     -0.00000000      0.00000000      0.00000000      0.04054393     -1.11396945      0.00104883      5.75634433      0.06552715      0.00000000      0.99984586      0.41836737      0.51758988      0.51758988      0.47467051      0.85199097      6.00000000    -10.00000000
      6.58862876     -0.00000000     -0.00000000      0.00000000      0.00000000      0.03992016     -1.15533896      0.00098613      6.48420019      0.06257256      0.00000000      0.99984586      0.41646545      0.51796379      0.51796379      0.47408866      0.86638519      6.00000000    -10.00000000
      6.85618729     -0.00000000     -0.00000000      0.00000000      0.00000000      0.03927499     -1.19688929      0.00092691      7.28397688      0.05978069      0.00000000      0.99984586      0.41459004      0.51831937      0.51831937      0.47355796      0.87928503      6.00000000    -10.00000000
      7.12374582     -0.00000000     -0.00000000      0.00000000      0.00000000      0.03861016     -1.23860922      0.00087100      8.16082012      0.05714212      0.00000000      0.99984586      0.41275378      0.51866585      0.51866585      0.47302626      0.89083947      6.00000000    -10.00000000
      7.39130435     -0.00000000     -0.00000000      0.00000000      0.00000000      0.03792743     -1.28048825      0.00081825      9.12007333      0.05464801      0.00000000      0.99984586      0.41096072      0.51898347      0.51898347      0.47253240      0.90118649      6.00000000    -10.00000000
      7.65886288     -0.00000000     -0.00000000      0.00000000      0.00000000      0.03722860     -1.32251661      0.00076852     10.16726872      0.05229010      0.00000000      0.99984586      0.40921664      0.51928778      0.51928778      0.47201254      0.91045259      6.00000000    -10.00000000
      7.92642140     -0.00000000     -0.00000000      0.00000000      0.00000000      0.03651542     -1.36468513      0.00072166     11.30811568      0.05006062      0.00000000      0.99984586      0.40751923      0.51957406      0.51957406      0.47153094      0.91875279      6.00000000    -10.00000000
      8.19397993     -0.00000000     -0.00000000      0.00000000      0.00000000      0.03578966     -1.40698527      0.00067753     12.54848595      0.04795228      0.00000000      0.99984586      0.40585714      0.51984223      0.51984223      0.47105409      0.92619101      6.00000000    -10.00000000
      8.46153846     -0.00000000     -0.00000000      0.00000000      0.00000000      0.03505308     -1.44940905      0.00063599     13.89439562      0.04595828      0.00000000      0.99984586      0.40425282      0.52009243      0.52009243      0.47062080      0.93286065      6.00000000    -10.00000000
      8.72909699     -0.00000000     -0.00000000      0.00000000      0.00000000      0.03430740     -1.49194904      0.00059692     15.35198341      0.04407223      0.00000000      0.99984586      0.40257598      0.52032292      0.52032292      0.47017013      0.93884534      6.00000000    -10.00000000
      8.99665552     -0.00000000     -0.00000000      0.00000000      0.00000000      0.03355431     -1.53459827      0.00056018     16.92748509      0.04228813      0.00000000      0.99984586      0.40119666      0.52053420      0.52053420      0.46978479      0.94421973      6.00000000    -10.00000000
      9.26421405     -0.00000000     -0.00000000      0.00000000      0.00000000      0.03279545     -1.57735026      0.00052566     18.62720350      0.04060038      0.00000000      0.99984586      0.39974804      0.52072702      0.52072702      0.46939447      0.94905031      6.00000000    -10.00000000
      9.53177258     -0.00000000     -0.00000000      0.00000000      0.00000000      0.03203242     -1.62019894      0.00049324     20.45747529      0.03900373      0.00000000      0.99984586      0.39834983      0.52090172      0.52090172      0.46903090      0.95339619      6.00000000    -10.00000000
      9.79933110     -0.00000000     -0.00000000      0.00000000      0.00000000      0.03126677     -1.66313866      0.00046280     22.42463212      0.03749325      0.00000000      0.99984586      0.39701307      0.52105832      0.52105832      0.46867005      0.95730990      6.00000000    -10.00000000
     10.06688963     -0.00000000     -0.00000000      0.00000000      0.00000000      0.03050000     -1.70616414      0.00043425     24.53495863      0.03606432      0.00000000      0.99984586      0.39572926      0.52119721      0.52119721      0.46834410      0.96083800      6.00000000    -10.00000000
     10.33444816     -0.00000000     -0.00000000      0.00000000      0.00000000      0.02973353     -1.74927046      0.00040747     26.79464689      0.03471262      0.00000000      0.99984586      0.39450907      0.52131861      0.52131861      0.46802094      0.96402185      6.00000000    -10.00000000
     10.60200669     -0.00000000     -0.00000000      0.00000000      0.00000000      0.02896872     -1.79245304      0.00038237     29.20974229      0.03343408      0.00000000      0.99984586      0.39332249      0.52142292      0.52142292      0.46772584      0.96689810      6.00000000    -10.00000000
     10.86956522     -0.00000000     -0.00000000      0.00000000      0.00000000      0.02820686     -1.83570759      0.00035884     31.78611625      0.03222486      0.00000000      0.99984586      0.39220279      0.52151051      0.52151051      0.46744654      0.96949928      6.00000000    -10.00000000
     11.13712375     -0.00000000     -0.00000000      0.00000000      0.00000000      0.02744918     -1.87903014      0.00033681     34.52931726      0.03108143      0.00000000      0.99984586      0.39113825      0.52158182      0.52158182      0.46718685      0.97185423      6.00000000    -10.00000000
     11.40468227     -0.00000000     -0.00000000      0.00000000      0.00000000      0.02669682     -1.92241697      0.00031619     37.44468772      0.03000036      0.00000000      0.99984586      0.39012851      0.52163728      0.52163728      0.46694546      0.97398860      6.00000000    -10.00000000
     11.67224080     -0.00000000     -0.00000000      0.00000000      0.00000000      0.02595087     -1.96586465      0.00029688     40.53714953      0.02897848      0.00000000      0.99984586      0.38917533      0.52167749      0.52167749      0.46672232      0.97592517      6.00000000    -10.00000000
     11.93979933     -0.00000000     -0.00000000      0.00000000      0.00000000      0.02521232     -2.00936998      0.00027882     43.81119531      0.02801278      0.00000000      0.99984586      0.38816532      0.52170269      0.52170269      0.46651596      0.97768415      6.00000000    -10.00000000
     12.20735786     -0.00000000     -0.00000000      0.00000000      0.00000000      0.02448210     -2.05292948      0.00026194     47.26975135      0.02710106      0.00000000      0.99984586      0.38742326      0.52171371      0.52171371      0.46632714      0.97928309      6.00000000    -10.00000000
     12.47491639     -0.00000000     -0.00000000      0.00000000      0.00000000      0.02376106     -2.09654190      0.00024613     50.91972077      0.02623872      0.00000000      0.99984586      0.38662801      0.52171090      0.52171090      0.46609174      0.98073950      6.00000000    -10.00000000
     12.74247492     -0.00000000     -0.00000000      0.00000000      0.00000000      0.02304999     -2.14020319      0.00023136     54.76069423      0.02542509      0.00000000      0.99984586      0.38588571      0.52169494      0.52169494      0.46600052      0.98206622      6.00000000    -10.00000000
     13.01003344     -0.00000000     -0.00000000      0.00000000      0.00000000      0.02234960     -2.18391148      0.00021756     58.79617521      0.02465713      0.00000000      0.99984586      0.38519472      0.52166600      0.52166600      0.46586424      0.98327652      6.00000000    -10.00000000
     13.27759197     -0.00000000     -0.00000000      0.00000000      0.00000000      0.02166052     -2.22766459      0.00020465     63.02791879      0.02393250      0.00000000      0.99984586      0.38455176      0.52162572      0.52162572      0.46573891      0.98438181      6.00000000    -10.00000000
     13.54515050     -0.00000000     -0.00000000      0.00000000      0.00000000      0.02098332     -2.27146048      0.00019259     67.45705128      0.02324901      0.00000000      0.99984586      0.38395782      0.52157360      0.52157360      0.46563080      0.98539230      6.00000000    -10.00000000
     13.81270903     -0.00000000     -0.00000000      0.00000000      0.00000000      0.02031852     -2.31529726      0.00018132     72.08404533      0.02260455      0.00000000      0.99984586      0.38339531      0.52151058      0.52151058      0.46553779      0.98631712      6.00000000    -10.00000000
     14.08026756     -0.00000000     -0.00000000      0.00000000      0.00000000      0.01966655     -2.35917319      0.00017079     76.90872730      0.02199711      0.00000000      0.99984586      0.38291643      0.52143727      0.52143727      0.46545970      0.98716447      6.00000000    -10.00000000
     14.34782609     -0.00000000     -0.00000000      0.00000000      0.00000000      0.01902780     -2.40308684      0.00016094     81.93142572      0.02142446      0.00000000      0.99984586      0.38246200      0.52135419      0.52135419      0.46539410      0.98794184      6.00000000    -10.00000000
     14.61538462     -0.00000000     -0.00000000      0.00000000      0.00000000      0.01840260     -2.44703629      0.00015173     87.14863606      0.02088535      0.00000000      0.99984586      0.38205990      0.52126191      0.52126191      0.46534481      0.98865552      6.00000000    -10.00000000
     14.88294314     -0.00000000     -0.00000000      0.00000000      0.00000000      0.01779120     -2.49102008      0.00014313     92.55778326      0.02037807      0.00000000      0.99984586      0.38169793      0.52116109      0.52116109      0.46530708      0.98931142      6.00000000    -10.00000000
     15.15050167     -0.00000000     -0.00000000      0.00000000      0.00000000      0.01719383     -2.53503722      0.00013508     98.15844037      0.01990043      0.00000000      0.99984586      0.38137822      0.52105216      0.52105216      0.46521177      0.98991513      6.00000000    -10.00000000
     15.41806020     -0.00000000     -0.00000000      0.00000000      0.00000000      0.01661066     -2.57908643      0.00012755    103.94764999      0.01945085      0.00000000      0.99984586      0.38110124      0.52093571      0.52093571      0.46526811      0.99047144      6.00000000    -10.00000000
     15.68561873     -0.00000000     -0.00000000      0.00000000      0.00000000      0.01604180     -2.62316613      0.00012051    109.91854558      0.01902839      0.00000000      0.99984586      0.38084753      0.52081188      0.52081188      0.46526793      0.99098438      6.00000000    -10.00000000
     15.95317726     -0.00000000     -0.00000000      0.00000000      0.00000000      0.01548734     -2.66727555      0.00011391    116.07019289      0.01863102      0.00000000      0.99984586      0.38066412      0.52068227      0.52068227      0.46527722      0.99145812      6.00000000    -10.00000000
     16.22073579     -0.00000000     -0.00000000      0.00000000      0.00000000      0.01494731     -2.71141326      0.00010774    122.39467060      0.01825788      0.00000000      0.99984586      0.38050421      0.52054639      0.52054639      0.46529761      0.99189592      6.00000000    -10.00000000
     16.48829431     -0.00000000     -0.00000000      0.00000000      0.00000000      0.01442169     -2.75558034      0.00010195    128.90069751      0.01790575      0.00000000      0.99984586      0.38038033      0.52040483      0.52040483      0.46532867      0.99230181      6.00000000    -10.00000000
     16.75585284     -0.00000000     -0.00000000      0.00000000      0.00000000      0.01391049     -2.79977157      0.00009653    135.55678224      0.01757703      0.00000000      0.99984586      0.38029623      0.52025860      0.52025860      0.46536948      0.99267704      6.00000000    -10.00000000
     17.02341137     -0.00000000     -0.00000000      0.00000000      0.00000000      0.01341362     -2.84398666      0.00009145    142.35897132      0.01726998      0.00000000      0.99984586      0.38023741      0.52010770      0.52010770      0.46541942      0.99302450      6.00000000    -10.00000000
     17.29096990     -0.00000000     -0.00000000      0.00000000      0.00000000      0.01293097     -2.88822783      0.00008669    149.32242602      0.01698085      0.00000000      0.99984586      0.38021608      0.51995286      0.51995286      0.46547848      0.99334763      6.00000000    -10.00000000
     17.55852843     -0.00000000     -0.00000000      0.00000000      0.00000000      0.01246242     -2.93249364      0.00008221    156.43836109      0.01670908      0.00000000      0.99984586      0.38021970      0.51979536      0.51979536      0.46554581      0.99364831      6.00000000    -10.00000000
     17.82608696     -0.00000000     -0.00000000      0.00000000      0.00000000      0.01200783     -2.97678061      0.00007801    163.67893521      0.01645593      0.00000000      0.99984586      0.38033943      0.51963271      0.51963271      0.46562156      0.99392758      6.00000000    -10.00000000
     18.09364548     -0.00000000     -0.00000000      0.00000000      0.00000000      0.01156704     -3.02108821      0.00007407    171.03633800      0.01622034      0.00000000      0.99984586      0.38033462      0.51946631      0.51946631      0.46570481      0.99418727      6.00000000    -10.00000000
     18.36120401     -0.00000000     -0.00000000      0.00000000      0.00000000      0.01113984     -3.06541861      0.00007036    178.53188831      0.01599872      0.00000000      0.99984586      0.38043052      0.51929729      0.51929729      0.46579936      0.99442996      6.00000000    -10.00000000
     18.62876254     -0.00000000     -0.00000000      0.00000000      0.00000000      0.01072602     -3.10976797      0.00006688    186.12802187      0.01579304      0.00000000      0.99984586      0.38055299      0.51912601      0.51912601      0.46589275      0.99465606      6.00000000    -10.00000000
     18.89632107     -0.00000000     -0.00000000      0.00000000      0.00000000      0.01032538     -3.15413649      0.00006360    193.82514780      0.01560172      0.00000000      0.99984586      0.38070236      0.51895278      0.51895278      0.46599658      0.99486719      6.00000000    -10.00000000
     19.16387960     -0.00000000     -0.00000000      0.00000000      0.00000000      0.00993767     -3.19852136      0.00006053    201.56270369      0.01542801      0.00000000      0.99984586      0.38087675      0.51877793      0.51877793      0.46610582      0.99506326      6.00000000    -10.00000000
     19.43143813     -0.00000000     -0.00000000      0.00000000      0.00000000      0.00956263     -3.24292790      0.00005761    209.48619085      0.01525951      0.00000000      0.99984586      0.38107239      0.51860173      0.51860173      0.46622227      0.99524909      6.00000000    -10.00000000
     19.69899666     -0.00000000     -0.00000000      0.00000000      0.00000000      0.00920002     -3.28734771      0.00005488    217.38457317      0.01511068      0.00000000      0.99984586      0.38129090      0.51842448      0.51842448      0.46634340      0.99542092      6.00000000    -10.00000000
     19.96655518     -0.00000000     -0.00000000      0.00000000      0.00000000      0.00884957     -3.33178551      0.00005229    225.46197260      0.01496588      0.00000000      0.99984586      0.38152992      0.51824643      0.51824643      0.46646957      0.99558425      6.00000000    -10.00000000
     20.23411371     -0.00000000     -0.00000000      0.00000000      0.00000000      0.00851100     -3.37623882      0.00004987    233.46097121      0.01484135      0.00000000      0.99984586      0.38183897      0.51806784      0.51806784      0.46660049      0.99573490      6.00000000    -10.00000000
     20.50167224     -0.00000000     -0.00000000      0.00000000      0.00000000      0.00818404     -3.42070813      0.00004756    241.60930787      0.01472109      0.00000000      0.99984586      0.38207115      0.51788897      0.51788897      0.46673585      0.99587815      6.00000000    -10.00000000
     20.76923077     -0.00000000     -0.00000000      0.00000000      0.00000000      0.00786839     -3.46519041      0.00004540    249.75035833      0.01461402      0.00000000      0.99984586      0.38236989      0.51771002      0.51771002      0.46687532      0.99601197      6.00000000    -10.00000000
     21.03678930     -0.00000000     -0.00000000      0.00000000      0.00000000      0.00756378     -3.50968633      0.00004335    257.91592767      0.01451710      0.00000000      0.99984586      0.38268567      0.51753123      0.51753123      0.46701862      0.99613774      6.00000000    -10.00000000
     21.30434783     -0.00000000     -0.00000000      0.00000000      0.00000000      0.00726992     -3.55419448      0.00004142    266.06289842      0.01443177      0.00000000      0.99984586      0.38301727      0.51735289      0.51735289      0.46716551      0.99625556      6.00000000    -10.00000000
     21.57190635     -0.00000000     -0.00000000      0.00000000      0.00000000      0.00698652     -3.59871681      0.00003959    274.28171720      0.01435225      0.00000000      0.99984586      0.38331297      0.51717535      0.51717535      0.46731561      0.99636736      6.00000000    -10.00000000
     21.83946488     -0.00000000     -0.00000000      0.00000000      0.00000000      0.00671328     -3.64325026      0.00003786    282.46270362      0.01428362      0.00000000      0.99984586      0.38373029      0.51699964      0.51699964      0.46746876      0.99647220      6.00000000    -10.00000000
     22.10702341     -0.00000000     -0.00000000      0.00000000      0.00000000      0.00644992     -3.68779457      0.00003622    290.64212411      0.01422317      0.00000000      0.99984586      0.38410603      0.51682207      0.51682207      0.46762469      0.99657114      6.00000000    -10.00000000
     22.37458194     -0.00000000     -0.00000000      0.00000000      0.00000000      0.00619616     -3.73235102      0.00003467    298.77359932      0.01417243      0.00000000      0.99984586      0.38449427      0.51664560      0.51664560      0.46790537      0.99666415      6.00000000    -10.00000000
     22.64214047     -0.00000000     -0.00000000      0.00000000      0.00000000      0.00595170     -3.77691687      0.00003320    306.86104109      0.01413040      0.00000000      0.99984586      0.38489558      0.51647064      0.51647064      0.46794605      0.99675178      6.00000000    -10.00000000
     22.90969900     -0.00000000     -0.00000000      0.00000000      0.00000000      0.00571628     -3.82149370      0.00003181    314.95545558      0.01409414      0.00000000      0.99984586      0.38530907      0.51629712      0.51629712      0.46810683      0.99683500      6.00000000    -10.00000000
     23.17725753     -0.00000000     -0.00000000      0.00000000      0.00000000      0.00548960     -3.86607924      0.00003049    322.95489913      0.01406764      0.00000000      0.99984586      0.38573048      0.51612286      0.51612286      0.46827204      0.99691315      6.00000000    -10.00000000
     23.44481605     -0.00000000     -0.00000000      0.00000000      0.00000000      0.00527139     -3.91067435      0.00002923    330.94607617      0.01404648      0.00000000      0.99984586      0.38616234      0.51594999      0.51594999      0.46843815      0.99698746      6.00000000    -10.00000000
     23.71237458     -0.00000000     -0.00000000      0.00000000      0.00000000      0.00506139     -3.95527851      0.00002804    338.83320594      0.01403427      0.00000000      0.99984586      0.38660048      0.51577859      0.51577859      0.46860637      0.99705738      6.00000000    -10.00000000
     23.97993311     -0.00000000     -0.00000000      0.00000000      0.00000000      0.00485933     -3.99989040      0.00002691    346.66089856      0.01402855      0.00000000      0.99984586      0.38705384      0.51560873      0.51560873      0.46877336      0.99712363      6.00000000    -10.00000000
     24.24749164     -0.00000000     -0.00000000      0.00000000      0.00000000      0.00466494     -4.04451056      0.00002584    354.39877950      0.01403012      0.00000000      0.99984586      0.38751316      0.51544050      0.51544050      0.46894646      0.99718626      6.00000000    -10.00000000
     24.51505017     -0.00000000     -0.00000000      0.00000000      0.00000000      0.00447797     -4.08913834      0.00002482    362.04691188      0.01403849      0.00000000      0.99984586      0.38797799      0.51527394      0.51527394      0.46911743      0.99724554      6.00000000    -10.00000000
     24.78260870     -0.00000000     -0.00000000      0.00000000      0.00000000      0.00429818     -4.13377337      0.00002385    369.57946501      0.01405423      0.00000000      0.99984586      0.38845170      0.51510914      0.51510914      0.46928992      0.99730152      6.00000000    -10.00000000
     25.05016722     -0.00000000     -0.00000000      0.00000000      0.00000000      0.00412531     -4.17841533      0.00002292    377.04560792      0.01407508      0.00000000      0.99984586      0.38892949      0.51494612      0.51494612      0.46946181      0.99735482      6.00000000    -10.00000000
     25.31772575     -0.00000000     -0.00000000      0.00000000      0.00000000      0.00395912     -4.22306389      0.00002204    384.36680234      0.01410363      0.00000000      0.99984586      0.38941451      0.51478494      0.51478494      0.46963588      0.99740507      6.00000000    -10.00000000
     25.58528428     -0.00000000     -0.00000000      0.00000000      0.00000000      0.00379939     -4.26771873      0.00002121    391.60295604      0.01413732      0.00000000      0.99984586      0.38990480      0.51462565      0.51462565      0.46981086      0.99745290      6.00000000    -10.00000000
     25.85284281     -0.00000000     -0.00000000      0.00000000      0.00000000      0.00364589     -4.31237957      0.00002041    398.70037794      0.01417780      0.00000000      0.99984586      0.39039999      0.51446823      0.51446823      0.46998509      0.99749813      6.00000000    -10.00000000
     26.12040134     -0.00000000     -0.00000000      0.00000000      0.00000000      0.00349839     -4.35704611      0.00001965    405.66931310      0.01422439      0.00000000      0.99984586      0.39089552      0.51431276      0.51431276      0.47016208      0.99754100      6.00000000    -10.00000000
     26.38795987     -0.00000000     -0.00000000      0.00000000      0.00000000      0.00335668     -4.40171807      0.00001892    412.49280312      0.01427741      0.00000000      0.99984586      0.39139897      0.51415925      0.51415925      0.47031893      0.99758158      6.00000000    -10.00000000
     26.65551839     -0.00000000     -0.00000000      0.00000000      0.00000000      0.00322055     -4.44639518      0.00001823    419.19955115      0.01433563      0.00000000      0.99984586      0.39191065      0.51400774      0.51400774      0.47050916      0.99762018      6.00000000    -10.00000000
     26.92307692     -0.00000000     -0.00000000      0.00000000      0.00000000      0.00308979     -4.49107718      0.00001757    425.75069193      0.01440016      0.00000000      0.99984586      0.39242046      0.51385816      0.51385816      0.47068437      0.99765671      6.00000000    -10.00000000
     27.19063545     -0.00000000     -0.00000000      0.00000000      0.00000000      0.00296421     -4.53576384      0.00001693    432.15287014      0.01447055      0.00000000      0.99984586      0.39293314      0.51371067      0.51371067      0.47085821      0.99769135      6.00000000    -10.00000000
     27.45819398     -0.00000000     -0.00000000      0.00000000      0.00000000      0.00284362     -4.58045489      0.00001633    438.40160383      0.01454677      0.00000000      0.99984586      0.39344858      0.51356515      0.51356515      0.47103237      0.99772418      6.00000000    -10.00000000
     27.72575251     -0.00000000     -0.00000000      0.00000000      0.00000000      0.00272784     -4.62515011      0.00001575    444.49263036      0.01462880      0.00000000      0.99984586      0.39396495      0.51342166      0.51342166      0.47120597      0.99775529      6.00000000    -10.00000000
     27.99331104     -0.00000000     -0.00000000      0.00000000      0.00000000      0.00261667     -4.66984927      0.00001520    450.42210391      0.01471660      0.00000000      0.99984586      0.39448631      0.51328018      0.51328018      0.47128795      0.99778478      6.00000000    -10.00000000
     28.26086957     -0.00000000     -0.00000000      0.00000000      0.00000000      0.00250995     -4.71455216      0.00001468    456.18630554      0.01481017      0.00000000      0.99984586      0.39500511      0.51314072      0.51314072      0.47155245      0.99781271      6.00000000    -10.00000000
     28.52842809     -0.00000000     -0.00000000      0.00000000      0.00000000      0.00240751     -4.75925857      0.00001417    461.78177673      0.01490951      0.00000000      0.99984586      0.39552704      0.51300327      0.51300327      0.47172451      0.99783915      6.00000000    -10.00000000
     28.79598662     -0.00000000     -0.00000000      0.00000000      0.00000000      0.00230918     -4.80396827      0.00001369    467.20524775      0.01501461      0.00000000      0.99984586      0.39604968      0.51286783      0.51286783      0.47189636      0.99786418      6.00000000    -10.00000000
     29.06354515     -0.00000000     -0.00000000      0.00000000      0.00000000      0.00221481     -4.84868109      0.00001323    472.45378569      0.01512549      0.00000000      0.99984586      0.39657220      0.51273440      0.51273440      0.47206725      0.99788786      6.00000000    -10.00000000
     29.33110368     -0.00000000     -0.00000000      0.00000000      0.00000000      0.00212425     -4.89339684      0.00001278    477.52370748      0.01524219      0.00000000      0.99984586      0.39709429      0.51260298      0.51260298      0.47223767      0.99791024      6.00000000    -10.00000000
     29.59866221     -0.00000000     -0.00000000      0.00000000      0.00000000      0.00203734     -4.93811529      0.00001236    482.41508560      0.01536466      0.00000000      0.99984586      0.39761857      0.51247347      0.51247347      0.47240085      0.99793138      6.00000000    -10.00000000
     29.86622074     -0.00000000     -0.00000000      0.00000000      0.00000000      0.00195395     -4.98283630      0.00001195    487.12294316      0.01549302      0.00000000      0.99984586      0.39807697      0.51234596      0.51234596      0.47257596      0.99795134      6.00000000    -10.00000000
     30.13377926     -0.00000000     -0.00000000      0.00000000      0.00000000      0.00187394     -5.02755968      0.00001156    491.64604056      0.01562728      0.00000000      0.99984586      0.39866396      0.51222040      0.51222040      0.47274359      0.99797015      6.00000000    -10.00000000
     30.40133779     -0.00000000     -0.00000000      0.00000000      0.00000000      0.00179718     -5.07228526      0.00001119    495.98241493      0.01576749      0.00000000      0.99984586      0.39918581      0.51209677      0.51209677      0.47291063      0.99798786      6.00000000    -10.00000000
     30.66889632     -0.00000000     -0.00000000      0.00000000      0.00000000      0.00172353     -5.11701287      0.00001083    500.13035496      0.01591371      0.00000000      0.99984586      0.39970693      0.51197505      0.51197505      0.47307698      0.99800451      6.00000000    -10.00000000
     30.93645485     -0.00000000     -0.00000000      0.00000000      0.00000000      0.00165289     -5.16174235      0.00001048    504.08831390      0.01606599      0.00000000      0.99984586      0.40022715      0.51185523      0.51185523      0.47324100      0.99802015      6.00000000    -10.00000000
     31.20401338     -0.00000000     -0.00000000      0.00000000      0.00000000      0.00158512     -5.20647354      0.00001015    507.85497023      0.01622442      0.00000000      0.99984586      0.40074605      0.51173727      0.51173727      0.47340353      0.99803480      6.00000000    -10.00000000
     31.47157191     -0.00000000     -0.00000000      0.00000000      0.00000000      0.00152011     -5.25120627      0.00000984    511.42856244      0.01638908      0.00000000      0.99984586      0.40126254      0.51162118      0.51162118      0.47354274      0.99804851      6.00000000    -10.00000000
     31.73913043     -0.00000000     -0.00000000      0.00000000      0.00000000      0.00145776     -5.29594043      0.00000953    514.80980917      0.01656002      0.00000000      0.99984586      0.40177980      0.51150691      0.51150691      0.47372948      0.99806130      6.00000000    -10.00000000
     32.00668896     -0.00000000     -0.00000000      0.00000000      0.00000000      0.00139796     -5.34067582      0.00000924    517.99626971      0.01673737      0.00000000      0.99984586      0.40225656      0.51139446      0.51139446      0.47389016      0.99807320      6.00000000    -10.00000000
     32.27424749     -0.00000000     -0.00000000      0.00000000      0.00000000      0.00134060     -5.38541232      0.00000896    520.98785020      0.01692123      0.00000000      0.99984586      0.40282002      0.51128381      0.51128381      0.47404970      0.99808425      6.00000000    -10.00000000
     32.54180602     -0.00000000     -0.00000000      0.00000000      0.00000000      0.00128559     -5.43014979      0.00000868    523.78417521      0.01711168      0.00000000      0.99984586      0.40331777      0.51117490      0.51117490      0.47420816      0.99809445      6.00000000    -10.00000000
     32.80936455     -0.00000000     -0.00000000      0.00000000      0.00000000      0.00123284     -5.47488808      0.00000842    526.38492198      0.01730886      0.00000000      0.99984586      0.40382663      0.51106765      0.51106765      0.47436542      0.99810385      6.00000000    -10.00000000
     33.07692308     -0.00000000     -0.00000000      0.00000000      0.00000000      0.00118225     -5.51962705      0.00000817    528.79002323      0.01751289      0.00000000      0.99984586      0.40433365      0.51096219      0.51096219      0.47452174      0.99811246      6.00000000    -10.00000000
     33.34448161     -0.00000000     -0.00000000      0.00000000      0.00000000      0.00113373     -5.56436658      0.00000793    530.99953951      0.01772388      0.00000000      0.99984586      0.40483823      0.51085838      0.51085838      0.47467573      0.99812030      6.00000000    -10.00000000
     33.61204013     -0.00000000     -0.00000000      0.00000000      0.00000000      0.00108721     -5.60910652      0.00000770    533.01373281      0.01794198      0.00000000      0.99984586      0.40534034      0.51075623      0.51075623      0.47483046      0.99812739      6.00000000    -10.00000000
     33.87959866     -0.00000000     -0.00000000      0.00000000      0.00000000      0.00104260     -5.65384674      0.00000748    534.83296819      0.01816734      0.00000000      0.99984586      0.40584021      0.51065572      0.51065572      0.47498274      0.99813375      6.00000000    -10.00000000
     34.14715719     -0.00000000     -0.00000000      0.00000000      0.00000000      0.00099982     -5.69858712      0.00000726    536.45783425      0.01840010      0.00000000      0.99984586      0.40698135      0.51055681      0.51055681      0.47513412      0.99813939      6.00000000    -10.00000000
     34.41471572     -0.00000000     -0.00000000      0.00000000      0.00000000      0.00095880     -5.74332752      0.00000706    537.88906521      0.01864043      0.00000000      0.99984586      0.40673682      0.51045951      0.51045951      0.47528499      0.99814433      6.00000000    -10.00000000
     34.68227425     -0.00000000     -0.00000000      0.00000000      0.00000000      0.00091947     -5.78806782      0.00000686    539.12752613      0.01888849      0.00000000      0.99984586      0.40732431      0.51036376      0.51036376      0.47543397      0.99814859      6.00000000    -10.00000000
     34.94983278     -0.00000000     -0.00000000      0.00000000      0.00000000      0.00088176     -5.83280789      0.00000666    540.17422829      0.01914445      0.00000000      0.99984586      0.40781387      0.51026954      0.51026954      0.47558100      0.99815217      6.00000000    -10.00000000
     35.21739130     -0.00000000     -0.00000000      0.00000000      0.00000000      0.00084560     -5.87754761      0.00000648    541.03040181      0.01940851      0.00000000      0.99984586      0.40830079      0.51017684      0.51017684      0.47572730      0.99815509      6.00000000    -10.00000000
     35.48494983     -0.00000000     -0.00000000      0.00000000      0.00000000      0.00081093     -5.92228685      0.00000630    541.69749576      0.01968084      0.00000000      0.99984586      0.40878404      0.51008556      0.51008556      0.47610179      0.99815735      6.00000000    -10.00000000
     35.75250836     -0.00000000     -0.00000000      0.00000000      0.00000000      0.00077769     -5.96702549      0.00000613    542.17671064      0.01996165      0.00000000      0.99984586      0.40926598      0.50999585      0.50999585      0.47604513      0.99815898      6.00000000    -10.00000000
     36.02006689     -0.00000000     -0.00000000      0.00000000      0.00000000      0.00074581     -6.01176340      0.00000596    542.46981445      0.02025115      0.00000000      0.99984586      0.40974346      0.50990752      0.50990752      0.47598980      0.99815997      6.00000000    -10.00000000
     36.28762542     -0.00000000     -0.00000000      0.00000000      0.00000000      0.00071526     -6.05650046      0.00000580    542.57855819      0.02054955      0.00000000      0.99984586      0.41021843      0.50982059      0.50982059      0.47630094      0.99816034      6.00000000    -10.00000000
     36.55518395     -0.00000000     -0.00000000      0.00000000      0.00000000      0.00068596     -6.10123655      0.00000565    542.50484255      0.02085709      0.00000000      0.99984586      0.41069067      0.50973505      0.50973505      0.47644048      0.99816009      6.00000000    -10.00000000
     36.82274247     -0.00000000     -0.00000000      0.00000000      0.00000000      0.00065787     -6.14597154      0.00000550    542.25037499      0.02117399      0.00000000      0.99984586      0.41115977      0.50965087      0.50965087      0.47657950      0.99815923      6.00000000    -10.00000000
     37.09030100     -0.00000000     -0.00000000      0.00000000      0.00000000      0.00063094     -6.19070532      0.00000536    541.81795199      0.02150049      0.00000000      0.99984586      0.41153413      0.50956802      0.50956802      0.47671784      0.99815776      6.00000000    -10.00000000
     37.35785953     -0.00000000     -0.00000000      0.00000000      0.00000000      0.00060512     -6.23543775      0.00000522    541.20957565      0.02183685      0.00000000      0.99984586      0.41208877      0.50948649      0.50948649      0.47685404      0.99815569      6.00000000    -10.00000000
     37.62541806     -0.00000000     -0.00000000      0.00000000      0.00000000      0.00058036     -6.28016873      0.00000508    540.42766213      0.02218332      0.00000000      0.99984586      0.41254801      0.50940623      0.50940623      0.47698948      0.99815303      6.00000000    -10.00000000
     37.89297659     -0.00000000     -0.00000000      0.00000000      0.00000000      0.00055663     -6.32489812      0.00000495    539.47476164      0.02254018      0.00000000      0.99984586      0.41300512      0.50932724      0.50932724      0.47712424      0.99814977      6.00000000    -10.00000000
     38.16053512     -0.00000000     -0.00000000      0.00000000      0.00000000      0.00053387     -6.36962579      0.00000483    538.35353569      0.02290772      0.00000000      0.99984586      0.41345933      0.50924949      0.50924949      0.47725652      0.99814593      6.00000000    -10.00000000
     38.42809365     -0.00000000     -0.00000000      0.00000000      0.00000000      0.00051205     -6.41435162      0.00000471    537.06599693      0.02328624      0.00000000      0.99984586      0.41390945      0.50917296      0.50917296      0.47738893      0.99814149      6.00000000    -10.00000000
     38.69565217     -0.00000000     -0.00000000      0.00000000      0.00000000      0.00049114     -6.45907551      0.00000459    535.61733121      0.02367596      0.00000000      0.99984586      0.41435642      0.50909762      0.50909762      0.47751954      0.99813647      6.00000000    -10.00000000
     38.96321070     -0.00000000     -0.00000000      0.00000000      0.00000000      0.00047108     -6.50379730      0.00000448    534.00821002      0.02407729      0.00000000      0.99984586      0.41480030      0.50902345      0.50902345      0.47764874      0.99813087      6.00000000    -10.00000000
     39.23076923     -0.00000000     -0.00000000      0.00000000      0.00000000      0.00045186     -6.54851685      0.00000437    532.24172964      0.02449055      0.00000000      0.99984586      0.41524110      0.50895042      0.50895042      0.47777712      0.99812468      6.00000000    -10.00000000
     39.49832776     -0.00000000     -0.00000000      0.00000000      0.00000000      0.00043342     -6.59323409      0.00000426    530.32345985      0.02491596      0.00000000      0.99984586      0.41567855      0.50887856      0.50887856      0.47790428      0.99811791      6.00000000    -10.00000000
     39.76588629     -0.00000000     -0.00000000      0.00000000      0.00000000      0.00041575     -6.63794884      0.00000416    528.25445036      0.02535398      0.00000000      0.99984586      0.41611328      0.50880774      0.50880774      0.47804575      0.99811055      6.00000000    -10.00000000
     40.03344482     -0.00000000     -0.00000000      0.00000000      0.00000000      0.00039880     -6.68266097      0.00000406    526.03838602      0.02580494      0.00000000      0.99984586      0.41663927      0.50873803      0.50873803      0.47815446      0.99810260      6.00000000    -10.00000000
     40.30100334     -0.00000000     -0.00000000      0.00000000      0.00000000      0.00038255     -6.72737036      0.00000397    523.67921097      0.02626920      0.00000000      0.99984586      0.41697260      0.50866939      0.50866939      0.47827814      0.99809407      6.00000000    -10.00000000
     40.56856187     -0.00000000     -0.00000000      0.00000000      0.00000000      0.00036698     -6.77207687      0.00000388    521.18027798      0.02674714      0.00000000      0.99984586      0.41739699      0.50860179      0.50860179      0.47840084      0.99808495      6.00000000    -10.00000000
     40.83612040     -0.00000000     -0.00000000      0.00000000      0.00000000      0.00035204     -6.81678037      0.00000379    518.54549154      0.02723913      0.00000000      0.99984586      0.41781889      0.50853522      0.50853522      0.47852191      0.99807524      6.00000000    -10.00000000
     41.10367893     -0.00000000     -0.00000000      0.00000000      0.00000000      0.00033772     -6.86148070      0.00000370    515.77768263      0.02774563      0.00000000      0.99984586      0.41824251      0.50846965      0.50846965      0.47864205      0.99806493      6.00000000    -10.00000000
     41.37123746     -0.00000000     -0.00000000      0.00000000      0.00000000      0.00032399     -6.90617774      0.00000362    512.88140363      0.02826702      0.00000000      0.99984586      0.41865080      0.50840506      0.50840506      0.47872392      0.99805403      6.00000000    -10.00000000
     41.63879599     -0.00000000     -0.00000000      0.00000000      0.00000000      0.00031082     -6.95087135      0.00000353    509.86016141      0.02880374      0.00000000      0.99984586      0.41906192      0.50834144      0.50834144      0.47887964      0.99804252      6.00000000    -10.00000000
     41.90635452     -0.00000000     -0.00000000      0.00000000      0.00000000      0.00029820     -6.99556136      0.00000346    506.71781540      0.02935624      0.00000000      0.99984586      0.41947339      0.50827876      0.50827876      0.47899357      0.99803040      6.00000000    -10.00000000
     42.17391304     -0.00000000     -0.00000000      0.00000000      0.00000000      0.00028610     -7.04024764      0.00000338    503.45832391      0.02992498      0.00000000      0.99984586      0.41989237      0.50821701      0.50821701      0.47911170      0.99801768      6.00000000    -10.00000000
     42.44147157     -0.00000000     -0.00000000      0.00000000      0.00000000      0.00027449     -7.08493003      0.00000331    500.08538741      0.03051044      0.00000000      0.99984586      0.42028161      0.50815618      0.50815618      0.47922618      0.99800433      6.00000000    -10.00000000
     42.70903010     -0.00000000     -0.00000000      0.00000000      0.00000000      0.00026336     -7.12960839      0.00000323    496.60324114      0.03111310      0.00000000      0.99984586      0.42068099      0.50809623      0.50809623      0.47933928      0.99799037      6.00000000    -10.00000000
     42.97658863     -0.00000000     -0.00000000      0.00000000      0.00000000      0.00025269     -7.17428255      0.00000317    493.01572159      0.03173348      0.00000000      0.99984586      0.42107728      0.50803717      0.50803717      0.47945221      0.99797577      6.00000000    -10.00000000
     43.24414716     -0.00000000     -0.00000000      0.00000000      0.00000000      0.00024246     -7.21895235      0.00000310    489.32686105      0.03237209      0.00000000      0.99984586      0.42147046      0.50797895      0.50797895      0.47956374      0.99796054      6.00000000    -10.00000000
     43.51170569     -0.00000000     -0.00000000      0.00000000      0.00000000      0.00023265     -7.26361764      0.00000303    485.54069427      0.03302949      0.00000000      0.99984586      0.42190292      0.50792159      0.50792159      0.47967416      0.99794467      6.00000000    -10.00000000
     43.77926421     -0.00000000     -0.00000000      0.00000000      0.00000000      0.00022324     -7.30827824      0.00000297    481.66126776      0.03370621      0.00000000      0.99984586      0.42224748      0.50786504      0.50786504      0.47978740      0.99792815      6.00000000    -10.00000000
     44.04682274     -0.00000000     -0.00000000      0.00000000      0.00000000      0.00021422     -7.35293400      0.00000291    477.69263445      0.03440284      0.00000000      0.99984586      0.42263146      0.50780931      0.50780931      0.47989198      0.99791098      6.00000000    -10.00000000
     44.31438127     -0.00000000     -0.00000000      0.00000000      0.00000000      0.00020556     -7.39758473      0.00000285    473.63884947      0.03511997      0.00000000      0.99984586      0.42301227      0.50775437      0.50775437      0.47999929      0.99789313      6.00000000    -10.00000000
     44.58193980     -0.00000000     -0.00000000      0.00000000      0.00000000      0.00019727     -7.44223026      0.00000279    469.50396371      0.03585820      0.00000000      0.99984586      0.42339022      0.50770021      0.50770021      0.48010568      0.99787462      6.00000000    -10.00000000
     44.84949833     -0.00000000     -0.00000000      0.00000000      0.00000000      0.00018931     -7.48687042      0.00000274    465.29202098      0.03661816      0.00000000      0.99984586      0.42376363      0.50764681      0.50764681      0.48021102      0.99785542      6.00000000    -10.00000000
     45.11705686     -0.00000000     -0.00000000      0.00000000      0.00000000      0.00018168     -7.53150500      0.00000268    461.00688236      0.03740052      0.00000000      0.99984586      0.42413647      0.50759416      0.50759416      0.48031540      0.99783553      6.00000000    -10.00000000
     45.38461538     -0.00000000     -0.00000000      0.00000000      0.00000000      0.00017436     -7.57613385      0.00000263    456.65287892      0.03820591      0.00000000      0.99984586      0.42450564      0.50754233      0.50754233      0.48041894      0.99781494      6.00000000    -10.00000000
     45.65217391     -0.00000000     -0.00000000      0.00000000      0.00000000      0.00016734     -7.62075677      0.00000258    452.23397806      0.03903503      0.00000000      0.99984586      0.42487152      0.50749105      0.50749105      0.48052136      0.99779363      6.00000000    -10.00000000
     45.91973244     -0.00000000     -0.00000000      0.00000000      0.00000000      0.00016061     -7.66537354      0.00000253    447.75393084      0.03988860      0.00000000      0.99984586      0.42523451      0.50744056      0.50744056      0.48062294      0.99777161      6.00000000    -10.00000000
     46.18729097     -0.00000000     -0.00000000      0.00000000      0.00000000      0.00015415     -7.70998398      0.00000248    443.21651975      0.04076735      0.00000000      0.99984586      0.42559498      0.50739077      0.50739077      0.48072339      0.99774885      6.00000000    -10.00000000
     46.45484950     -0.00000000     -0.00000000      0.00000000      0.00000000      0.00014796     -7.75458789      0.00000243    438.62605003      0.04167202      0.00000000      0.99984586      0.42595180      0.50734166      0.50734166      0.48082338      0.99772534      6.00000000    -10.00000000
     46.72240803     -0.00000000     -0.00000000      0.00000000      0.00000000      0.00014202     -7.79918505      0.00000239    433.98617247      0.04260338      0.00000000      0.99984586      0.42630614      0.50729321      0.50729321      0.48092202      0.99770108      6.00000000    -10.00000000
     46.98996656     -0.00000000     -0.00000000      0.00000000      0.00000000      0.00013633     -7.84377526      0.00000234    429.30070473      0.04356224      0.00000000      0.99984586      0.42667385      0.50724542      0.50724542      0.48101973      0.99767604      6.00000000    -10.00000000
     47.25752508     -0.00000000     -0.00000000      0.00000000      0.00000000      0.00013086     -7.88835830      0.00000230    424.57340131      0.04454941      0.00000000      0.99984586      0.42746332      0.50719827      0.50719827      0.48111695      0.99765023      6.00000000    -10.00000000
     47.52508361     -0.00000000     -0.00000000      0.00000000      0.00000000      0.00012562     -7.93293393      0.00000226    419.80800272      0.04556574      0.00000000      0.99984586      0.42736673      0.50715174      0.50715174      0.48121269      0.99762362      6.00000000    -10.00000000
     47.79264214     -0.00000000     -0.00000000      0.00000000      0.00000000      0.00012059     -7.97750195      0.00000222    415.00805663      0.04661212      0.00000000      0.99984586      0.42727157      0.50710584      0.50710584      0.48130785      0.99759620      6.00000000    -10.00000000
     48.06020067     -0.00000000     -0.00000000      0.00000000      0.00000000      0.00011577     -8.02206210      0.00000218    410.17726900      0.04768941      0.00000000      0.99984586      0.42803542      0.50706054      0.50706054      0.48140335      0.99756796      6.00000000    -10.00000000
     48.32775920     -0.00000000     -0.00000000      0.00000000      0.00000000      0.00011115     -8.06661417      0.00000214    405.31912084      0.04879856      0.00000000      0.99984586      0.42837261      0.50701585      0.50701585      0.48160719      0.99753888      6.00000000    -10.00000000
     48.59531773     -0.00000000     -0.00000000      0.00000000      0.00000000      0.00010671     -8.11115789      0.00000210    400.43709888      0.04994050      0.00000000      0.99984586      0.42870857      0.50697172      0.50697172      0.48158427      0.99750895      6.00000000    -10.00000000
     48.86287625     -0.00000000     -0.00000000      0.00000000      0.00000000      0.00010245     -8.15569303      0.00000207    395.53454046      0.05111623      0.00000000      0.99984586      0.42903998      0.50692817      0.50692817      0.48156168      0.99747815      6.00000000    -10.00000000
     49.13043478     -0.00000000     -0.00000000      0.00000000      0.00000000      0.00009837     -8.20021932      0.00000203    390.61481519      0.05232675      0.00000000      0.99984586      0.42937079      0.50688518      0.50688518      0.48176656      0.99744647      6.00000000    -10.00000000
     49.39799331     -0.00000000     -0.00000000      0.00000000      0.00000000      0.00009445     -8.24473651      0.00000200    385.68117081      0.05357308      0.00000000      0.99984586      0.42969635      0.50684275      0.50684275      0.48186086      0.99741389      6.00000000    -10.00000000
     49.66555184     -0.00000000     -0.00000000      0.00000000      0.00000000      0.00009070     -8.28924433      0.00000196    380.73678087      0.05485631      0.00000000      0.99984586      0.43002052      0.50680086      0.50680086      0.48195015      0.99738039      6.00000000    -10.00000000
     49.93311037     -0.00000000     -0.00000000      0.00000000      0.00000000      0.00008709     -8.33374251      0.00000193    375.78474773      0.05617751      0.00000000      0.99984586      0.43034215      0.50675949      0.50675949      0.48203887      0.99734596      6.00000000    -10.00000000
     50.20066890     -0.00000000     -0.00000000      0.00000000      0.00000000      0.00008363     -8.37823077      0.00000190    370.82809453      0.05753783      0.00000000      0.99984586      0.43066119      0.50671865      0.50671865      0.48212633      0.99731059      6.00000000    -10.00000000
     50.46822742     -0.00000000     -0.00000000      0.00000000      0.00000000      0.00008031     -8.42270882      0.00000187    365.86977019      0.05893843      0.00000000      0.99984586      0.43097670      0.50667833      0.50667833      0.48221363      0.99727424      6.00000000    -10.00000000
     50.73578595     -0.00000000     -0.00000000      0.00000000      0.00000000      0.00007713     -8.46717636      0.00000184    360.91260687      0.06038049      0.00000000      0.99984586      0.43129191      0.50663849      0.50663849      0.48229972      0.99723690      6.00000000    -10.00000000
     51.00334448     -0.00000000     -0.00000000      0.00000000      0.00000000      0.00007407     -8.51163311      0.00000181    355.95941044      0.06186526      0.00000000      0.99984586      0.43160309      0.50659917      0.50659917      0.48238473      0.99719856      6.00000000    -10.00000000
     51.27090301     -0.00000000     -0.00000000      0.00000000      0.00000000      0.00007114     -8.55607875      0.00000178    351.01287826      0.06339398      0.00000000      0.99984586      0.43191197      0.50656032      0.50656032      0.48246913      0.99715919      6.00000000    -10.00000000
     51.53846154     -0.00000000     -0.00000000      0.00000000      0.00000000      0.00006833     -8.60051297      0.00000175    346.07561016      0.06496796      0.00000000      0.99984586      0.43221850      0.50652195      0.50652195      0.48255247      0.99711878      6.00000000    -10.00000000
     51.80602007     -0.00000000     -0.00000000      0.00000000      0.00000000      0.00006563     -8.64493544      0.00000173    341.15008585      0.06658855      0.00000000      0.99984586      0.43252264      0.50648405      0.50648405      0.48263608      0.99707731      6.00000000    -10.00000000
     52.07357860     -0.00000000     -0.00000000      0.00000000      0.00000000      0.00006304     -8.68934585      0.00000170    336.23885902      0.06825709      0.00000000      0.99984586      0.43282440      0.50644660      0.50644660      0.48271862      0.99703474      6.00000000    -10.00000000
     52.34113712     -0.00000000     -0.00000000      0.00000000      0.00000000      0.00006056     -8.73374386      0.00000167    331.34421810      0.06997502      0.00000000      0.99984586      0.43312375      0.50640961      0.50640961      0.48280052      0.99699107      6.00000000    -10.00000000
     52.60869565     -0.00000000     -0.00000000      0.00000000      0.00000000      0.00005817     -8.77812912      0.00000165    326.46849608      0.07174376      0.00000000      0.99984586      0.43341893      0.50637306      0.50637306      0.48288135      0.99694627      6.00000000    -10.00000000
     52.87625418     -0.00000000     -0.00000000      0.00000000      0.00000000      0.00005588     -8.82250126      0.00000162    321.61360837      0.07356488      0.00000000      0.99984586      0.43370815      0.50633694      0.50633694      0.48296241      0.99690032      6.00000000    -10.00000000
     53.14381271     -0.00000000     -0.00000000      0.00000000      0.00000000      0.00005368     -8.86685997      0.00000160    316.78209090      0.07543981      0.00000000      0.99984586      0.43400710      0.50630122      0.50630122      0.48305793      0.99685319      6.00000000    -10.00000000
     53.41137124     -0.00000000     -0.00000000      0.00000000      0.00000000      0.00005158     -8.91120484      0.00000158    311.97565710      0.07737019      0.00000000      0.99984586      0.43429656      0.50626598      0.50626598      0.48311993      0.99680486      6.00000000    -10.00000000
     53.67892977     -0.00000000     -0.00000000      0.00000000      0.00000000      0.00004955     -8.95553552      0.00000155    307.19630889      0.07935762      0.00000000      0.99984586      0.43458460      0.50623112      0.50623112      0.48319792      0.99675531      6.00000000    -10.00000000
     53.94648829     -0.00000000     -0.00000000      0.00000000      0.00000000      0.00004761     -8.99985160      0.00000153    302.44589202      0.08140377      0.00000000      0.99984586      0.43486993      0.50619666      0.50619666      0.48327481      0.99670452      6.00000000    -10.00000000
     54.21404682     -0.00000000     -0.00000000      0.00000000      0.00000000      0.00004575     -9.04415270      0.00000151    297.72607883      0.08351037      0.00000000      0.99984586      0.43514102      0.50616261      0.50616261      0.48335214      0.99665245      6.00000000    -10.00000000
     54.48160535     -0.00000000     -0.00000000      0.00000000      0.00000000      0.00004396     -9.08843842      0.00000149    293.03873374      0.08567912      0.00000000      0.99984586      0.43543395      0.50612895      0.50612895      0.48342524      0.99659909      6.00000000    -10.00000000
     54.74916388     -0.00000000     -0.00000000      0.00000000      0.00000000      0.00004224     -9.13270836      0.00000147    288.38542688      0.08791184      0.00000000      0.99984586      0.43571264      0.50609567      0.50609567      0.48350380      0.99654440      6.00000000    -10.00000000
     55.01672241     -0.00000000     -0.00000000      0.00000000      0.00000000      0.00004059     -9.17696208      0.00000145    283.76753006      0.09021042      0.00000000      0.99984586      0.43598916      0.50606276      0.50606276      0.48357864      0.99648836      6.00000000    -10.00000000
     55.28428094     -0.00000000     -0.00000000      0.00000000      0.00000000      0.00003901     -9.22119916      0.00000143    279.18655870      0.09257672      0.00000000      0.99984586      0.43626331      0.50603023      0.50603023      0.48365246      0.99643095      6.00000000    -10.00000000
     55.55183946     -0.00000000     -0.00000000      0.00000000      0.00000000      0.00003749     -9.26541916      0.00000141    274.64387235      0.09501272      0.00000000      0.99984586      0.43653577      0.50599807      0.50599807      0.48372639      0.99637213      6.00000000    -10.00000000
     55.81939799     -0.00000000     -0.00000000      0.00000000      0.00000000      0.00003603     -9.30962162      0.00000139    270.14075377      0.09752040      0.00000000      0.99984586      0.43680512      0.50596626      0.50596626      0.48379784      0.99631188      6.00000000    -10.00000000
     56.08695652     -0.00000000     -0.00000000      0.00000000      0.00000000      0.00003463     -9.35380610      0.00000137    265.67841034      0.10010182      0.00000000      0.99984586      0.43707375      0.50593481      0.50593481      0.48387171      0.99625017      6.00000000    -10.00000000
     56.35451505     -0.00000000     -0.00000000      0.00000000      0.00000000      0.00003329     -9.39797213      0.00000135    261.25797359      0.10275909      0.00000000      0.99984586      0.43733967      0.50590370      0.50590370      0.48394398      0.99618696      6.00000000    -10.00000000
     56.62207358     -0.00000000     -0.00000000      0.00000000      0.00000000      0.00003200     -9.44211922      0.00000133    256.88050502      0.10549438      0.00000000      0.99984586      0.43760288      0.50587294      0.50587294      0.48401378      0.99612223      6.00000000    -10.00000000
     56.88963211     -0.00000000     -0.00000000      0.00000000      0.00000000      0.00003076     -9.48624689      0.00000132    252.54699383      0.10830990      0.00000000      0.99984586      0.43786563      0.50584251      0.50584251      0.48408509      0.99605596      6.00000000    -10.00000000
     57.15719064     -0.00000000     -0.00000000      0.00000000      0.00000000      0.00002957     -9.53035464      0.00000130    248.25835926      0.11120793      0.00000000      0.99984586      0.43812458      0.50581241      0.50581241      0.48415502      0.99598810      6.00000000    -10.00000000
     57.42474916     -0.00000000     -0.00000000      0.00000000      0.00000000      0.00002843     -9.57444196      0.00000128    244.01545710      0.11419080      0.00000000      0.99984586      0.43838303      0.50578263      0.50578263      0.48422424      0.99591862      6.00000000    -10.00000000
     57.69230769     -0.00000000     -0.00000000      0.00000000      0.00000000      0.00002733     -9.61850832      0.00000127    239.81906173      0.11726091      0.00000000      0.99984586      0.43878924      0.50575318      0.50575318      0.48429296      0.99584750      6.00000000    -10.00000000
     57.95986622     -0.00000000     -0.00000000      0.00000000      0.00000000      0.00002628     -9.66255321      0.00000125    235.66990568      0.12042071      0.00000000      0.99984586      0.43873058      0.50572403      0.50572403      0.48435829      0.99577471      6.00000000    -10.00000000
     58.22742475     -0.00000000     -0.00000000      0.00000000      0.00000000      0.00002527     -9.70657608      0.00000123    231.56864375      0.12367271      0.00000000      0.99984586      0.43914521      0.50569520      0.50569520      0.48442913      0.99570019      6.00000000    -10.00000000
     58.49498328     -0.00000000     -0.00000000      0.00000000      0.00000000      0.00002430     -9.75057638      0.00000122    227.51587346      0.12701950      0.00000000      0.99984586      0.43939533      0.50566667      0.50566667      0.48455704      0.99562394      6.00000000    -10.00000000
     58.76254181     -0.00000000     -0.00000000      0.00000000      0.00000000      0.00002337     -9.79455354      0.00000120    223.51213321      0.13046370      0.00000000      0.99984586      0.43964393      0.50563844      0.50563844      0.48454282      0.99554590      6.00000000    -10.00000000
     59.03010033     -0.00000000     -0.00000000      0.00000000      0.00000000      0.00002247     -9.83850678      0.00000119    219.55821640      0.13400784      0.00000000      0.99984586      0.43988903      0.50561050      0.50561050      0.48462836      0.99546605      6.00000000    -10.00000000
     59.29765886     -0.00000000     -0.00000000      0.00000000      0.00000000      0.00002161     -9.88243613      0.00000117    215.65361127      0.13765526      0.00000000      0.99984586      0.44013479      0.50558286      0.50558286      0.48469411      0.99538434      6.00000000    -10.00000000
     59.56521739     -0.00000000     -0.00000000      0.00000000      0.00000000      0.00002079     -9.92634039      0.00000116    211.79962661      0.14140822      0.00000000      0.99984586      0.44037697      0.50555549      0.50555549      0.48475900      0.99530074      6.00000000    -10.00000000
     59.83277592     -0.00000000     -0.00000000      0.00000000      0.00000000      0.00001999     -9.97021915      0.00000115    207.99626969      0.14526981      0.00000000      0.99984586      0.44061769      0.50552841      0.50552841      0.48482365      0.99521523      6.00000000    -10.00000000
     60.10033445     -0.00000000     -0.00000000      0.00000000      0.00000000      0.00001923    -10.01407179      0.00000113    204.24381000      0.14924301      0.00000000      0.99984586      0.44085678      0.50550161      0.50550161      0.48488667      0.99512775      6.00000000    -10.00000000
     60.36789298     -0.00000000     -0.00000000      0.00000000      0.00000000      0.00001850    -10.05789767      0.00000112    200.54247008      0.15333086      0.00000000      0.99984586      0.44109403      0.50547508      0.50547508      0.48495072      0.99503827      6.00000000    -10.00000000
     60.63545151     -0.00000000     -0.00000000      0.00000000      0.00000000      0.00001780    -10.10169616      0.00000111    196.89242004      0.15753647      0.00000000      0.99984586      0.44133085      0.50544881      0.50544881      0.48501358      0.99494675      6.00000000    -10.00000000
     60.90301003     -0.00000000     -0.00000000      0.00000000      0.00000000      0.00001712    -10.14546660      0.00000109    193.29379391      0.16186302      0.00000000      0.99984586      0.44156319      0.50542280      0.50542280      0.48507595      0.99485316      6.00000000    -10.00000000
     61.17056856     -0.00000000     -0.00000000      0.00000000      0.00000000      0.00001647    -10.18920833      0.00000108    189.74667699      0.16631377      0.00000000      0.99984586      0.44179522      0.50539706      0.50539706      0.48513782      0.99475744      6.00000000    -10.00000000
     61.43812709     -0.00000000     -0.00000000      0.00000000      0.00000000      0.00001585    -10.23292067      0.00000107    186.25111441      0.17089204      0.00000000      0.99984586      0.44202476      0.50537157      0.50537157      0.48519853      0.99465958      6.00000000    -10.00000000
     61.70568562     -0.00000000     -0.00000000      0.00000000      0.00000000      0.00001525    -10.27660293      0.00000106    182.80711191      0.17560124      0.00000000      0.99984586      0.44225397      0.50534634      0.50534634      0.48526009      0.99455951      6.00000000    -10.00000000
     61.97324415     -0.00000000     -0.00000000      0.00000000      0.00000000      0.00001468    -10.32025441      0.00000105    179.41463721      0.18044483      0.00000000      0.99984586      0.44248087      0.50532135      0.50532135      0.48532050      0.99445721      6.00000000    -10.00000000
     62.24080268     -0.00000000     -0.00000000      0.00000000      0.00000000      0.00001412    -10.36387440      0.00000103    176.07362193      0.18542637      0.00000000      0.99984586      0.44270613      0.50529660      0.50529660      0.48538045      0.99435263      6.00000000    -10.00000000
     62.50836120     -0.00000000     -0.00000000      0.00000000      0.00000000      0.00001359    -10.40746218      0.00000102    172.78396285      0.19054948      0.00000000      0.99984586      0.44292968      0.50527209      0.50527209      0.48544045      0.99424573      6.00000000    -10.00000000
     62.77591973     -0.00000000     -0.00000000      0.00000000      0.00000000      0.00001308    -10.45101701      0.00000101    169.54552402      0.19581786      0.00000000      0.99984586      0.44315953      0.50524782      0.50524782      0.48549946      0.99413646      6.00000000    -10.00000000
     63.04347826     -0.00000000     -0.00000000      0.00000000      0.00000000      0.00001259    -10.49453812      0.00000100    166.35784137      0.20123564      0.00000000      0.99984586      0.44337121      0.50522379      0.50522379      0.48555745      0.99402478      6.00000000    -10.00000000
     63.31103679     -0.00000000     -0.00000000      0.00000000      0.00000000      0.00001212    -10.53802481      0.00000099    163.22163018      0.20680557      0.00000000      0.99984586      0.44359042      0.50519998      0.50519998      0.48561555      0.99391067      6.00000000    -10.00000000
     63.57859532     -0.00000000     -0.00000000      0.00000000      0.00000000      0.00001167    -10.58147632      0.00000098    160.13570668      0.21253275      0.00000000      0.99984586      0.44380781      0.50517640      0.50517640      0.48567723      0.99379405      6.00000000    -10.00000000
     63.84615385     -0.00000000     -0.00000000      0.00000000      0.00000000      0.00001123    -10.62489181      0.00000097    157.10018308      0.21842073      0.00000000      0.99984586      0.44402329      0.50515305      0.50515305      0.48572960      0.99367490      6.00000000    -10.00000000
     64.11371237     -0.00000000     -0.00000000      0.00000000      0.00000000      0.00001082    -10.66827053      0.00000096    154.11475913      0.22447362      0.00000000      0.99984586      0.44423694      0.50512991      0.50512991      0.48578714      0.99355316      6.00000000    -10.00000000
     64.38127090     -0.00000000     -0.00000000      0.00000000      0.00000000      0.00001041    -10.71161167      0.00000095    151.17913286      0.23069559      0.00000000      0.99984586      0.44445106      0.50510699      0.50510699      0.48584358      0.99342880      6.00000000    -10.00000000
     64.64882943     -0.00000000     -0.00000000      0.00000000      0.00000000      0.00001003    -10.75491441      0.00000094    148.29298827      0.23709086      0.00000000      0.99984586      0.44463051      0.50508428      0.50508428      0.48589940      0.99330176      6.00000000    -10.00000000
     64.91638796     -0.00000000     -0.00000000      0.00000000      0.00000000      0.00000966    -10.79817800      0.00000093    145.45595450      0.24366378      0.00000000      0.99984586      0.44487016      0.50506178      0.50506178      0.48595444      0.99317201      6.00000000    -10.00000000
     65.18394649     -0.00000000     -0.00000000      0.00000000      0.00000000      0.00000930    -10.84140154      0.00000092    142.66769119      0.25041869      0.00000000      0.99984586      0.44507820      0.50503949      0.50503949      0.48600987      0.99303949      6.00000000    -10.00000000
     65.45150502     -0.00000000     -0.00000000      0.00000000      0.00000000      0.00000896    -10.88458424      0.00000091    139.92780571      0.25736008      0.00000000      0.99984586      0.44528405      0.50501741      0.50501741      0.48605327      0.99290417      6.00000000    -10.00000000
     65.71906355     -0.00000000     -0.00000000      0.00000000      0.00000000      0.00000863    -10.92772523      0.00000090    137.23589640      0.26449247      0.00000000      0.99984586      0.44548990      0.50499552      0.50499552      0.48611887      0.99276599      6.00000000    -10.00000000
     65.98662207     -0.00000000     -0.00000000      0.00000000      0.00000000      0.00000831    -10.97082369      0.00000089    134.59154540      0.27182050      0.00000000      0.99984586      0.44569332      0.50497384      0.50497384      0.48617255      0.99262491      6.00000000    -10.00000000
     66.25418060     -0.00000000     -0.00000000      0.00000000      0.00000000      0.00000801    -11.01387874      0.00000088    131.99431973      0.27934882      0.00000000      0.99984586      0.44589541      0.50495234      0.50495234      0.48622594      0.99248088      6.00000000    -10.00000000
     66.52173913     -0.00000000     -0.00000000      0.00000000      0.00000000      0.00000771    -11.05688953      0.00000087    129.44377253      0.28708222      0.00000000      0.99984586      0.44612409      0.50493105      0.50493105      0.48627888      0.99233386      6.00000000    -10.00000000
     66.78929766     -0.00000000     -0.00000000      0.00000000      0.00000000      0.00000743    -11.09985520      0.00000087    126.93945137      0.29502548      0.00000000      0.99984586      0.44629543      0.50490994      0.50490994      0.48633152      0.99218380      6.00000000    -10.00000000
     67.05685619     -0.00000000     -0.00000000      0.00000000      0.00000000      0.00000716    -11.14277485      0.00000086    124.48086284      0.30318355      0.00000000      0.99984586      0.44649033      0.50488902      0.50488902      0.48638382      0.99203066      6.00000000    -10.00000000
     67.32441472     -0.00000000     -0.00000000      0.00000000      0.00000000      0.00000690    -11.18564763      0.00000085    122.06754650      0.31156134      0.00000000      0.99984586      0.44668989      0.50486829      0.50486829      0.48643443      0.99187438      6.00000000    -10.00000000
     67.59197324     -0.00000000     -0.00000000      0.00000000      0.00000000      0.00000665    -11.22847265      0.00000084    119.69900282      0.32016389      0.00000000      0.99984586      0.44688633      0.50484773      0.50484773      0.48648709      0.99171493      6.00000000    -10.00000000
     67.85953177     -0.00000000     -0.00000000      0.00000000      0.00000000      0.00000641    -11.27124902      0.00000083    117.37472973      0.32899628      0.00000000      0.99984586      0.44707876      0.50482736      0.50482736      0.48653816      0.99155225      6.00000000    -10.00000000
     68.12709030     -0.00000000     -0.00000000      0.00000000      0.00000000      0.00000618    -11.31397586      0.00000082    115.09421751      0.33806367      0.00000000      0.99984586      0.44726981      0.50480717      0.50480717      0.48658905      0.99138631      6.00000000    -10.00000000
     68.39464883     -0.00000000     -0.00000000      0.00000000      0.00000000      0.00000596    -11.35665228      0.00000082    112.85695467      0.34737122      0.00000000      0.99984586      0.44746213      0.50478715      0.50478715      0.48663959      0.99121705      6.00000000    -10.00000000
     68.66220736     -0.00000000     -0.00000000      0.00000000      0.00000000      0.00000574    -11.39927741      0.00000081    110.66241617      0.35692421      0.00000000      0.99984586      0.44759847      0.50476730      0.50476730      0.48668919      0.99104444      6.00000000    -10.00000000
     68.92976589     -0.00000000     -0.00000000      0.00000000      0.00000000      0.00000554    -11.44185036      0.00000080    108.51007433      0.36672792      0.00000000      0.99984586      0.44784083      0.50474763      0.50474763      0.48673881      0.99086842      6.00000000    -10.00000000
     69.19732441     -0.00000000     -0.00000000      0.00000000      0.00000000      0.00000534    -11.48437024      0.00000079    106.39939667      0.37678770      0.00000000      0.99984586      0.44802721      0.50472812      0.50472812      0.48678816      0.99068896      6.00000000    -10.00000000
     69.46488294     -0.00000000     -0.00000000      0.00000000      0.00000000      0.00000515    -11.52683620      0.00000079    104.32986630      0.38710885      0.00000000      0.99984586      0.44821395      0.50470878      0.50470878      0.48683694      0.99050602      6.00000000    -10.00000000
     69.73244147     -0.00000000     -0.00000000      0.00000000      0.00000000      0.00000496    -11.56924732      0.00000078    102.30088657      0.39769701      0.00000000      0.99984586      0.44839862      0.50468960      0.50468960      0.48688556      0.99031954      6.00000000    -10.00000000
     70.00000000     -0.00000000     -0.00000000      0.00000000      0.00000000      0.00000479    -11.61160279      0.00000077    100.31197257      0.40855740      0.00000000      0.99984586      0.44858144      0.50467059      0.50467059      0.48693393      0.99012950      6.00000000    -10.00000000
