    -10.00000000     -0.00000000     -0.00000000      0.00000000      0.00000000      0.03451184      0.00000091      0.00862823      0.00000000      0.47495820      0.00000000      0.99986079      0.50001233      0.50001566      0.50001566      0.49999836      0.00000000      8.00000000    -10.00000000
     -9.73244147     -0.00000000     -0.00000000      0.00000000      0.00000000      0.03439643     -0.00190175      0.00861315      0.00000231      0.47571848      0.00000000      0.99986079      0.49970217      0.50008643      0.50008643      0.50009413      0.00000231      8.00000000    -10.00000000
     -9.46488294     -0.00000000     -0.00000000      0.00000000      0.00000000      0.03441418     -0.00383996      0.00859973      0.00000944      0.47473236      0.00000000      0.99986079      0.50075827      0.50017261      0.50017261      0.50005399      0.00000944      8.00000000    -10.00000000
     -9.19732441     -0.00000000     -0.00000000      0.00000000      0.00000000      0.03443907     -0.00585918      0.00857743      0.00002205      0.47315917      0.00000000      0.99986079      0.49950088      0.50026072      0.50026072      0.49978602      0.00002205      8.00000000    -10.00000000
     -8.92976589     -0.00000000     -0.00000000      0.00000000      0.00000000      0.03446945     -0.00800285      0.00854632      0.00004133      0.47102729      0.00000000      0.99986079      0.49864648      0.50034985      0.50034985      0.49956478      0.00004133      8.00000000    -10.00000000
     -8.66220736     -0.00000000     -0.00000000      0.00000000      0.00000000      0.03450565     -0.01031701      0.00850647      0.00006908      0.46833965      0.00000000      0.99986079      0.49795912      0.50044153      0.50044153      0.49937766      0.00006908      8.00000000    -10.00000000
     -8.39464883     -0.00000000     -0.00000000      0.00000000      0.00000000      0.03454791     -0.01284826      0.00845803      0.00010789      0.46510266      0.00000000      0.99986079      0.49732921      0.50053658      0.50053658      0.49920001      0.00010787      8.00000000    -10.00000000
     -8.12709030     -0.00000000     -0.00000000      0.00000000      0.00000000      0.03459625     -0.01564153      0.00840114      0.00016120      0.46132890      0.00000000      0.99986079      0.49669615      0.50062722      0.50062722      0.49902780      0.00016118      8.00000000    -10.00000000
     -7.85953177     -0.00000000     -0.00000000      0.00000000      0.00000000      0.03465054     -0.01873858      0.00833602      0.00023353      0.45703579      0.00000000      0.99986079      0.49609400      0.50072584      0.50072584      0.49885657      0.00023348      8.00000000    -10.00000000
     -7.59197324     -0.00000000     -0.00000000      0.00000000      0.00000000      0.03471057     -0.02217780      0.00826292      0.00033059      0.45224450      0.00000000      0.99986079      0.49542912      0.50082343      0.50082343      0.49870372      0.00033048      8.00000000    -10.00000000
     -7.32441472     -0.00000000     -0.00000000      0.00000000      0.00000000      0.03477612     -0.02599459      0.00818214      0.00045952      0.44697914      0.00000000      0.99986079      0.49456877      0.50092667      0.50092667      0.49851062      0.00045930      8.00000000    -10.00000000
     -7.05685619     -0.00000000     -0.00000000      0.00000000      0.00000000      0.03484690     -0.03022184      0.00809400      0.00062916      0.44126624      0.00000000      0.99986079      0.49384915      0.50103240      0.50103240      0.49833911      0.00062877      8.00000000    -10.00000000
     -6.78929766     -0.00000000     -0.00000000      0.00000000      0.00000000      0.03492256     -0.03489027      0.00799885      0.00085037      0.43513421      0.00000000      0.99986079      0.49357885      0.50114307      0.50114307      0.49816549      0.00084965      8.00000000    -10.00000000
     -6.52173913     -0.00000000     -0.00000000      0.00000000      0.00000000      0.03500327     -0.04004090      0.00789712      0.00113702      0.42860964      0.00000000      0.99986079      0.49318238      0.50125868      0.50125868      0.49796699      0.00113573      8.00000000    -10.00000000
     -6.25418060     -0.00000000     -0.00000000      0.00000000      0.00000000      0.03508700     -0.04566255      0.00778902      0.00150281      0.42173344      0.00000000      0.99986079      0.49291245      0.50137735      0.50137735      0.49779955      0.00150055      8.00000000    -10.00000000
     -5.98662207     -0.00000000     -0.00000000      0.00000000      0.00000000      0.03517492     -0.05181729      0.00767511      0.00196887      0.41452729      0.00000000      0.99986079      0.49251012      0.50150418      0.50150418      0.49760344      0.00196500      8.00000000    -10.00000000
     -5.71906355     -0.00000000     -0.00000000      0.00000000      0.00000000      0.03526599     -0.05851424      0.00755575      0.00255695      0.40702666      0.00000000      0.99986079      0.49207669      0.50163131      0.50163131      0.49738207      0.00255043      8.00000000    -10.00000000
     -5.45150502     -0.00000000     -0.00000000      0.00000000      0.00000000      0.03535970     -0.06577295      0.00743134      0.00329349      0.39926378      0.00000000      0.99986079      0.49161248      0.50176507      0.50176507      0.49705229      0.00328268      8.00000000    -10.00000000
     -5.18394649     -0.00000000     -0.00000000      0.00000000      0.00000000      0.03545553     -0.07361050      0.00730230      0.00420943      0.39127071      0.00000000      0.99986079      0.49112287      0.50190442      0.50190442      0.49695597      0.00419179      8.00000000    -10.00000000
     -4.91638796     -0.00000000     -0.00000000      0.00000000      0.00000000      0.03555293     -0.08204160      0.00716906      0.00534074      0.38307906      0.00000000      0.99986079      0.49071120      0.50204907      0.50204907      0.49684687      0.00531237      8.00000000    -10.00000000
     -4.64882943     -0.00000000     -0.00000000      0.00000000      0.00000000      0.03565133     -0.09107851      0.00703203      0.00672894      0.37471981      0.00000000      0.99986079      0.49007044      0.50219872      0.50219872      0.49672195      0.00668397      8.00000000    -10.00000000
     -4.38127090     -0.00000000     -0.00000000      0.00000000      0.00000000      0.03575016     -0.10073118      0.00689163      0.00842178      0.36622308      0.00000000      0.99986079      0.48942900      0.50235576      0.50235576      0.49659084      0.00835144      8.00000000    -10.00000000
     -4.11371237     -0.00000000     -0.00000000      0.00000000      0.00000000      0.03584884     -0.11100722      0.00674828      0.01047381      0.35761798      0.00000000      0.99986079      0.48893153      0.50252010      0.50252010      0.49644234      0.01036524      8.00000000    -10.00000000
     -3.84615385     -0.00000000     -0.00000000      0.00000000      0.00000000      0.03594679     -0.12191202      0.00660237      0.01294712      0.34893248      0.00000000      0.99986079      0.48833370      0.50268722      0.50268722      0.49629407      0.01278164      8.00000000    -10.00000000
     -3.57859532     -0.00000000     -0.00000000      0.00000000      0.00000000      0.03604338     -0.13344886      0.00645431      0.01591202      0.34019333      0.00000000      0.99986079      0.48769191      0.50286183      0.50286183      0.49613289      0.01566280      8.00000000    -10.00000000
     -3.31103679     -0.00000000     -0.00000000      0.00000000      0.00000000      0.03613801     -0.14561896      0.00630448      0.01944782      0.33142596      0.00000000      0.99986079      0.48708847      0.50304311      0.50304311      0.49596359      0.01907681      8.00000000    -10.00000000
     -3.04347826     -0.00000000     -0.00000000      0.00000000      0.00000000      0.03623004     -0.15842169      0.00615326      0.02364357      0.32265444      0.00000000      0.99986079      0.48644013      0.50323017      0.50323017      0.49578747      0.02309747      8.00000000    -10.00000000
     -2.77591973     -0.00000000     -0.00000000      0.00000000      0.00000000      0.03631885     -0.17185462      0.00600100      0.02859899      0.31390140      0.00000000      0.99986079      0.48578261      0.50342297      0.50342297      0.49560450      0.02780383      8.00000000    -10.00000000
     -2.50836120     -0.00000000     -0.00000000      0.00000000      0.00000000      0.03640377     -0.18591371      0.00584807      0.03442524      0.30518795      0.00000000      0.99986079      0.48510302      0.50362326      0.50362326      0.49541603      0.03327958      8.00000000    -10.00000000
     -2.24080268     -0.00000000     -0.00000000      0.00000000      0.00000000      0.03648417     -0.20059344      0.00569478      0.04124591      0.29653369      0.00000000      0.99986079      0.48445132      0.50382726      0.50382726      0.49522170      0.03961208      8.00000000    -10.00000000
     -1.97324415     -0.00000000     -0.00000000      0.00000000      0.00000000      0.03655938     -0.21588692      0.00554146      0.04919796      0.28795665      0.00000000      0.99986079      0.48381182      0.50403924      0.50403924      0.49502250      0.04689101      8.00000000    -10.00000000
     -1.70568562     -0.00000000     -0.00000000      0.00000000      0.00000000      0.03662876     -0.23178603      0.00538841      0.05843268      0.27947325      0.00000000      0.99986079      0.48300940      0.50425385      0.50425385      0.49481780      0.05520680      8.00000000    -10.00000000
     -1.43812709     -0.00000000     -0.00000000      0.00000000      0.00000000      0.03669167     -0.24828157      0.00523592      0.06911680      0.27109836      0.00000000      0.99986079      0.48220618      0.50447777      0.50447777      0.49461001      0.06464850      8.00000000    -10.00000000
     -1.17056856     -0.00000000     -0.00000000      0.00000000      0.00000000      0.03674749     -0.26536333      0.00508424      0.08143351      0.26284528      0.00000000      0.99986079      0.48139376      0.50470614      0.50470614      0.49439673      0.07530145      8.00000000    -10.00000000
     -0.90301003     -0.00000000     -0.00000000      0.00000000      0.00000000      0.03679562     -0.28302027      0.00493364      0.09558365      0.25472583      0.00000000      0.99986079      0.48053981      0.50493913      0.50493913      0.49418396      0.08724450      8.00000000    -10.00000000
     -0.63545151     -0.00000000     -0.00000000      0.00000000      0.00000000      0.03683547     -0.30124056      0.00478434      0.11178682      0.24675036      0.00000000      0.99986079      0.47974463      0.50517787      0.50517787      0.49397342      0.10054699      8.00000000    -10.00000000
     -0.36789298     -0.00000000     -0.00000000      0.00000000      0.00000000      0.03686647     -0.32001174      0.00463657      0.13028264      0.23892785      0.00000000      0.99986079      0.47890127      0.50541971      0.50541971      0.49374715      0.11526554      8.00000000    -10.00000000
     -0.10033445     -0.00000000     -0.00000000      0.00000000      0.00000000      0.03688810     -0.33932078      0.00449052      0.15133199      0.23126594      0.00000000      0.99986079      0.47798228      0.50566548      0.50566548      0.49352122      0.13144080      8.00000000    -10.00000000
      0.16722408     -0.00000000     -0.00000000      0.00000000      0.00000000      0.03689984     -0.35915417      0.00434637      0.17521829      0.22377105      0.00000000      0.99986079      0.47718896      0.50592246      0.50592246      0.49331049      0.14909425      8.00000000    -10.00000000
      0.43478261     -0.00000000     -0.00000000      0.00000000      0.00000000      0.03690121     -0.37949798      0.00420430      0.20224880      0.21644845      0.00000000      0.99986079      0.47630811      0.50617726      0.50617726      0.49307301      0.16822541      8.00000000    -10.00000000
      0.70234114     -0.00000000     -0.00000000      0.00000000      0.00000000      0.03689177     -0.40033792      0.00406445      0.23275601      0.20930232      0.00000000      0.99986079      0.47543432      0.50643757      0.50643757      0.49279587      0.18880947      8.00000000    -10.00000000
      0.96989967     -0.00000000     -0.00000000      0.00000000      0.00000000      0.03687111     -0.42165935      0.00392697      0.26709890      0.20233587      0.00000000      0.99986079      0.47453964      0.50670129      0.50670129      0.49254947      0.21079562      8.00000000    -10.00000000
      1.23745819     -0.00000000     -0.00000000      0.00000000      0.00000000      0.03683887     -0.44344734      0.00379198      0.30566429      0.19555139      0.00000000      0.99986079      0.47378610      0.50696835      0.50696835      0.49229220      0.23410634      8.00000000    -10.00000000
      1.50501672     -0.00000000     -0.00000000      0.00000000      0.00000000      0.03679472     -0.46568659      0.00365958      0.34886805      0.18895038      0.00000000      0.99986079      0.47272934      0.50723647      0.50723647      0.49207199      0.25863764      8.00000000    -10.00000000
      1.77257525     -0.00000000     -0.00000000      0.00000000      0.00000000      0.03673840     -0.48836150      0.00352989      0.39715629      0.18253364      0.00000000      0.99986079      0.47181358      0.50750949      0.50750949      0.49176717      0.28426046      8.00000000    -10.00000000
      2.04013378     -0.00000000     -0.00000000      0.00000000      0.00000000      0.03666967     -0.51145617      0.00340299      0.45100644      0.17630134      0.00000000      0.99986079      0.47088750      0.50778182      0.50778182      0.49150159      0.31082318      8.00000000    -10.00000000
      2.30769231     -0.00000000     -0.00000000      0.00000000      0.00000000      0.03658836     -0.53495453      0.00327896      0.51092837      0.17025318      0.00000000      0.99986079      0.46995813      0.50805792      0.50805792      0.49123478      0.33815526      8.00000000    -10.00000000
      2.57525084     -0.00000000     -0.00000000      0.00000000      0.00000000      0.03649429     -0.55884070      0.00315787      0.57746582      0.16438844      0.00000000      0.99986079      0.46885779      0.50833300      0.50833300      0.49096624      0.36607184      8.00000000    -10.00000000
      2.84280936     -0.00000000     -0.00000000      0.00000000      0.00000000      0.03638730     -0.58309953      0.00303978      0.65119846      0.15870607      0.00000000      0.99986079      0.46807981      0.50861000      0.50861000      0.49082495      0.39437928      8.00000000    -10.00000000
      3.11036789     -0.00000000     -0.00000000      0.00000000      0.00000000      0.03626721     -0.60771733      0.00292472      0.73274503      0.15320462      0.00000000      0.99986079      0.46713674      0.50888249      0.50888249      0.49042697      0.42288105      8.00000000    -10.00000000
      3.37792642     -0.00000000     -0.00000000      0.00000000      0.00000000      0.03613377     -0.63268232      0.00281273      0.82276729      0.14788220      0.00000000      0.99986079      0.46619277      0.50916490      0.50916490      0.49015705      0.45138361      8.00000000    -10.00000000
      3.64548495     -0.00000000     -0.00000000      0.00000000      0.00000000      0.03598674     -0.65798443      0.00270380      0.92197352      0.14273626      0.00000000      0.99986079      0.46524094      0.50944176      0.50944176      0.48988375      0.47970147      8.00000000    -10.00000000
      3.91304348     -0.00000000     -0.00000000      0.00000000      0.00000000      0.03582593     -0.68361444      0.00259795      1.03112069      0.13776359      0.00000000      0.99986079      0.46479918      0.50971712      0.50971712      0.48961546      0.50766096      8.00000000    -10.00000000
      4.18060201     -0.00000000     -0.00000000      0.00000000      0.00000000      0.03565123     -0.70956290      0.00249514      1.15101494      0.13296041      0.00000000      0.99986079      0.46334174      0.50999262      0.50999262      0.48934556      0.53510318      8.00000000    -10.00000000
      4.44816054     -0.00000000     -0.00000000      0.00000000      0.00000000      0.03546265     -0.73581962      0.00239537      1.28251188      0.12832251      0.00000000      0.99986079      0.46239582      0.51026754      0.51026754      0.48907423      0.56188618      8.00000000    -10.00000000
      4.71571906     -0.00000000     -0.00000000      0.00000000      0.00000000      0.03526029     -0.76237371      0.00229861      1.42651762      0.12384549      0.00000000      0.99986079      0.46144112      0.51054082      0.51054082      0.48880758      0.58788678      8.00000000    -10.00000000
      4.98327759     -0.00000000     -0.00000000      0.00000000      0.00000000      0.03504430     -0.78921391      0.00220483      1.58399074      0.11952488      0.00000000      0.99986079      0.46057424      0.51080738      0.51080738      0.48854039      0.61300171      8.00000000    -10.00000000
      5.25083612     -0.00000000     -0.00000000      0.00000000      0.00000000      0.03481489     -0.81632889      0.00211400      1.75594447      0.11535623      0.00000000      0.99986079      0.45954058      0.51107165      0.51107165      0.48832298      0.63714799      8.00000000    -10.00000000
      5.51839465     -0.00000000     -0.00000000      0.00000000      0.00000000      0.03457229     -0.84370750      0.00202609      1.94344891      0.11133512      0.00000000      0.99986079      0.45876958      0.51133148      0.51133148      0.48801106      0.66026249      8.00000000    -10.00000000
      5.78595318     -0.00000000     -0.00000000      0.00000000      0.00000000      0.03431678     -0.87133881      0.00194107      2.14763312      0.10745720      0.00000000      0.99986079      0.45762953      0.51159090      0.51159090      0.48774927      0.68230097      8.00000000    -10.00000000
      6.05351171     -0.00000000     -0.00000000      0.00000000      0.00000000      0.03404865     -0.89921222      0.00185889      2.36968722      0.10371818      0.00000000      0.99986079      0.45670411      0.51184454      0.51184454      0.48752799      0.70323655      8.00000000    -10.00000000
      6.32107023     -0.00000000     -0.00000000      0.00000000      0.00000000      0.03376820     -0.92731749      0.00177951      2.61086457      0.10011383      0.00000000      0.99986079      0.45582250      0.51209459      0.51209459      0.48723342      0.72305802      8.00000000    -10.00000000
      6.58862876     -0.00000000     -0.00000000      0.00000000      0.00000000      0.03347579     -0.95564475      0.00170289      2.87248400      0.09663998      0.00000000      0.99986079      0.45493370      0.51233974      0.51233974      0.48697978      0.74176782      8.00000000    -10.00000000
      6.85618729     -0.00000000     -0.00000000      0.00000000      0.00000000      0.03317177     -0.98418449      0.00162897      3.15593195      0.09329254      0.00000000      0.99986079      0.45404412      0.51257998      0.51257998      0.48672956      0.75938008      8.00000000    -10.00000000
      7.12374582     -0.00000000     -0.00000000      0.00000000      0.00000000      0.03285653     -1.01292761      0.00155772      3.46266480      0.09006745      0.00000000      0.99986079      0.45316409      0.51281500      0.51281500      0.48648204      0.77591864      8.00000000    -10.00000000
      7.39130435     -0.00000000     -0.00000000      0.00000000      0.00000000      0.03253047     -1.04186538      0.00148906      3.79421095      0.08696074      0.00000000      0.99986079      0.45225622      0.51304451      0.51304451      0.48623841      0.79141510      8.00000000    -10.00000000
      7.65886288     -0.00000000     -0.00000000      0.00000000      0.00000000      0.03219402     -1.07098942      0.00142295      4.15217297      0.08396851      0.00000000      0.99986079      0.45143047      0.51326825      0.51326825      0.48599892      0.80590714      8.00000000    -10.00000000
      7.92642140     -0.00000000     -0.00000000      0.00000000      0.00000000      0.03184762     -1.10029171      0.00135933      4.53822964      0.08108690      0.00000000      0.99986079      0.45058045      0.51348600      0.51348600      0.48576327      0.81943688      8.00000000    -10.00000000
      8.19397993     -0.00000000     -0.00000000      0.00000000      0.00000000      0.03149172     -1.12976458      0.00129815      4.95413793      0.07831218      0.00000000      0.99986079      0.44971115      0.51369743      0.51369743      0.48553131      0.83204957      8.00000000    -10.00000000
      8.46153846     -0.00000000     -0.00000000      0.00000000      0.00000000      0.03112679     -1.15940070      0.00123933      5.40173478      0.07564067      0.00000000      0.99986079      0.44891936      0.51390329      0.51390329      0.48519785      0.84379234      8.00000000    -10.00000000
      8.72909699     -0.00000000     -0.00000000      0.00000000      0.00000000      0.03075333     -1.18919303      0.00118283      5.88293900      0.07306878      0.00000000      0.99986079      0.44810478      0.51410078      0.51410078      0.48507535      0.85471323      8.00000000    -10.00000000
      8.99665552     -0.00000000     -0.00000000      0.00000000      0.00000000      0.03037182     -1.21913485      0.00112858      6.39975277      0.07059303      0.00000000      0.99986079      0.44730704      0.51429110      0.51429110      0.48486529      0.86486035      8.00000000    -10.00000000
      9.26421405     -0.00000000     -0.00000000      0.00000000      0.00000000      0.02998277     -1.24921974      0.00107651      6.95426318      0.06821000      0.00000000      0.99986079      0.44652444      0.51447443      0.51447443      0.48465268      0.87428125      8.00000000    -10.00000000
      9.53177258     -0.00000000     -0.00000000      0.00000000      0.00000000      0.02958668     -1.27944156      0.00102657      7.54864354      0.06591640      0.00000000      0.99986079      0.44575355      0.51465052      0.51465052      0.48444637      0.88302238      8.00000000    -10.00000000
      9.79933110     -0.00000000     -0.00000000      0.00000000      0.00000000      0.02918408     -1.30979444      0.00097869      8.18515457      0.06370902      0.00000000      0.99986079      0.44500628      0.51481959      0.51481959      0.48424667      0.89112867      8.00000000    -10.00000000
     10.06688963     -0.00000000     -0.00000000      0.00000000      0.00000000      0.02877548     -1.34027277      0.00093281      8.86614559      0.06158473      0.00000000      0.99986079      0.44427246      0.51498078      0.51498078      0.48404627      0.89864330      8.00000000    -10.00000000
     10.33444816     -0.00000000     -0.00000000      0.00000000      0.00000000      0.02836140     -1.37087121      0.00088887      9.59405603      0.05954051      0.00000000      0.99986079      0.44355542      0.51513468      0.51513468      0.48385530      0.90560745      8.00000000    -10.00000000
     10.60200669     -0.00000000     -0.00000000      0.00000000      0.00000000      0.02794237     -1.40158465      0.00084681     10.37140874      0.05757347      0.00000000      0.99986079      0.44285473      0.51528100      0.51528100      0.48366908      0.91206015      8.00000000    -10.00000000
     10.86956522     -0.00000000     -0.00000000      0.00000000      0.00000000      0.02751890     -1.43240822      0.00080656     11.20082716      0.05568074      0.00000000      0.99986079      0.44217204      0.51541957      0.51541957      0.48348792      0.91803834      8.00000000    -10.00000000
     11.13712375     -0.00000000     -0.00000000      0.00000000      0.00000000      0.02709151     -1.46333727      0.00076806     12.08501686      0.05385960      0.00000000      0.99986079      0.44150975      0.51555076      0.51555076      0.48330637      0.92357671      8.00000000    -10.00000000
     11.40468227     -0.00000000     -0.00000000      0.00000000      0.00000000      0.02666071     -1.49436736      0.00073126     13.02677533      0.05210739      0.00000000      0.99986079      0.44047025      0.51567724      0.51567724      0.48314566      0.92870778      8.00000000    -10.00000000
     11.67224080     -0.00000000     -0.00000000      0.00000000      0.00000000      0.02622701     -1.52549426      0.00069609     14.02899157      0.05042155      0.00000000      0.99986079      0.44023636      0.51578994      0.51578994      0.48298214      0.93346194      8.00000000    -10.00000000
     11.93979933     -0.00000000     -0.00000000      0.00000000      0.00000000      0.02579090     -1.55671397      0.00066249     15.09463530      0.04879963      0.00000000      0.99986079      0.43962881      0.51589774      0.51589774      0.48282618      0.93786750      8.00000000    -10.00000000
     12.20735786     -0.00000000     -0.00000000      0.00000000      0.00000000      0.02535287     -1.58802262      0.00063042     16.22677435      0.04723922      0.00000000      0.99986079      0.43904051      0.51599808      0.51599808      0.48267488      0.94195083      8.00000000    -10.00000000
     12.47491639     -0.00000000     -0.00000000      0.00000000      0.00000000      0.02491340     -1.61941658      0.00059980     17.42855722      0.04573801      0.00000000      0.99986079      0.43847024      0.51609083      0.51609083      0.48253278      0.94573639      8.00000000    -10.00000000
     12.74247492     -0.00000000     -0.00000000      0.00000000      0.00000000      0.02447296     -1.65089235      0.00057059     18.70321289      0.04429379      0.00000000      0.99986079      0.43792048      0.51617603      0.51617603      0.48240757      0.94924686      8.00000000    -10.00000000
     13.01003344     -0.00000000     -0.00000000      0.00000000      0.00000000      0.02403201     -1.68244662      0.00054274     20.05406241      0.04290439      0.00000000      0.99986079      0.43738844      0.51625365      0.51625365      0.48225770      0.95250323      8.00000000    -10.00000000
     13.27759197     -0.00000000     -0.00000000      0.00000000      0.00000000      0.02359099     -1.71407622      0.00051618     21.48449807      0.04156775      0.00000000      0.99986079      0.43687675      0.51632382      0.51632382      0.48213053      0.95552491      8.00000000    -10.00000000
     13.54515050     -0.00000000     -0.00000000      0.00000000      0.00000000      0.02315033     -1.74577816      0.00049087     22.99799572      0.04028187      0.00000000      0.99986079      0.43638446      0.51638705      0.51638705      0.48200893      0.95832985      8.00000000    -10.00000000
     13.81270903     -0.00000000     -0.00000000      0.00000000      0.00000000      0.02271044     -1.77754957      0.00046675     24.59810550      0.03904481      0.00000000      0.99986079      0.43571141      0.51644304      0.51644304      0.48189563      0.96093461      8.00000000    -10.00000000
     14.08026756     -0.00000000     -0.00000000      0.00000000      0.00000000      0.02227174     -1.80938772      0.00044378     26.28845028      0.03785470      0.00000000      0.99986079      0.43545852      0.51649183      0.51649183      0.48179397      0.96335446      8.00000000    -10.00000000
     14.34782609     -0.00000000     -0.00000000      0.00000000      0.00000000      0.02183459     -1.84129001      0.00042191     28.07272289      0.03670974      0.00000000      0.99986079      0.43502393      0.51653380      0.51653380      0.48167877      0.96560350      8.00000000    -10.00000000
     14.61538462     -0.00000000     -0.00000000      0.00000000      0.00000000      0.02139938     -1.87325397      0.00040110     29.95468230      0.03560821      0.00000000      0.99986079      0.43461081      0.51656877      0.51656877      0.48153814      0.96769471      8.00000000    -10.00000000
     14.88294314     -0.00000000     -0.00000000      0.00000000      0.00000000      0.02096646     -1.90527723      0.00038129     31.93815234      0.03454841      0.00000000      0.99986079      0.43421404      0.51659658      0.51659658      0.48149083      0.96964007      8.00000000    -10.00000000
     15.15050167     -0.00000000     -0.00000000      0.00000000      0.00000000      0.02053616     -1.93735783      0.00036244     34.02734685      0.03352842      0.00000000      0.99986079      0.43383838      0.51661907      0.51661907      0.48140468      0.97145088      8.00000000    -10.00000000
     15.41806020     -0.00000000     -0.00000000      0.00000000      0.00000000      0.02010881     -1.96949298      0.00034451     36.22545423      0.03254742      0.00000000      0.99986079      0.43348187      0.51663454      0.51663454      0.48132294      0.97313666      8.00000000    -10.00000000
     15.68561873     -0.00000000     -0.00000000      0.00000000      0.00000000      0.01968471     -2.00168087      0.00032746     38.53667100      0.03160363      0.00000000      0.99986079      0.43314347      0.51664386      0.51664386      0.48124738      0.97470703      8.00000000    -10.00000000
     15.95317726     -0.00000000     -0.00000000      0.00000000      0.00000000      0.01926415     -2.03392008      0.00031125     40.96584390      0.03069498      0.00000000      0.99986079      0.43282354      0.51664709      0.51664709      0.48117728      0.97617110      8.00000000    -10.00000000
     16.22073579     -0.00000000     -0.00000000      0.00000000      0.00000000      0.01884740     -2.06620798      0.00029585     43.51588580      0.02982097      0.00000000      0.99986079      0.43251649      0.51664481      0.51664481      0.48111172      0.97753611      8.00000000    -10.00000000
     16.48829431     -0.00000000     -0.00000000      0.00000000      0.00000000      0.01843471     -2.09854330      0.00028121     46.19173395      0.02897965      0.00000000      0.99986079      0.43255834      0.51663627      0.51663627      0.48105280      0.97880985      8.00000000    -10.00000000
     16.75585284     -0.00000000     -0.00000000      0.00000000      0.00000000      0.01802633     -2.13092424      0.00026729     48.99748425      0.02816980      0.00000000      0.99986079      0.43197216      0.51662253      0.51662253      0.48099847      0.97999899      8.00000000    -10.00000000
     17.02341137     -0.00000000     -0.00000000      0.00000000      0.00000000      0.01762247     -2.16334897      0.00025408     51.93684829      0.02739044      0.00000000      0.99986079      0.43172515      0.51660344      0.51660344      0.48094920      0.98110957      8.00000000    -10.00000000
     17.29096990     -0.00000000     -0.00000000      0.00000000      0.00000000      0.01722334     -2.19581604      0.00024152     55.01427779      0.02664023      0.00000000      0.99986079      0.43149393      0.51657913      0.51657913      0.48089591      0.98214741      8.00000000    -10.00000000
     17.55852843     -0.00000000     -0.00000000      0.00000000      0.00000000      0.01682914     -2.22832387      0.00022960     58.23379116      0.02591809      0.00000000      0.99986079      0.43127829      0.51654990      0.51654990      0.48086529      0.98311774      8.00000000    -10.00000000
     17.82608696     -0.00000000     -0.00000000      0.00000000      0.00000000      0.01644002     -2.26087116      0.00021827     61.60004925      0.02522273      0.00000000      0.99986079      0.43108277      0.51651606      0.51651606      0.48083059      0.98402557      8.00000000    -10.00000000
     18.09364548     -0.00000000     -0.00000000      0.00000000      0.00000000      0.01605617     -2.29345637      0.00020752     65.11674868      0.02455329      0.00000000      0.99986079      0.43097628      0.51647739      0.51647739      0.48080041      0.98487524      8.00000000    -10.00000000
     18.36120401     -0.00000000     -0.00000000      0.00000000      0.00000000      0.01567771     -2.32607821      0.00019730     68.78823623      0.02390870      0.00000000      0.99986079      0.43073740      0.51643439      0.51643439      0.48077277      0.98567094      8.00000000    -10.00000000
     18.62876254     -0.00000000     -0.00000000      0.00000000      0.00000000      0.01530478     -2.35873538      0.00018761     72.61864060      0.02328798      0.00000000      0.99986079      0.43059334      0.51638736      0.51638736      0.48075368      0.98641648      8.00000000    -10.00000000
     18.89632107     -0.00000000     -0.00000000      0.00000000      0.00000000      0.01493750     -2.39142664      0.00017841     76.61206141      0.02269021      0.00000000      0.99986079      0.43045516      0.51633589      0.51633589      0.48073680      0.98711540      8.00000000    -10.00000000
     19.16387960     -0.00000000     -0.00000000      0.00000000      0.00000000      0.01457596     -2.42415078      0.00016967     80.77243463      0.02211452      0.00000000      0.99986079      0.43033689      0.51628061      0.51628061      0.48072940      0.98777094      8.00000000    -10.00000000
     19.43143813     -0.00000000     -0.00000000      0.00000000      0.00000000      0.01422026     -2.45690668      0.00016138     85.10395838      0.02156002      0.00000000      0.99986079      0.43023332      0.51622200      0.51622200      0.48071552      0.98838613      8.00000000    -10.00000000
     19.69899666     -0.00000000     -0.00000000      0.00000000      0.00000000      0.01387048     -2.48969322      0.00015351     89.61049788      0.02102589      0.00000000      0.99986079      0.43014476      0.51615977      0.51615977      0.48071086      0.98896375      8.00000000    -10.00000000
     19.96655518     -0.00000000     -0.00000000      0.00000000      0.00000000      0.01352668     -2.52250930      0.00014604     94.29573655      0.02051139      0.00000000      0.99986079      0.43007002      0.51609418      0.51609418      0.48070967      0.98950635      8.00000000    -10.00000000
     20.23411371     -0.00000000     -0.00000000      0.00000000      0.00000000      0.01318891     -2.55535390      0.00013896     99.16338659      0.02001577      0.00000000      0.99986079      0.43000317      0.51602552      0.51602552      0.48071286      0.99001631      8.00000000    -10.00000000
     20.50167224     -0.00000000     -0.00000000      0.00000000      0.00000000      0.01285722     -2.58822605      0.00013223    104.21723078      0.01953828      0.00000000      0.99986079      0.42996189      0.51595410      0.51595410      0.48071951      0.99049585      8.00000000    -10.00000000
     20.76923077     -0.00000000     -0.00000000      0.00000000      0.00000000      0.01253163     -2.62112476      0.00012585    109.46055451      0.01907828      0.00000000      0.99986079      0.42992989      0.51588072      0.51588072      0.48072952      0.99094699      8.00000000    -10.00000000
     21.03678930     -0.00000000     -0.00000000      0.00000000      0.00000000      0.01221218     -2.65404912      0.00011979    114.89679765      0.01863509      0.00000000      0.99986079      0.42990590      0.51580264      0.51580264      0.48074295      0.99137163      8.00000000    -10.00000000
     21.30434783     -0.00000000     -0.00000000      0.00000000      0.00000000      0.01189887     -2.68699823      0.00011404    120.52904343      0.01820810      0.00000000      0.99986079      0.42989575      0.51572223      0.51572223      0.48075877      0.99177151      8.00000000    -10.00000000
     21.57190635     -0.00000000     -0.00000000      0.00000000      0.00000000      0.01159170     -2.71997125      0.00010859    126.36033989      0.01779669      0.00000000      0.99986079      0.42990202      0.51563939      0.51563939      0.48077946      0.99214826      8.00000000    -10.00000000
     21.83946488     -0.00000000     -0.00000000      0.00000000      0.00000000      0.01129068     -2.75296827      0.00010341    132.39943718      0.01739954      0.00000000      0.99986079      0.42991070      0.51555436      0.51555436      0.48080229      0.99250372      8.00000000    -10.00000000
     22.10702341     -0.00000000     -0.00000000      0.00000000      0.00000000      0.01099578     -2.78598571      0.00009850    138.63104193      0.01701840      0.00000000      0.99986079      0.42991121      0.51546729      0.51546729      0.48079987      0.99283827      8.00000000    -10.00000000
     22.37458194     -0.00000000     -0.00000000      0.00000000      0.00000000      0.01070700     -2.81902558      0.00009384    145.07543032      0.01665044      0.00000000      0.99986079      0.42997172      0.51537825      0.51537825      0.48084168      0.99315422      8.00000000    -10.00000000
     22.64214047     -0.00000000     -0.00000000      0.00000000      0.00000000      0.01042429     -2.85208623      0.00008942    151.72881627      0.01629591      0.00000000      0.99986079      0.43001765      0.51528746      0.51528746      0.48088796      0.99345245      8.00000000    -10.00000000
     22.90969900     -0.00000000     -0.00000000      0.00000000      0.00000000      0.01014762     -2.88516757      0.00008522    158.59868639      0.01595379      0.00000000      0.99986079      0.43007198      0.51519502      0.51519502      0.48090952      0.99373428      8.00000000    -10.00000000
     23.17725753     -0.00000000     -0.00000000      0.00000000      0.00000000      0.00987696     -2.91826759      0.00008123    165.67541118      0.01562477      0.00000000      0.99986079      0.43014028      0.51510106      0.51510106      0.48095864      0.99400031      8.00000000    -10.00000000
     23.44481605     -0.00000000     -0.00000000      0.00000000      0.00000000      0.00961226     -2.95138632      0.00007745    172.96608745      0.01530780      0.00000000      0.99986079      0.43079326      0.51500573      0.51500573      0.48099755      0.99425175      8.00000000    -10.00000000
     23.71237458     -0.00000000     -0.00000000      0.00000000      0.00000000      0.00935346     -2.98452265      0.00007387    180.46657786      0.01500287      0.00000000      0.99986079      0.42999474      0.51490913      0.51490913      0.48103974      0.99448934      8.00000000    -10.00000000
     23.97993311     -0.00000000     -0.00000000      0.00000000      0.00000000      0.00910051     -3.01767741      0.00007046    188.19339671      0.01470831      0.00000000      0.99986079      0.43039563      0.51481140      0.51481140      0.48107808      0.99471440      8.00000000    -10.00000000
     24.24749164     -0.00000000     -0.00000000      0.00000000      0.00000000      0.00885336     -3.05084706      0.00006723    196.09824136      0.01442742      0.00000000      0.99986079      0.43049745      0.51471264      0.51471264      0.48112758      0.99492639      8.00000000    -10.00000000
     24.51505017     -0.00000000     -0.00000000      0.00000000      0.00000000      0.00861192     -3.08403602      0.00006415    204.28585378      0.01415214      0.00000000      0.99986079      0.43060927      0.51461301      0.51461301      0.48117545      0.99512874      8.00000000    -10.00000000
     24.78260870     -0.00000000     -0.00000000      0.00000000      0.00000000      0.00837614     -3.11723923      0.00006124    212.65680012      0.01388937      0.00000000      0.99986079      0.43072814      0.51451252      0.51451252      0.48122473      0.99531960      8.00000000    -10.00000000
     25.05016722     -0.00000000     -0.00000000      0.00000000      0.00000000      0.00814594     -3.15045685      0.00005848    221.21782302      0.01363793      0.00000000      0.99986079      0.43085444      0.51441141      0.51441141      0.48179869      0.99549991      8.00000000    -10.00000000
     25.31772575     -0.00000000     -0.00000000      0.00000000      0.00000000      0.00792125     -3.18369008      0.00005585    230.02042650      0.01339420      0.00000000      0.99986079      0.43098905      0.51430739      0.51430739      0.48159830      0.99567138      8.00000000    -10.00000000
     25.58528428     -0.00000000     -0.00000000      0.00000000      0.00000000      0.00770199     -3.21693799      0.00005335    239.05743256      0.01315845      0.00000000      0.99986079      0.43111755      0.51420766      0.51420766      0.48140329      0.99583433      8.00000000    -10.00000000
     25.85284281     -0.00000000     -0.00000000      0.00000000      0.00000000      0.00748808     -3.25019917      0.00005098    248.28615159      0.01293269      0.00000000      0.99986079      0.43120886      0.51410543      0.51410543      0.48143925      0.99598855      8.00000000    -10.00000000
     26.12040134     -0.00000000     -0.00000000      0.00000000      0.00000000      0.00727943     -3.28347385      0.00004872    257.72972239      0.01271523      0.00000000      0.99986079      0.43144074      0.51400322      0.51400322      0.48149810      0.99613496      8.00000000    -10.00000000
     26.38795987     -0.00000000     -0.00000000      0.00000000      0.00000000      0.00707596     -3.31676065      0.00004658    267.38558639      0.01250581      0.00000000      0.99986079      0.43159424      0.51389934      0.51389934      0.48155729      0.99627402      8.00000000    -10.00000000
     26.65551839     -0.00000000     -0.00000000      0.00000000      0.00000000      0.00687758     -3.35006093      0.00004455    277.23098278      0.01230510      0.00000000      0.99986079      0.43176034      0.51379536      0.51379536      0.48161790      0.99640586      8.00000000    -10.00000000
     26.92307692     -0.00000000     -0.00000000      0.00000000      0.00000000      0.00668422     -3.38337230      0.00004262    287.26654626      0.01211256      0.00000000      0.99986079      0.43193276      0.51369144      0.51369144      0.48167980      0.99653099      8.00000000    -10.00000000
     27.19063545     -0.00000000     -0.00000000      0.00000000      0.00000000      0.00649577     -3.41669578      0.00004078    297.52344256      0.01192650      0.00000000      0.99986079      0.43211194      0.51358849      0.51358849      0.48174292      0.99665018      8.00000000    -10.00000000
     27.45819398     -0.00000000     -0.00000000      0.00000000      0.00000000      0.00631215     -3.45003064      0.00003903    307.98409634      0.01174733      0.00000000      0.99986079      0.43229272      0.51348361      0.51348361      0.48180762      0.99676359      8.00000000    -10.00000000
     27.72575251     -0.00000000     -0.00000000      0.00000000      0.00000000      0.00613326     -3.48337617      0.00003737    318.64659749      0.01157479      0.00000000      0.99986079      0.43247944      0.51337881      0.51337881      0.48187237      0.99687154      8.00000000    -10.00000000
     27.99331104     -0.00000000     -0.00000000      0.00000000      0.00000000      0.00595903     -3.51673235      0.00003579    329.45346098      0.01141054      0.00000000      0.99986079      0.43267036      0.51327417      0.51327417      0.48193865      0.99697386      8.00000000    -10.00000000
     28.26086957     -0.00000000     -0.00000000      0.00000000      0.00000000      0.00578935     -3.55009874      0.00003429    340.46876711      0.01125188      0.00000000      0.99986079      0.43295710      0.51316974      0.51316974      0.48200585      0.99707147      8.00000000    -10.00000000
     28.52842809     -0.00000000     -0.00000000      0.00000000      0.00000000      0.00562413     -3.58347502      0.00003286    351.68490162      0.01109881      0.00000000      0.99986079      0.43306685      0.51306555      0.51306555      0.48207399      0.99716461      8.00000000    -10.00000000
     28.79598662     -0.00000000     -0.00000000      0.00000000      0.00000000      0.00546329     -3.61686108      0.00003150    363.04420036      0.01095281      0.00000000      0.99986079      0.43327104      0.51296168      0.51296168      0.48214380      0.99725308      8.00000000    -10.00000000
     29.06354515     -0.00000000     -0.00000000      0.00000000      0.00000000      0.00530673     -3.65025596      0.00003020    374.56034272      0.01081300      0.00000000      0.99986079      0.43347942      0.51285817      0.51285817      0.48221259      0.99733731      8.00000000    -10.00000000
     29.33110368     -0.00000000     -0.00000000      0.00000000      0.00000000      0.00515436     -3.68366022      0.00002897    386.26909209      0.01067802      0.00000000      0.99986079      0.43369068      0.51275508      0.51275508      0.48228246      0.99741782      8.00000000    -10.00000000
     29.59866221     -0.00000000     -0.00000000      0.00000000      0.00000000      0.00500610     -3.71707280      0.00002780    398.10181703      0.01054944      0.00000000      0.99986079      0.43390572      0.51265238      0.51265238      0.48235401      0.99749437      8.00000000    -10.00000000
     29.86622074     -0.00000000     -0.00000000      0.00000000      0.00000000      0.00486184     -3.75049397      0.00002668    410.11669486      0.01042536      0.00000000      0.99986079      0.43412448      0.51255020      0.51255020      0.48242563      0.99756760      8.00000000    -10.00000000
     30.13377926     -0.00000000     -0.00000000      0.00000000      0.00000000      0.00472150     -3.78392330      0.00002562    422.23497281      0.01030747      0.00000000      0.99986079      0.43434493      0.51244922      0.51244922      0.48249790      0.99763725      8.00000000    -10.00000000
     30.40133779     -0.00000000     -0.00000000      0.00000000      0.00000000      0.00458500     -3.81736078      0.00002460    434.52507389      0.01019373      0.00000000      0.99986079      0.43456942      0.51234748      0.51234748      0.48257050      0.99770392      8.00000000    -10.00000000
     30.66889632     -0.00000000     -0.00000000      0.00000000      0.00000000      0.00445224     -3.85080541      0.00002364    446.92098250      0.01008542      0.00000000      0.99986079      0.43479615      0.51224692      0.51224692      0.48264204      0.99776746      8.00000000    -10.00000000
     30.93645485     -0.00000000     -0.00000000      0.00000000      0.00000000      0.00432313     -3.88425782      0.00002271    459.43367854      0.00998194      0.00000000      0.99986079      0.43502577      0.51214700      0.51214700      0.48271740      0.99782813      8.00000000    -10.00000000
     31.20401338     -0.00000000     -0.00000000      0.00000000      0.00000000      0.00419760     -3.91771720      0.00002184    472.04998096      0.00988325      0.00000000      0.99986079      0.43525708      0.51204774      0.51204774      0.48279152      0.99788606      8.00000000    -10.00000000
     31.47157191     -0.00000000     -0.00000000      0.00000000      0.00000000      0.00407555     -3.95118366      0.00002100    484.79712394      0.00978849      0.00000000      0.99986079      0.43549094      0.51194917      0.51194917      0.48286535      0.99794153      8.00000000    -10.00000000
     31.73913043     -0.00000000     -0.00000000      0.00000000      0.00000000      0.00395691     -3.98465688      0.00002020    497.62401470      0.00969844      0.00000000      0.99986079      0.43572687      0.51185130      0.51185130      0.48294011      0.99799448      8.00000000    -10.00000000
     32.00668896     -0.00000000     -0.00000000      0.00000000      0.00000000      0.00384158     -4.01813665      0.00001944    510.52410909      0.00961291      0.00000000      0.99986079      0.43596413      0.51175414      0.51175414      0.48301466      0.99804506      8.00000000    -10.00000000
     32.27424749     -0.00000000     -0.00000000      0.00000000      0.00000000      0.00372950     -4.05162277      0.00001871    523.51736403      0.00953122      0.00000000      0.99986079      0.43620424      0.51165785      0.51165785      0.48308998      0.99809349      8.00000000    -10.00000000
     32.54180602     -0.00000000     -0.00000000      0.00000000      0.00000000      0.00362057     -4.08511510      0.00001802    536.59640559      0.00945328      0.00000000      0.99986079      0.43644525      0.51156215      0.51156215      0.48316511      0.99813987      8.00000000    -10.00000000
     32.80936455     -0.00000000     -0.00000000      0.00000000      0.00000000      0.00351472     -4.11861334      0.00001735    549.71829424      0.00937958      0.00000000      0.99986079      0.43668820      0.51146723      0.51146723      0.48323978      0.99818419      8.00000000    -10.00000000
     33.07692308     -0.00000000     -0.00000000      0.00000000      0.00000000      0.00341186     -4.15211741      0.00001672    562.88369233      0.00930984      0.00000000      0.99986079      0.43693189      0.51137305      0.51137305      0.48331575      0.99822658      8.00000000    -10.00000000
     33.34448161     -0.00000000     -0.00000000      0.00000000      0.00000000      0.00331194     -4.18562712      0.00001611    576.10569425      0.00924358      0.00000000      0.99986079      0.43717676      0.51127969      0.51127969      0.48339858      0.99826722      8.00000000    -10.00000000
     33.61204013     -0.00000000     -0.00000000      0.00000000      0.00000000      0.00321486     -4.21914229      0.00001554    589.37432330      0.00918076      0.00000000      0.99986079      0.43742163      0.51118713      0.51118713      0.48346710      0.99830616      8.00000000    -10.00000000
     33.87959866     -0.00000000     -0.00000000      0.00000000      0.00000000      0.00312056     -4.25266277      0.00001498    602.65753645      0.00912164      0.00000000      0.99986079      0.43767066      0.51109556      0.51109556      0.48354254      0.99834343      8.00000000    -10.00000000
     34.14715719     -0.00000000     -0.00000000      0.00000000      0.00000000      0.00302895     -4.28618840      0.00001445    615.94847412      0.00906608      0.00000000      0.99986079      0.43812829      0.51100454      0.51100454      0.48361814      0.99837912      8.00000000    -10.00000000
     34.41471572     -0.00000000     -0.00000000      0.00000000      0.00000000      0.00293999     -4.31971903      0.00001395    629.26919081      0.00901355      0.00000000      0.99986079      0.43781974      0.51091452      0.51091452      0.48369380      0.99841338      8.00000000    -10.00000000
     34.68227425     -0.00000000     -0.00000000      0.00000000      0.00000000      0.00285358     -4.35325452      0.00001347    642.57949321      0.00896443      0.00000000      0.99986079      0.43840629      0.51082536      0.51082536      0.48376760      0.99844619      8.00000000    -10.00000000
     34.94983278     -0.00000000     -0.00000000      0.00000000      0.00000000      0.00276967     -4.38679473      0.00001300    655.88106536      0.00891848      0.00000000      0.99986079      0.43866454      0.51073706      0.51073706      0.48384461      0.99847765      8.00000000    -10.00000000
     35.21739130     -0.00000000     -0.00000000      0.00000000      0.00000000      0.00268818     -4.42033953      0.00001256    669.16535673      0.00887563      0.00000000      0.99986079      0.43891677      0.51064965      0.51064965      0.48391993      0.99850783      8.00000000    -10.00000000
     35.48494983     -0.00000000     -0.00000000      0.00000000      0.00000000      0.00260906     -4.45388880      0.00001213    682.42536543      0.00883578      0.00000000      0.99986079      0.43916755      0.51056309      0.51056309      0.48410353      0.99853678      8.00000000    -10.00000000
     35.75250836     -0.00000000     -0.00000000      0.00000000      0.00000000      0.00253223     -4.48744236      0.00001173    695.63881836      0.00879904      0.00000000      0.99986079      0.43941744      0.51047743      0.51047743      0.48402981      0.99856454      8.00000000    -10.00000000
     36.02006689     -0.00000000     -0.00000000      0.00000000      0.00000000      0.00245764     -4.52100016      0.00001134    708.82956023      0.00876494      0.00000000      0.99986079      0.43966176      0.51039264      0.51039264      0.48414594      0.99859121      8.00000000    -10.00000000
     36.28762542     -0.00000000     -0.00000000      0.00000000      0.00000000      0.00238523     -4.55456204      0.00001097    721.95955810      0.00873377      0.00000000      0.99986079      0.43992104      0.51030874      0.51030874      0.48422113      0.99861680      8.00000000    -10.00000000
     36.55518395     -0.00000000     -0.00000000      0.00000000      0.00000000      0.00231492     -4.58812791      0.00001061    735.02187415      0.00870547      0.00000000      0.99986079      0.44017245      0.51022572      0.51022572      0.48429527      0.99864134      8.00000000    -10.00000000
     36.82274247     -0.00000000     -0.00000000      0.00000000      0.00000000      0.00224668     -4.62169765      0.00001026    748.02563299      0.00867977      0.00000000      0.99986079      0.44042307      0.51014360      0.51014360      0.48436920      0.99866493      8.00000000    -10.00000000
     37.09030100     -0.00000000     -0.00000000      0.00000000      0.00000000      0.00218043     -4.65527116      0.00000994    760.96322310      0.00865661      0.00000000      0.99986079      0.44067478      0.51006235      0.51006235      0.48444378      0.99868760      8.00000000    -10.00000000
     37.35785953     -0.00000000     -0.00000000      0.00000000      0.00000000      0.00211613     -4.68884834      0.00000962    773.80928604      0.00863615      0.00000000      0.99986079      0.44092587      0.50998199      0.50998199      0.48453049      0.99870936      8.00000000    -10.00000000
     37.62541806     -0.00000000     -0.00000000      0.00000000      0.00000000      0.00205371     -4.72242909      0.00000932    786.56521007      0.00861822      0.00000000      0.99986079      0.44117633      0.50990251      0.50990251      0.48459200      0.99873026      8.00000000    -10.00000000
     37.89297659     -0.00000000     -0.00000000      0.00000000      0.00000000      0.00199314     -4.75601332      0.00000903    799.22487420      0.00860278      0.00000000      0.99986079      0.44148951      0.50982392      0.50982392      0.48466513      0.99875035      8.00000000    -10.00000000
     38.16053512     -0.00000000     -0.00000000      0.00000000      0.00000000      0.00193434     -4.78960091      0.00000875    811.77625665      0.00858982      0.00000000      0.99986079      0.44167719      0.50974620      0.50974620      0.48473833      0.99876965      8.00000000    -10.00000000
     38.42809365     -0.00000000     -0.00000000      0.00000000      0.00000000      0.00187728     -4.82319181      0.00000848    824.21770838      0.00857924      0.00000000      0.99986079      0.44193303      0.50966935      0.50966935      0.48481142      0.99878820      8.00000000    -10.00000000
     38.69565217     -0.00000000     -0.00000000      0.00000000      0.00000000      0.00182191     -4.85678596      0.00000822    836.53797697      0.00857105      0.00000000      0.99986079      0.44217604      0.50959339      0.50959339      0.48488362      0.99880602      8.00000000    -10.00000000
     38.96321070     -0.00000000     -0.00000000      0.00000000      0.00000000      0.00176817     -4.89038319      0.00000797    848.73317643      0.00856517      0.00000000      0.99986079      0.44239153      0.50951829      0.50951829      0.48495618      0.99882316      8.00000000    -10.00000000
     39.23076923     -0.00000000     -0.00000000      0.00000000      0.00000000      0.00171602     -4.92398349      0.00000773    860.79810547      0.00856157      0.00000000      0.99986079      0.44267285      0.50944418      0.50944418      0.48502818      0.99883964      8.00000000    -10.00000000
     39.49832776     -0.00000000     -0.00000000      0.00000000      0.00000000      0.00166541     -4.95758673      0.00000750    872.73295762      0.00856014      0.00000000      0.99986079      0.44292025      0.50937066      0.50937066      0.48510002      0.99885549      8.00000000    -10.00000000
     39.76588629     -0.00000000     -0.00000000      0.00000000      0.00000000      0.00161630     -4.99119296      0.00000728    884.50243558      0.00856113      0.00000000      0.99986079      0.44316722      0.50929813      0.50929813      0.48517136      0.99887070      8.00000000    -10.00000000
     40.03344482     -0.00000000     -0.00000000      0.00000000      0.00000000      0.00156866     -5.02480204      0.00000707    896.12089189      0.00856432      0.00000000      0.99986079      0.44336492      0.50922645      0.50922645      0.48524238      0.99888532      8.00000000    -10.00000000
     40.30100334     -0.00000000     -0.00000000      0.00000000      0.00000000      0.00152242     -5.05841366      0.00000687    907.63445955      0.00856918      0.00000000      0.99986079      0.44365869      0.50915561      0.50915561      0.48531341      0.99889945      8.00000000    -10.00000000
     40.56856187     -0.00000000     -0.00000000      0.00000000      0.00000000      0.00147756     -5.09202813      0.00000667    918.95490817      0.00857648      0.00000000      0.99986079      0.44390413      0.50908561      0.50908561      0.48538337      0.99891299      8.00000000    -10.00000000
     40.83612040     -0.00000000     -0.00000000      0.00000000      0.00000000      0.00143403     -5.12564522      0.00000648    930.11110815      0.00858586      0.00000000      0.99986079      0.44414706      0.50901642      0.50901642      0.48545365      0.99892601      8.00000000    -10.00000000
     41.10367893     -0.00000000     -0.00000000      0.00000000      0.00000000      0.00139180     -5.15926489      0.00000630    941.09665638      0.00859732      0.00000000      0.99986079      0.44440319      0.50894807      0.50894807      0.48552295      0.99893854      8.00000000    -10.00000000
     41.37123746     -0.00000000     -0.00000000      0.00000000      0.00000000      0.00135082     -5.19288706      0.00000612    951.90747683      0.00861082      0.00000000      0.99986079      0.44463212      0.50888052      0.50888052      0.48559214      0.99895058      8.00000000    -10.00000000
     41.63879599     -0.00000000     -0.00000000      0.00000000      0.00000000      0.00131107     -5.22651170      0.00000595    962.53885289      0.00862635      0.00000000      0.99986079      0.44487487      0.50881378      0.50881378      0.48566102      0.99896216      8.00000000    -10.00000000
     41.90635452     -0.00000000     -0.00000000      0.00000000      0.00000000      0.00127250     -5.26013873      0.00000579    972.98753396      0.00864388      0.00000000      0.99986079      0.44511335      0.50874785      0.50874785      0.48572973      0.99897329      8.00000000    -10.00000000
     42.17391304     -0.00000000     -0.00000000      0.00000000      0.00000000      0.00123507     -5.29376812      0.00000563    983.24901032      0.00866339      0.00000000      0.99986079      0.44549867      0.50868270      0.50868270      0.48579787      0.99898400      8.00000000    -10.00000000
     42.44147157     -0.00000000     -0.00000000      0.00000000      0.00000000      0.00119877     -5.32739981      0.00000548    993.32029809      0.00868486      0.00000000      0.99986079      0.44533246      0.50861834      0.50861834      0.48586516      0.99899429      8.00000000    -10.00000000
     42.70903010     -0.00000000     -0.00000000      0.00000000      0.00000000      0.00116355     -5.36103374      0.00000533   1003.19642185      0.00870828      0.00000000      0.99986079      0.44582859      0.50855476      0.50855476      0.48593241      0.99900418      8.00000000    -10.00000000
     42.97658863     -0.00000000     -0.00000000      0.00000000      0.00000000      0.00112938     -5.39466988      0.00000519   1012.87462754      0.00873365      0.00000000      0.99986079      0.44606426      0.50849194      0.50849194      0.48599937      0.99901368      8.00000000    -10.00000000
     43.24414716     -0.00000000     -0.00000000      0.00000000      0.00000000      0.00109622     -5.42830817      0.00000506   1022.35135536      0.00876093      0.00000000      0.99986079      0.44629936      0.50842989      0.50842989      0.48606579      0.99902282      8.00000000    -10.00000000
     43.51170569     -0.00000000     -0.00000000      0.00000000      0.00000000      0.00106406     -5.46194858      0.00000492   1031.62561257      0.00879012      0.00000000      0.99986079      0.44653340      0.50836864      0.50836864      0.48610699      0.99903159      8.00000000    -10.00000000
     43.77926421     -0.00000000     -0.00000000      0.00000000      0.00000000      0.00103286     -5.49559105      0.00000480   1040.69265616      0.00882120      0.00000000      0.99986079      0.44676646      0.50830803      0.50830803      0.48619763      0.99904002      8.00000000    -10.00000000
     44.04682274     -0.00000000     -0.00000000      0.00000000      0.00000000      0.00100260     -5.52923556      0.00000467   1049.55063638      0.00885418      0.00000000      0.99986079      0.44699818      0.50824820      0.50824820      0.48626277      0.99904812      8.00000000    -10.00000000
     44.31438127     -0.00000000     -0.00000000      0.00000000      0.00000000      0.00097323     -5.56288206      0.00000455   1058.19724265      0.00888903      0.00000000      0.99986079      0.44722912      0.50818911      0.50818911      0.48632775      0.99905589      8.00000000    -10.00000000
     44.58193980     -0.00000000     -0.00000000      0.00000000      0.00000000      0.00094475     -5.59653052      0.00000444   1066.63035943      0.00892576      0.00000000      0.99986079      0.44746001      0.50813074      0.50813074      0.48639220      0.99906335      8.00000000    -10.00000000
     44.84949833     -0.00000000     -0.00000000      0.00000000      0.00000000      0.00091711     -5.63018090      0.00000433   1074.84802811      0.00896436      0.00000000      0.99986079      0.44768617      0.50807308      0.50807308      0.48645645      0.99907050      8.00000000    -10.00000000
     45.11705686     -0.00000000     -0.00000000      0.00000000      0.00000000      0.00089030     -5.66383317      0.00000422   1082.85114030      0.00900479      0.00000000      0.99986079      0.44791296      0.50801611      0.50801611      0.48651987      0.99907736      8.00000000    -10.00000000
     45.38461538     -0.00000000     -0.00000000      0.00000000      0.00000000      0.00086429     -5.69748729      0.00000412   1090.63285244      0.00904711      0.00000000      0.99986079      0.44814011      0.50795985      0.50795985      0.48658308      0.99908394      8.00000000    -10.00000000
     45.65217391     -0.00000000     -0.00000000      0.00000000      0.00000000      0.00083906     -5.73114321      0.00000402   1098.19183635      0.00909130      0.00000000      0.99986079      0.44836513      0.50790426      0.50790426      0.48664588      0.99909024      8.00000000    -10.00000000
     45.91973244     -0.00000000     -0.00000000      0.00000000      0.00000000      0.00081459     -5.76480093      0.00000392   1105.53102078      0.00913733      0.00000000      0.99986079      0.44858864      0.50784936      0.50784936      0.48669189      0.99909627      8.00000000    -10.00000000
     46.18729097     -0.00000000     -0.00000000      0.00000000      0.00000000      0.00079084     -5.79846042      0.00000382   1112.64883069      0.00918520      0.00000000      0.99986079      0.44881094      0.50779512      0.50779512      0.48677023      0.99910205      8.00000000    -10.00000000
     46.45484950     -0.00000000     -0.00000000      0.00000000      0.00000000      0.00076781     -5.83212165      0.00000373   1119.54319230      0.00923493      0.00000000      0.99986079      0.44903225      0.50774155      0.50774155      0.48683179      0.99910758      8.00000000    -10.00000000
     46.72240803     -0.00000000     -0.00000000      0.00000000      0.00000000      0.00074546     -5.86578458      0.00000364   1126.21356273      0.00928652      0.00000000      0.99986079      0.44925344      0.50768892      0.50768892      0.48689351      0.99911286      8.00000000    -10.00000000
     46.98996656     -0.00000000     -0.00000000      0.00000000      0.00000000      0.00072379     -5.89944920      0.00000356   1132.65936287      0.00933996      0.00000000      0.99986079      0.44947091      0.50763634      0.50763634      0.48695365      0.99911790      8.00000000    -10.00000000
     47.25752508     -0.00000000     -0.00000000      0.00000000      0.00000000      0.00070275     -5.93311547      0.00000348   1138.88054300      0.00939526      0.00000000      0.99986079      0.44968870      0.50758470      0.50758470      0.48701396      0.99912272      8.00000000    -10.00000000
     47.52508361     -0.00000000     -0.00000000      0.00000000      0.00000000      0.00068235     -5.96678339      0.00000340   1144.87626238      0.00945243      0.00000000      0.99986079      0.44987603      0.50753368      0.50753368      0.48707166      0.99912731      8.00000000    -10.00000000
     47.79264214     -0.00000000     -0.00000000      0.00000000      0.00000000      0.00066256     -6.00045291      0.00000332   1150.64641185      0.00951147      0.00000000      0.99986079      0.45011982      0.50748327      0.50748327      0.48713335      0.99913168      8.00000000    -10.00000000
     48.06020067     -0.00000000     -0.00000000      0.00000000      0.00000000      0.00064336     -6.03412403      0.00000324   1156.19128761      0.00957239      0.00000000      0.99986079      0.45033393      0.50743338      0.50743338      0.48719244      0.99913584      8.00000000    -10.00000000
     48.32775920     -0.00000000     -0.00000000      0.00000000      0.00000000      0.00062473     -6.06779672      0.00000317   1161.51005527      0.00963520      0.00000000      0.99986079      0.45054466      0.50738429      0.50738429      0.48725089      0.99913979      8.00000000    -10.00000000
     48.59531773     -0.00000000     -0.00000000      0.00000000      0.00000000      0.00060666     -6.10147097      0.00000310   1166.60482199      0.00969989      0.00000000      0.99986079      0.45075721      0.50733569      0.50733569      0.48729737      0.99914355      8.00000000    -10.00000000
     48.86287625     -0.00000000     -0.00000000      0.00000000      0.00000000      0.00058912     -6.13514675      0.00000303   1171.47508123      0.00976649      0.00000000      0.99986079      0.45096726      0.50728769      0.50728769      0.48736718      0.99914710      8.00000000    -10.00000000
     49.13043478     -0.00000000     -0.00000000      0.00000000      0.00000000      0.00057211     -6.16882406      0.00000296   1176.12184356      0.00983499      0.00000000      0.99986079      0.45117600      0.50724025      0.50724025      0.48742465      0.99915047      8.00000000    -10.00000000
     49.39799331     -0.00000000     -0.00000000      0.00000000      0.00000000      0.00055561     -6.20250287      0.00000290   1180.54445359      0.00990542      0.00000000      0.99986079      0.45138353      0.50719339      0.50719339      0.48748165      0.99915365      8.00000000    -10.00000000
     49.66555184     -0.00000000     -0.00000000      0.00000000      0.00000000      0.00053960     -6.23618318      0.00000283   1184.74523247      0.00997779      0.00000000      0.99986079      0.45159016      0.50714709      0.50714709      0.48753768      0.99915665      8.00000000    -10.00000000
     49.93311037     -0.00000000     -0.00000000      0.00000000      0.00000000      0.00052407     -6.26986495      0.00000277   1188.72455999      0.01005210      0.00000000      0.99986079      0.45179470      0.50710134      0.50710134      0.48759451      0.99915947      8.00000000    -10.00000000
     50.20066890     -0.00000000     -0.00000000      0.00000000      0.00000000      0.00050900     -6.30354820      0.00000271   1192.48365896      0.01012836      0.00000000      0.99986079      0.45199910      0.50705614      0.50705614      0.48764975      0.99916212      8.00000000    -10.00000000
     50.46822742     -0.00000000     -0.00000000      0.00000000      0.00000000      0.00049438     -6.33723289      0.00000266   1196.02333015      0.01020660      0.00000000      0.99986079      0.45220067      0.50701147      0.50701147      0.48770576      0.99916459      8.00000000    -10.00000000
     50.73578595     -0.00000000     -0.00000000      0.00000000      0.00000000      0.00048019     -6.37091903      0.00000260   1199.34409190      0.01028684      0.00000000      0.99986079      0.45240203      0.50696734      0.50696734      0.48776093      0.99916691      8.00000000    -10.00000000
     51.00334448     -0.00000000     -0.00000000      0.00000000      0.00000000      0.00046643     -6.40460659      0.00000255   1202.44913122      0.01036907      0.00000000      0.99986079      0.45260182      0.50692373      0.50692373      0.48781551      0.99916906      8.00000000    -10.00000000
     51.27090301     -0.00000000     -0.00000000      0.00000000      0.00000000      0.00045307     -6.43829558      0.00000249   1205.33903791      0.01045332      0.00000000      0.99986079      0.45280044      0.50688064      0.50688064      0.48786975      0.99917105      8.00000000    -10.00000000
     51.53846154     -0.00000000     -0.00000000      0.00000000      0.00000000      0.00044011     -6.47198598      0.00000244   1208.01541063      0.01053960      0.00000000      0.99986079      0.45299787      0.50683805      0.50683805      0.48792614      0.99917288      8.00000000    -10.00000000
     51.80602007     -0.00000000     -0.00000000      0.00000000      0.00000000      0.00042754     -6.50567779      0.00000239   1210.48021825      0.01062794      0.00000000      0.99986079      0.45319407      0.50679597      0.50679597      0.48797702      0.99917456      8.00000000    -10.00000000
     52.07357860     -0.00000000     -0.00000000      0.00000000      0.00000000      0.00041534     -6.53937099      0.00000234   1212.73446291      0.01071835      0.00000000      0.99986079      0.45339017      0.50675437      0.50675437      0.48802931      0.99917610      8.00000000    -10.00000000
     52.34113712     -0.00000000     -0.00000000      0.00000000      0.00000000      0.00040351     -6.57306558      0.00000230   1214.78033385      0.01081085      0.00000000      0.99986079      0.45358266      0.50671327      0.50671327      0.48808497      0.99917748      8.00000000    -10.00000000
     52.60869565     -0.00000000     -0.00000000      0.00000000      0.00000000      0.00039202     -6.60676156      0.00000225   1216.61987528      0.01090546      0.00000000      0.99986079      0.45377631      0.50667265      0.50667265      0.48813511      0.99917873      8.00000000    -10.00000000
     52.87625418     -0.00000000     -0.00000000      0.00000000      0.00000000      0.00038088     -6.64045893      0.00000221   1218.25601178      0.01100219      0.00000000      0.99986079      0.45396619      0.50663250      0.50663250      0.48818707      0.99917983      8.00000000    -10.00000000
     53.14381271     -0.00000000     -0.00000000      0.00000000      0.00000000      0.00037006     -6.67415766      0.00000216   1219.68689786      0.01110110      0.00000000      0.99986079      0.45415619      0.50659281      0.50659281      0.48824684      0.99918079      8.00000000    -10.00000000
     53.41137124     -0.00000000     -0.00000000      0.00000000      0.00000000      0.00035957     -6.70785779      0.00000212   1220.92203842      0.01120215      0.00000000      0.99986079      0.45490105      0.50655360      0.50655360      0.48828955      0.99918162      8.00000000    -10.00000000
     53.67892977     -0.00000000     -0.00000000      0.00000000      0.00000000      0.00034939     -6.74155928      0.00000208   1221.95696269      0.01130541      0.00000000      0.99986079      0.45481757      0.50651481      0.50651481      0.48834059      0.99918231      8.00000000    -10.00000000
     53.94648829     -0.00000000     -0.00000000      0.00000000      0.00000000      0.00033951     -6.77526214      0.00000204   1222.79622183      0.01141089      0.00000000      0.99986079      0.45473534      0.50647649      0.50647649      0.48863962      0.99918287      8.00000000    -10.00000000
     54.21404682     -0.00000000     -0.00000000      0.00000000      0.00000000      0.00032992     -6.80896638      0.00000200   1223.44426380      0.01151860      0.00000000      0.99986079      0.45465405      0.50643860      0.50643860      0.48861910      0.99918330      8.00000000    -10.00000000
     54.48160535     -0.00000000     -0.00000000      0.00000000      0.00000000      0.00032061     -6.84267199      0.00000196   1223.90059338      0.01162858      0.00000000      0.99986079      0.45457396      0.50640115      0.50640115      0.48859885      0.99918361      8.00000000    -10.00000000
     54.74916388     -0.00000000     -0.00000000      0.00000000      0.00000000      0.00031158     -6.87637897      0.00000193   1224.16888697      0.01174086      0.00000000      0.99986079      0.45527117      0.50636412      0.50636412      0.48857889      0.99918379      8.00000000    -10.00000000
     55.01672241     -0.00000000     -0.00000000      0.00000000      0.00000000      0.00030282     -6.91008732      0.00000189   1224.25174082      0.01185544      0.00000000      0.99986079      0.45545188      0.50632751      0.50632751      0.48855921      0.99918384      8.00000000    -10.00000000
     55.28428094     -0.00000000     -0.00000000      0.00000000      0.00000000      0.00029431     -6.94379706      0.00000185   1224.15181104      0.01197237      0.00000000      0.99986079      0.45563160      0.50629132      0.50629132      0.48853967      0.99918377      8.00000000    -10.00000000
     55.55183946     -0.00000000     -0.00000000      0.00000000      0.00000000      0.00028606     -6.97750818      0.00000182   1223.87181038      0.01209167      0.00000000      0.99986079      0.45581113      0.50625561      0.50625561      0.48868611      0.99918359      8.00000000    -10.00000000
     55.81939799     -0.00000000     -0.00000000      0.00000000      0.00000000      0.00027805     -7.01122068      0.00000179   1223.41450668      0.01221336      0.00000000      0.99986079      0.45599613      0.50622015      0.50622015      0.48872985      0.99918328      8.00000000    -10.00000000
     56.08695652     -0.00000000     -0.00000000      0.00000000      0.00000000      0.00027027     -7.04493457      0.00000176   1222.78271973      0.01233747      0.00000000      0.99986079      0.45616594      0.50618516      0.50618516      0.48878159      0.99918286      8.00000000    -10.00000000
     56.35451505     -0.00000000     -0.00000000      0.00000000      0.00000000      0.00026272     -7.07864986      0.00000172   1221.97931874      0.01246403      0.00000000      0.99986079      0.45634139      0.50615057      0.50615057      0.48882824      0.99918232      8.00000000    -10.00000000
     56.62207358     -0.00000000     -0.00000000      0.00000000      0.00000000      0.00025538     -7.11219762      0.00000193   1069.43319547      0.01437724      0.00000000      0.99986079      0.45651581      0.50611635      0.50611635      0.48887575      0.99906580      8.00000000    -10.00000000
     56.88963211     -0.00000000     -0.00000000      0.00000000      0.00000000      0.00024829     -7.14608466      0.00000166   1219.86933732      0.01272461      0.00000000      0.99986079      0.45668909      0.50608232      0.50608232      0.48892227      0.99918091      8.00000000    -10.00000000
     57.15719064     -0.00000000     -0.00000000      0.00000000      0.00000000      0.00024139     -7.17980418      0.00000163   1218.56881926      0.01285869      0.00000000      0.99986079      0.45686153      0.50604906      0.50604906      0.48896853      0.99918004      8.00000000    -10.00000000
     57.42474916     -0.00000000     -0.00000000      0.00000000      0.00000000      0.00023469     -7.21352514      0.00000161   1217.10856404      0.01299533      0.00000000      0.99986079      0.45703245      0.50601597      0.50601597      0.48901368      0.99917906      8.00000000    -10.00000000
     57.69230769     -0.00000000     -0.00000000      0.00000000      0.00000000      0.00022819     -7.24724753      0.00000158   1215.49170160      0.01313457      0.00000000      0.99986079      0.45720206      0.50598324      0.50598324      0.48906061      0.99917796      8.00000000    -10.00000000
     57.95986622     -0.00000000     -0.00000000      0.00000000      0.00000000      0.00022188     -7.28097137      0.00000155   1213.72135157      0.01327643      0.00000000      0.99986079      0.45737078      0.50595087      0.50595087      0.48910508      0.99917677      8.00000000    -10.00000000
     58.22742475     -0.00000000     -0.00000000      0.00000000      0.00000000      0.00021576     -7.31469668      0.00000152   1211.80060397      0.01342094      0.00000000      0.99986079      0.45753989      0.50591885      0.50591885      0.48915003      0.99917546      8.00000000    -10.00000000
     58.49498328     -0.00000000     -0.00000000      0.00000000      0.00000000      0.00020981     -7.34842346      0.00000150   1209.73267502      0.01356814      0.00000000      0.99986079      0.45770488      0.50588718      0.50588718      0.48919468      0.99917405      8.00000000    -10.00000000
     58.76254181     -0.00000000     -0.00000000      0.00000000      0.00000000      0.00020404     -7.38215173      0.00000147   1207.52095027      0.01371806      0.00000000      0.99986079      0.45787010      0.50585585      0.50585585      0.48922196      0.99917254      8.00000000    -10.00000000
     59.03010033     -0.00000000     -0.00000000      0.00000000      0.00000000      0.00019843     -7.41588151      0.00000145   1205.16849518      0.01387073      0.00000000      0.99986079      0.45803465      0.50582486      0.50582486      0.48928275      0.99917093      8.00000000    -10.00000000
     59.29765886     -0.00000000     -0.00000000      0.00000000      0.00000000      0.00019299     -7.44961281      0.00000142   1202.67847124      0.01402618      0.00000000      0.99986079      0.45819778      0.50579419      0.50579419      0.48932635      0.99916921      8.00000000    -10.00000000
     59.56521739     -0.00000000     -0.00000000      0.00000000      0.00000000      0.00018771     -7.48334564      0.00000140   1200.05348602      0.01418445      0.00000000      0.99986079      0.45836000      0.50576386      0.50576386      0.48936964      0.99916740      8.00000000    -10.00000000
     59.83277592     -0.00000000     -0.00000000      0.00000000      0.00000000      0.00018258     -7.51708003      0.00000138   1197.29945813      0.01434555      0.00000000      0.99986079      0.45852064      0.50573385      0.50573385      0.48941261      0.99916548      8.00000000    -10.00000000
     60.10033445     -0.00000000     -0.00000000      0.00000000      0.00000000      0.00017761     -7.55081599      0.00000136   1194.41691528      0.01450953      0.00000000      0.99986079      0.45868096      0.50570415      0.50570415      0.48945527      0.99916347      8.00000000    -10.00000000
     60.36789298     -0.00000000     -0.00000000      0.00000000      0.00000000      0.00017277     -7.58455355      0.00000133   1191.41024397      0.01467642      0.00000000      0.99986079      0.45883987      0.50567483      0.50567483      0.48949765      0.99916136      8.00000000    -10.00000000
     60.63545151     -0.00000000     -0.00000000      0.00000000      0.00000000      0.00016808     -7.61829272      0.00000131   1188.28263290      0.01484626      0.00000000      0.99986079      0.45899660      0.50564569      0.50564569      0.48953964      0.99915916      8.00000000    -10.00000000
     60.90301003     -0.00000000     -0.00000000      0.00000000      0.00000000      0.00016353     -7.65203353      0.00000129   1185.03743976      0.01501907      0.00000000      0.99986079      0.45915458      0.50561692      0.50561692      0.48958144      0.99915686      8.00000000    -10.00000000
     61.17056856     -0.00000000     -0.00000000      0.00000000      0.00000000      0.00015910     -7.68577600      0.00000127   1181.67821812      0.01519490      0.00000000      0.99986079      0.45931040      0.50558845      0.50558845      0.48962288      0.99915446      8.00000000    -10.00000000
     61.43812709     -0.00000000     -0.00000000      0.00000000      0.00000000      0.00015481     -7.71952015      0.00000125   1178.20826233      0.01537376      0.00000000      0.99986079      0.45946482      0.50556027      0.50556027      0.48966401      0.99915197      8.00000000    -10.00000000
     61.70568562     -0.00000000     -0.00000000      0.00000000      0.00000000      0.00015064     -7.75326602      0.00000123   1174.63096277      0.01555570      0.00000000      0.99986079      0.45961885      0.50553239      0.50553239      0.48970491      0.99914939      8.00000000    -10.00000000
     61.97324415     -0.00000000     -0.00000000      0.00000000      0.00000000      0.00014659     -7.78701362      0.00000121   1170.94980293      0.01574074      0.00000000      0.99986079      0.45977157      0.50550479      0.50550479      0.48974598      0.99914672      8.00000000    -10.00000000
     62.24080268     -0.00000000     -0.00000000      0.00000000      0.00000000      0.00014265     -7.82076299      0.00000120   1167.16791492      0.01592892      0.00000000      0.99986079      0.45988249      0.50547747      0.50547747      0.48978543      0.99914396      8.00000000    -10.00000000
     62.50836120     -0.00000000     -0.00000000      0.00000000      0.00000000      0.00013884     -7.85451416      0.00000118   1163.28896746      0.01612028      0.00000000      0.99986079      0.46007404      0.50545044      0.50545044      0.48982504      0.99914111      8.00000000    -10.00000000
     62.77591973     -0.00000000     -0.00000000      0.00000000      0.00000000      0.00013513     -7.88826715      0.00000116   1159.31626843      0.01631484      0.00000000      0.99986079      0.46022549      0.50542366      0.50542366      0.48986547      0.99913817      8.00000000    -10.00000000
     63.04347826     -0.00000000     -0.00000000      0.00000000      0.00000000      0.00013153     -7.92202200      0.00000114   1155.25321768      0.01651264      0.00000000      0.99986079      0.46037241      0.50539718      0.50539718      0.48989759      0.99913514      8.00000000    -10.00000000
     63.31103679     -0.00000000     -0.00000000      0.00000000      0.00000000      0.00012803     -7.95577875      0.00000113   1151.10321102      0.01671370      0.00000000      0.99986079      0.46052016      0.50537095      0.50537095      0.48994405      0.99913202      8.00000000    -10.00000000
     63.57859532     -0.00000000     -0.00000000      0.00000000      0.00000000      0.00012463     -7.98953742      0.00000111   1146.86875258      0.01691808      0.00000000      0.99986079      0.46066673      0.50534499      0.50534499      0.48998500      0.99912882      8.00000000    -10.00000000
     63.84615385     -0.00000000     -0.00000000      0.00000000      0.00000000      0.00012134     -8.02329806      0.00000109   1142.55500731      0.01712578      0.00000000      0.99986079      0.46081264      0.50531936      0.50531936      0.49002180      0.99912553      8.00000000    -10.00000000
     64.11371237     -0.00000000     -0.00000000      0.00000000      0.00000000      0.00011813     -8.05706071      0.00000108   1138.16443000      0.01733683      0.00000000      0.99986079      0.46095757      0.50529384      0.50529384      0.49005985      0.99912216      8.00000000    -10.00000000
     64.38127090     -0.00000000     -0.00000000      0.00000000      0.00000000      0.00011502     -8.09082541      0.00000106   1133.70048532      0.01755128      0.00000000      0.99986079      0.46110148      0.50526864      0.50526864      0.49009793      0.99911871      8.00000000    -10.00000000
     64.64882943     -0.00000000     -0.00000000      0.00000000      0.00000000      0.00011200     -8.12459219      0.00000105   1129.16643963      0.01776915      0.00000000      0.99986079      0.46121834      0.50524369      0.50524369      0.49013570      0.99911517      8.00000000    -10.00000000
     64.91638796     -0.00000000     -0.00000000      0.00000000      0.00000000      0.00010906     -8.15836110      0.00000103   1124.56567493      0.01799047      0.00000000      0.99986079      0.46138641      0.50521899      0.50521899      0.49017324      0.99911156      8.00000000    -10.00000000
     65.18394649     -0.00000000     -0.00000000      0.00000000      0.00000000      0.00010621     -8.19213219      0.00000102   1119.90134357      0.01821527      0.00000000      0.99986079      0.46152757      0.50519452      0.50519452      0.49021054      0.99910786      8.00000000    -10.00000000
     65.45150502     -0.00000000     -0.00000000      0.00000000      0.00000000      0.00010344     -8.22590551      0.00000100   1115.17718223      0.01844357      0.00000000      0.99986079      0.46166793      0.50517030      0.50517030      0.49024752      0.99910408      8.00000000    -10.00000000
     65.71906355     -0.00000000     -0.00000000      0.00000000      0.00000000      0.00010075     -8.25968110      0.00000099   1110.39612583      0.01867541      0.00000000      0.99986079      0.46180715      0.50514630      0.50514630      0.49028323      0.99910023      8.00000000    -10.00000000
     65.98662207     -0.00000000     -0.00000000      0.00000000      0.00000000      0.00009814     -8.29345902      0.00000098   1105.56165326      0.01891080      0.00000000      0.99986079      0.46194533      0.50512254      0.50512254      0.49032110      0.99909630      8.00000000    -10.00000000
     66.25418060     -0.00000000     -0.00000000      0.00000000      0.00000000      0.00009560     -8.32723931      0.00000096   1100.67689515      0.01914978      0.00000000      0.99986079      0.46208281      0.50509901      0.50509901      0.49035698      0.99909229      8.00000000    -10.00000000
     66.52173913     -0.00000000     -0.00000000      0.00000000      0.00000000      0.00009314     -8.36102205      0.00000095   1095.74514206      0.01939236      0.00000000      0.99986079      0.46221931      0.50507570      0.50507570      0.49039298      0.99908821      8.00000000    -10.00000000
     66.78929766     -0.00000000     -0.00000000      0.00000000      0.00000000      0.00009074     -8.39480728      0.00000094   1090.76988992      0.01963857      0.00000000      0.99986079      0.46235430      0.50505262      0.50505262      0.49042831      0.99908406      8.00000000    -10.00000000
     67.05685619     -0.00000000     -0.00000000      0.00000000      0.00000000      0.00008842     -8.42859507      0.00000093   1085.75417857      0.01988842      0.00000000      0.99986079      0.46248971      0.50502975      0.50502975      0.49046422      0.99907983      8.00000000    -10.00000000
     67.32441472     -0.00000000     -0.00000000      0.00000000      0.00000000      0.00008616     -8.46238547      0.00000091   1080.70126358      0.02014195      0.00000000      0.99986079      0.46255291      0.50500709      0.50500709      0.49049802      0.99907553      8.00000000    -10.00000000
     67.59197324     -0.00000000     -0.00000000      0.00000000      0.00000000      0.00008396     -8.49617856      0.00000090   1075.61419800      0.02039916      0.00000000      0.99986079      0.46275675      0.50498466      0.50498466      0.49053450      0.99907116      8.00000000    -10.00000000
     67.85953177     -0.00000000     -0.00000000      0.00000000      0.00000000      0.00008183     -8.52997441      0.00000089   1070.49614855      0.02066007      0.00000000      0.99986079      0.46288802      0.50496243      0.50496243      0.49056927      0.99906673      8.00000000    -10.00000000
     68.12709030     -0.00000000     -0.00000000      0.00000000      0.00000000      0.00007976     -8.56377308      0.00000088   1065.35042506      0.02092470      0.00000000      0.99986079      0.46302081      0.50494041      0.50494041      0.49060343      0.99906222      8.00000000    -10.00000000
     68.39464883     -0.00000000     -0.00000000      0.00000000      0.00000000      0.00007774     -8.59757465      0.00000087   1060.18000585      0.02119307      0.00000000      0.99986079      0.46315051      0.50491860      0.50491860      0.49063880      0.99905765      8.00000000    -10.00000000
     68.66220736     -0.00000000     -0.00000000      0.00000000      0.00000000      0.00007579     -8.63137920      0.00000086   1054.98807408      0.02146517      0.00000000      0.99986079      0.46328063      0.50489697      0.50489697      0.49067068      0.99905302      8.00000000    -10.00000000
     68.92976589     -0.00000000     -0.00000000      0.00000000      0.00000000      0.00007389     -8.66518681      0.00000085   1049.77768671      0.02174103      0.00000000      0.99986079      0.46340942      0.50487555      0.50487555      0.49070625      0.99904832      8.00000000    -10.00000000
     69.19732441     -0.00000000     -0.00000000      0.00000000      0.00000000      0.00007204     -8.69899756      0.00000084   1044.55191449      0.02202064      0.00000000      0.99986079      0.46353729      0.50485433      0.50485433      0.49073959      0.99904357      8.00000000    -10.00000000
     69.46488294     -0.00000000     -0.00000000      0.00000000      0.00000000      0.00007025     -8.73281153      0.00000082   1039.31378616      0.02230401      0.00000000      0.99986079      0.46366293      0.50483331      0.50483331      0.49077297      0.99903875      8.00000000    -10.00000000
     69.73244147     -0.00000000     -0.00000000      0.00000000      0.00000000      0.00006850     -8.76662883      0.00000081   1034.06630797      0.02259115      0.00000000      0.99986079      0.46379118      0.50481246      0.50481246      0.49080645      0.99903388      8.00000000    -10.00000000
     70.00000000     -0.00000000     -0.00000000      0.00000000      0.00000000      0.00006681     -8.80044954      0.00000080   1028.81251130      0.02288205      0.00000000      0.99986079      0.46393403      0.50479181      0.50479181      0.49083886      0.99902895      8.00000000    -10.00000000
