    -10.00000000     -0.00000000     -0.00000000      0.00000000      0.00000000      0.03380425      0.00000086      0.00796808      0.00000000      0.42145862      0.00000000      0.99986405      0.50001211      0.50001456      0.50001456      0.49999850      0.00000000      8.50000000    -10.00000000
     -9.73244147     -0.00000000     -0.00000000      0.00000000      0.00000000      0.03368441     -0.00404236      0.00795463      0.00001176      0.42224409      0.00000000      0.99986405      0.49963967      0.50009673      0.50009673      0.50009025      0.00001176      8.50000000    -10.00000000
     -9.46488294     -0.00000000     -0.00000000      0.00000000      0.00000000      0.03369830     -0.00810967      0.00794369      0.00004743      0.42148968      0.00000000      0.99986405      0.50071161      0.50019704      0.50019704      0.50003367      0.00004743      8.50000000    -10.00000000
     -9.19732441     -0.00000000     -0.00000000      0.00000000      0.00000000      0.03371721     -0.01223480      0.00792551      0.00010826      0.42028934      0.00000000      0.99986405      0.49950603      0.50029651      0.50029651      0.49979845      0.00010825      8.50000000    -10.00000000
     -8.92976589     -0.00000000     -0.00000000      0.00000000      0.00000000      0.03373953     -0.01645065      0.00790013      0.00019648      0.41866628      0.00000000      0.99986405      0.49866563      0.50039706      0.50039706      0.49957924      0.00019644      8.50000000    -10.00000000
     -8.66220736     -0.00000000     -0.00000000      0.00000000      0.00000000      0.03376555     -0.02079256      0.00786761      0.00031543      0.41662129      0.00000000      0.99986405      0.49800340      0.50049883      0.50049883      0.49940093      0.00031533      8.50000000    -10.00000000
     -8.39464883     -0.00000000     -0.00000000      0.00000000      0.00000000      0.03379552     -0.02529663      0.00782801      0.00046966      0.41415695      0.00000000      0.99986405      0.49738682      0.50060435      0.50060435      0.49923065      0.00046944      8.50000000    -10.00000000
     -8.12709030     -0.00000000     -0.00000000      0.00000000      0.00000000      0.03382949     -0.02999775      0.00778146      0.00066506      0.41128044      0.00000000      0.99986405      0.49681440      0.50070790      0.50070790      0.49906631      0.00066462      8.50000000    -10.00000000
     -7.85953177     -0.00000000     -0.00000000      0.00000000      0.00000000      0.03386739     -0.03492828      0.00772809      0.00090889      0.40800258      0.00000000      0.99986405      0.49620517      0.50081307      0.50081307      0.49890358      0.00090807      8.50000000    -10.00000000
     -7.59197324     -0.00000000     -0.00000000      0.00000000      0.00000000      0.03390909     -0.04011786      0.00766809      0.00120991      0.40433696      0.00000000      0.99986405      0.49555828      0.50092068      0.50092068      0.49874642      0.00120845      8.50000000    -10.00000000
     -7.32441472     -0.00000000     -0.00000000      0.00000000      0.00000000      0.03395442     -0.04559381      0.00760166      0.00157851      0.40029942      0.00000000      0.99986405      0.49471349      0.50103147      0.50103147      0.49857764      0.00157603      8.50000000    -10.00000000
     -7.05685619     -0.00000000     -0.00000000      0.00000000      0.00000000      0.03400319     -0.05138162      0.00752906      0.00202695      0.39590756      0.00000000      0.99986405      0.49409551      0.50114495      0.50114495      0.49841547      0.00202285      8.50000000    -10.00000000
     -6.78929766     -0.00000000     -0.00000000      0.00000000      0.00000000      0.03405517     -0.05750533      0.00745054      0.00256957      0.39118043      0.00000000      0.99986405      0.49383510      0.50126286      0.50126286      0.49825217      0.00256299      8.50000000    -10.00000000
     -6.52173913     -0.00000000     -0.00000000      0.00000000      0.00000000      0.03411061     -0.06399959      0.00736641      0.00322431      0.38613483      0.00000000      0.99986405      0.49345837      0.50138226      0.50138226      0.49806634      0.00321395      8.50000000    -10.00000000
     -6.25418060     -0.00000000     -0.00000000      0.00000000      0.00000000      0.03416757     -0.07084936      0.00727681      0.00400677      0.38080210      0.00000000      0.99986405      0.49320742      0.50150672      0.50150672      0.49791267      0.00399078      8.50000000    -10.00000000
     -5.98662207     -0.00000000     -0.00000000      0.00000000      0.00000000      0.03422738     -0.07811095      0.00718218      0.00494299      0.37519365      0.00000000      0.99986405      0.49282891      0.50163437      0.50163437      0.49773584      0.00491868      8.50000000    -10.00000000
     -5.71906355     -0.00000000     -0.00000000      0.00000000      0.00000000      0.03428911     -0.08579031      0.00708279      0.00605728      0.36933516      0.00000000      0.99986405      0.49242931      0.50176313      0.50176313      0.49752187      0.00602081      8.50000000    -10.00000000
     -5.45150502     -0.00000000     -0.00000000      0.00000000      0.00000000      0.03435239     -0.09390409      0.00697893      0.00737880      0.36324910      0.00000000      0.99986405      0.49198669      0.50189648      0.50189648      0.49722985      0.00732476      8.50000000    -10.00000000
     -5.18394649     -0.00000000     -0.00000000      0.00000000      0.00000000      0.03441683     -0.10246728      0.00687093      0.00894077      0.35695801      0.00000000      0.99986405      0.49147132      0.50203546      0.50203546      0.49714653      0.00886154      8.50000000    -10.00000000
     -4.91638796     -0.00000000     -0.00000000      0.00000000      0.00000000      0.03448203     -0.11149317      0.00675910      0.01078076      0.35048432      0.00000000      0.99986405      0.49107955      0.50217769      0.50217769      0.49705037      0.01066578      8.50000000    -10.00000000
     -4.64882943     -0.00000000     -0.00000000      0.00000000      0.00000000      0.03454756     -0.12099333      0.00664376      0.01294121      0.34385025      0.00000000      0.99986405      0.49059927      0.50232454      0.50232454      0.49694271      0.01277588      8.50000000    -10.00000000
     -4.38127090     -0.00000000     -0.00000000      0.00000000      0.00000000      0.03461302     -0.13097766      0.00652524      0.01546985      0.33707761      0.00000000      0.99986405      0.49026466      0.50247586      0.50247586      0.49682719      0.01523418      8.50000000    -10.00000000
     -4.11371237     -0.00000000     -0.00000000      0.00000000      0.00000000      0.03467795     -0.14145436      0.00640386      0.01842015      0.33018774      0.00000000      0.99986405      0.48957939      0.50263170      0.50263170      0.49670017      0.01808699      8.50000000    -10.00000000
     -3.84615385     -0.00000000     -0.00000000      0.00000000      0.00000000      0.03474194     -0.15242997      0.00627993      0.02185189      0.32320137      0.00000000      0.99986405      0.48904862      0.50279150      0.50279150      0.49656808      0.02138460      8.50000000    -10.00000000
     -3.57859532     -0.00000000     -0.00000000      0.00000000      0.00000000      0.03480453     -0.16390948      0.00615376      0.02583165      0.31613861      0.00000000      0.99986405      0.48850340      0.50295701      0.50295701      0.49642779      0.02518118      8.50000000    -10.00000000
     -3.31103679     -0.00000000     -0.00000000      0.00000000      0.00000000      0.03486528     -0.17589632      0.00602567      0.03043337      0.30901886      0.00000000      0.99986405      0.48794700      0.50312637      0.50312637      0.49628169      0.02953453      8.50000000    -10.00000000
     -3.04347826     -0.00000000     -0.00000000      0.00000000      0.00000000      0.03492370     -0.18839248      0.00589596      0.03573897      0.30186075      0.00000000      0.99986405      0.48738034      0.50330212      0.50330212      0.49613463      0.03450576      8.50000000    -10.00000000
     -2.77591973     -0.00000000     -0.00000000      0.00000000      0.00000000      0.03497933     -0.20139858      0.00576491      0.04183893      0.29468207      0.00000000      0.99986405      0.48680572      0.50348010      0.50348010      0.49597407      0.04015873      8.50000000    -10.00000000
     -2.50836120     -0.00000000     -0.00000000      0.00000000      0.00000000      0.03503168     -0.21491398      0.00563282      0.04883299      0.28749975      0.00000000      0.99986405      0.48623120      0.50366398      0.50366398      0.49581263      0.04655936      8.50000000    -10.00000000
     -2.24080268     -0.00000000     -0.00000000      0.00000000      0.00000000      0.03508025     -0.22893682      0.00549996      0.05683078      0.28032976      0.00000000      0.99986405      0.48548704      0.50385187      0.50385187      0.49564832      0.05377472      8.50000000    -10.00000000
     -1.97324415     -0.00000000     -0.00000000      0.00000000      0.00000000      0.03512456     -0.24346417      0.00536659      0.06595253      0.27318707      0.00000000      0.99986405      0.48510990      0.50404467      0.50404467      0.49547894      0.06187192      8.50000000    -10.00000000
     -1.70568562     -0.00000000     -0.00000000      0.00000000      0.00000000      0.03516412     -0.25849202      0.00523297      0.07632983      0.26608566      0.00000000      0.99986405      0.48442085      0.50424102      0.50424102      0.49527474      0.07091677      8.50000000    -10.00000000
     -1.43812709     -0.00000000     -0.00000000      0.00000000      0.00000000      0.03519844     -0.27401545      0.00509935      0.08810639      0.25903843      0.00000000      0.99986405      0.48372495      0.50444350      0.50444350      0.49513186      0.08097222      8.50000000    -10.00000000
     -1.17056856     -0.00000000     -0.00000000      0.00000000      0.00000000      0.03522705     -0.29002866      0.00496596      0.10143882      0.25205724      0.00000000      0.99986405      0.48302568      0.50464880      0.50464880      0.49495404      0.09209664      8.50000000    -10.00000000
     -0.90301003     -0.00000000     -0.00000000      0.00000000      0.00000000      0.03524948     -0.30652507      0.00483300      0.11649746      0.24515291      0.00000000      0.99986405      0.48232347      0.50485747      0.50485747      0.49477568      0.10434189      8.50000000    -10.00000000
     -0.63545151     -0.00000000     -0.00000000      0.00000000      0.00000000      0.03526530     -0.32349735      0.00470071      0.13346724      0.23833525      0.00000000      0.99986405      0.48161926      0.50507206      0.50507206      0.49450708      0.11775130      8.50000000    -10.00000000
     -0.36789298     -0.00000000     -0.00000000      0.00000000      0.00000000      0.03527407     -0.34093755      0.00456926      0.15254858      0.23161305      0.00000000      0.99986405      0.48090213      0.50528939      0.50528939      0.49441161      0.13235761      8.50000000    -10.00000000
     -0.10033445     -0.00000000     -0.00000000      0.00000000      0.00000000      0.03527537     -0.35883713      0.00443885      0.17395826      0.22499415      0.00000000      0.99986405      0.48000888      0.50551043      0.50551043      0.49423296      0.14818096      8.50000000    -10.00000000
      0.16722408     -0.00000000     -0.00000000      0.00000000      0.00000000      0.03526883     -0.37718703      0.00430964      0.19793039      0.21848546      0.00000000      0.99986405      0.47944703      0.50573384      0.50573384      0.49406183      0.16522695      8.50000000    -10.00000000
      0.43478261     -0.00000000     -0.00000000      0.00000000      0.00000000      0.03525406     -0.39597768      0.00418180      0.22471733      0.21209301      0.00000000      0.99986405      0.47871167      0.50596221      0.50596221      0.49385389      0.18348506      8.50000000    -10.00000000
      0.70234114     -0.00000000     -0.00000000      0.00000000      0.00000000      0.03523072     -0.41519908      0.00405547      0.25459065      0.20582202      0.00000000      0.99986405      0.47796764      0.50619282      0.50619282      0.49362429      0.20292727      8.50000000    -10.00000000
      0.96989967     -0.00000000     -0.00000000      0.00000000      0.00000000      0.03519850     -0.43484080      0.00393079      0.28784208      0.19967689      0.00000000      0.99986405      0.47721665      0.50642551      0.50642551      0.49341797      0.22350728      8.50000000    -10.00000000
      1.23745819     -0.00000000     -0.00000000      0.00000000      0.00000000      0.03515711     -0.45489194      0.00380788      0.32478434      0.19366133      0.00000000      0.99986405      0.47645778      0.50666099      0.50666099      0.49320717      0.24516016      8.50000000    -10.00000000
      1.50501672     -0.00000000     -0.00000000      0.00000000      0.00000000      0.03510630     -0.47534119      0.00368687      0.36575210      0.18777838      0.00000000      0.99986405      0.47579490      0.50689984      0.50689984      0.49299368      0.26780270      8.50000000    -10.00000000
      1.77257525     -0.00000000     -0.00000000      0.00000000      0.00000000      0.03504586     -0.49617676      0.00356786      0.41110262      0.18203048      0.00000000      0.99986405      0.47492737      0.50713801      0.50713801      0.49277349      0.29133432      8.50000000    -10.00000000
      2.04013378     -0.00000000     -0.00000000      0.00000000      0.00000000      0.03497560     -0.51738644      0.00345096      0.46121657      0.17641954      0.00000000      0.99986405      0.47415374      0.50737895      0.50737895      0.49255412      0.31563875      8.50000000    -10.00000000
      2.30769231     -0.00000000     -0.00000000      0.00000000      0.00000000      0.03489539     -0.53895773      0.00333624      0.51649874      0.17094707      0.00000000      0.99986405      0.47337323      0.50762148      0.50762148      0.49233286      0.34058633      8.50000000    -10.00000000
      2.57525084     -0.00000000     -0.00000000      0.00000000      0.00000000      0.03480508     -0.56087817      0.00322380      0.57737914      0.16561417      0.00000000      0.99986405      0.47259281      0.50786477      0.50786477      0.49211145      0.36603701      8.50000000    -10.00000000
      2.84280936     -0.00000000     -0.00000000      0.00000000      0.00000000      0.03470453     -0.58313586      0.00311370      0.64431474      0.16042164      0.00000000      0.99986405      0.47180700      0.50810876      0.50810876      0.49188878      0.39184392      8.50000000    -10.00000000
      3.11036789     -0.00000000     -0.00000000      0.00000000      0.00000000      0.03459356     -0.60572019      0.00300600      0.71779211      0.15536992      0.00000000      0.99986405      0.47105267      0.50836902      0.50836902      0.49166609      0.41785738      8.50000000    -10.00000000
      3.37792642     -0.00000000     -0.00000000      0.00000000      0.00000000      0.03447195     -0.62862225      0.00290076      0.79833078      0.15045899      0.00000000      0.99986405      0.47022714      0.50859791      0.50859791      0.49150526      0.44392877      8.50000000    -10.00000000
      3.64548495     -0.00000000     -0.00000000      0.00000000      0.00000000      0.03433944     -0.65183464      0.00279798      0.88648600      0.14568824      0.00000000      0.99986405      0.46943541      0.50884239      0.50884239      0.49121934      0.46991390      8.50000000    -10.00000000
      3.91304348     -0.00000000     -0.00000000      0.00000000      0.00000000      0.03419582     -0.67535059      0.00269770      0.98285013      0.14105640      0.00000000      0.99986405      0.46864088      0.50908572      0.50908572      0.49099609      0.49567545      8.50000000    -10.00000000
      4.18060201     -0.00000000     -0.00000000      0.00000000      0.00000000      0.03404098     -0.69916298      0.00259991      1.08805249      0.13656157      0.00000000      0.99986405      0.46784620      0.50932968      0.50932968      0.49077301      0.52108484      8.50000000    -10.00000000
      4.44816054     -0.00000000     -0.00000000      0.00000000      0.00000000      0.03387486     -0.72326376      0.00250462      1.20275915      0.13220146      0.00000000      0.99986405      0.46705380      0.50957332      0.50957332      0.49055001      0.54602390      8.50000000    -10.00000000
      4.71571906     -0.00000000     -0.00000000      0.00000000      0.00000000      0.03369752     -0.74764411      0.00241182      1.32767354      0.12797350      0.00000000      0.99986405      0.46626154      0.50981499      0.50981499      0.49032827      0.57038649      8.50000000    -10.00000000
      4.98327759     -0.00000000     -0.00000000      0.00000000      0.00000000      0.03350904     -0.77229468      0.00232152      1.46353786      0.12387499      0.00000000      0.99986405      0.46534396      0.51005194      0.51005194      0.49010728      0.59407971      8.50000000    -10.00000000
      5.25083612     -0.00000000     -0.00000000      0.00000000      0.00000000      0.03330956     -0.79720597      0.00223371      1.61113475      0.11990319      0.00000000      0.99986405      0.46466977      0.51028710      0.51028710      0.48988676      0.61702474      8.50000000    -10.00000000
      5.51839465     -0.00000000     -0.00000000      0.00000000      0.00000000      0.03309924     -0.82236850      0.00214838      1.77128900      0.11605531      0.00000000      0.99986405      0.46387088      0.51052200      0.51052200      0.48966794      0.63915708      8.50000000    -10.00000000
      5.78595318     -0.00000000     -0.00000000      0.00000000      0.00000000      0.03287825     -0.84777294      0.00206551      1.94486913      0.11232857      0.00000000      0.99986405      0.46306046      0.51075384      0.51075384      0.48945088      0.66042634      8.50000000    -10.00000000
      6.05351171     -0.00000000     -0.00000000      0.00000000      0.00000000      0.03264678     -0.87341017      0.00198508      2.13278902      0.10872016      0.00000000      0.99986405      0.46229171      0.51097329      0.51097329      0.48923500      0.68079561      8.50000000    -10.00000000
      6.32107023     -0.00000000     -0.00000000      0.00000000      0.00000000      0.03240506     -0.89927132      0.00190708      2.33600948      0.10522729      0.00000000      0.99986405      0.46155401      0.51120276      0.51120276      0.48902136      0.70024066      8.50000000    -10.00000000
      6.58862876     -0.00000000     -0.00000000      0.00000000      0.00000000      0.03215331     -0.92534780      0.00183148      2.55554007      0.10184713      0.00000000      0.99986405      0.46080517      0.51142364      0.51142364      0.48880849      0.71874878      8.50000000    -10.00000000
      6.85618729     -0.00000000     -0.00000000      0.00000000      0.00000000      0.03189178     -0.95163129      0.00175825      2.79244063      0.09857686      0.00000000      0.99986405      0.46005738      0.51164103      0.51164103      0.48856931      0.73631756      8.50000000    -10.00000000
      7.12374582     -0.00000000     -0.00000000      0.00000000      0.00000000      0.03162073     -0.97811376      0.00168737      3.04782322      0.09541364      0.00000000      0.99986405      0.45931449      0.51185414      0.51185414      0.48857896      0.75295364      8.50000000    -10.00000000
      7.39130435     -0.00000000     -0.00000000      0.00000000      0.00000000      0.03134046     -1.00478749      0.00161879      3.32285362      0.09235464      0.00000000      0.99986405      0.45850428      0.51206322      0.51206322      0.48818841      0.76867132      8.50000000    -10.00000000
      7.65886288     -0.00000000     -0.00000000      0.00000000      0.00000000      0.03105125     -1.03164501      0.00155249      3.61875310      0.08939704      0.00000000      0.99986405      0.45784803      0.51226696      0.51226696      0.48798665      0.78349135      8.50000000    -10.00000000
      7.92642140     -0.00000000     -0.00000000      0.00000000      0.00000000      0.03075342     -1.05867915      0.00148843      3.93680007      0.08653800      0.00000000      0.99986405      0.45712980      0.51246776      0.51246776      0.48778777      0.79743964      8.50000000    -10.00000000
      8.19397993     -0.00000000     -0.00000000      0.00000000      0.00000000      0.03044730     -1.08588299      0.00142656      4.27833166      0.08377475      0.00000000      0.99986405      0.45641639      0.51266318      0.51266318      0.48759225      0.81054620      8.50000000    -10.00000000
      8.46153846     -0.00000000     -0.00000000      0.00000000      0.00000000      0.03013322     -1.11324989      0.00136684      4.64474532      0.08110450      0.00000000      0.99986405      0.45571323      0.51285389      0.51285389      0.48739954      0.82284409      8.50000000    -10.00000000
      8.72909699     -0.00000000     -0.00000000      0.00000000      0.00000000      0.02981153     -1.14077346      0.00130923      5.03750023      0.07852451      0.00000000      0.99986405      0.45501969      0.51303749      0.51303749      0.48721456      0.83436854      8.50000000    -10.00000000
      8.99665552     -0.00000000     -0.00000000      0.00000000      0.00000000      0.02948261     -1.16844752      0.00125369      5.45811902      0.07603209      0.00000000      0.99986405      0.45433799      0.51321578      0.51321578      0.48702477      0.84515615      8.50000000    -10.00000000
      9.26421405     -0.00000000     -0.00000000      0.00000000      0.00000000      0.02914681     -1.19626619      0.00120017      5.90818905      0.07362457      0.00000000      0.99986405      0.45366530      0.51338842      0.51338842      0.48684284      0.85524426      8.50000000    -10.00000000
      9.53177258     -0.00000000     -0.00000000      0.00000000      0.00000000      0.02880452     -1.22422376      0.00114861      6.38936372      0.07129934      0.00000000      0.99986405      0.45328696      0.51355538      0.51355538      0.48666454      0.86467035      8.50000000    -10.00000000
      9.79933110     -0.00000000     -0.00000000      0.00000000      0.00000000      0.02845613     -1.25231478      0.00109898      6.90336391      0.06905383      0.00000000      0.99986405      0.45235729      0.51371667      0.51371667      0.48641657      0.87347160      8.50000000    -10.00000000
     10.06688963     -0.00000000     -0.00000000      0.00000000      0.00000000      0.02810202     -1.28053402      0.00105123      7.45197923      0.06688552      0.00000000      0.99986405      0.45172224      0.51387158      0.51387158      0.48631902      0.88168452      8.50000000    -10.00000000
     10.33444816     -0.00000000     -0.00000000      0.00000000      0.00000000      0.02774259     -1.30887644      0.00100530      8.03707066      0.06479195      0.00000000      0.99986405      0.45109946      0.51402063      0.51402063      0.48615374      0.88934467      8.50000000    -10.00000000
     10.60200669     -0.00000000     -0.00000000      0.00000000      0.00000000      0.02737824     -1.33733722      0.00096115      8.66056264      0.06277074      0.00000000      0.99986405      0.45054578      0.51416367      0.51416367      0.48599162      0.89648636      8.50000000    -10.00000000
     10.86956522     -0.00000000     -0.00000000      0.00000000      0.00000000      0.02700936     -1.36591173      0.00091872      9.32446269      0.06081952      0.00000000      0.99986405      0.44988609      0.51430020      0.51430020      0.48583368      0.90314266      8.50000000    -10.00000000
     11.13712375     -0.00000000     -0.00000000      0.00000000      0.00000000      0.02663637     -1.39459553      0.00087798     10.03084321      0.05893599      0.00000000      0.99986405      0.44931290      0.51443054      0.51443054      0.48568006      0.90934510      8.50000000    -10.00000000
     11.40468227     -0.00000000     -0.00000000      0.00000000      0.00000000      0.02625965     -1.42338437      0.00083886     10.78185232      0.05711794      0.00000000      0.99986405      0.44874358      0.51455461      0.51455461      0.48553117      0.91512370      8.50000000    -10.00000000
     11.67224080     -0.00000000     -0.00000000      0.00000000      0.00000000      0.02587961     -1.45227418      0.00080132     11.57971139      0.05536318      0.00000000      0.99986405      0.44819081      0.51467224      0.51467224      0.48538582      0.92050692      8.50000000    -10.00000000
     11.93979933     -0.00000000     -0.00000000      0.00000000      0.00000000      0.02549665     -1.48126106      0.00076531     12.42671782      0.05366959      0.00000000      0.99986405      0.44763946      0.51478355      0.51478355      0.48525129      0.92552163      8.50000000    -10.00000000
     12.20735786     -0.00000000     -0.00000000      0.00000000      0.00000000      0.02511115     -1.51034127      0.00073079     13.32523860      0.05203514      0.00000000      0.99986405      0.44712672      0.51488838      0.51488838      0.48511064      0.93019313      8.50000000    -10.00000000
     12.47491639     -0.00000000     -0.00000000      0.00000000      0.00000000      0.02472351     -1.53951124      0.00069770     14.27772402      0.05045779      0.00000000      0.99986405      0.44661501      0.51498689      0.51498689      0.48497957      0.93454522      8.50000000    -10.00000000
     12.74247492     -0.00000000     -0.00000000      0.00000000      0.00000000      0.02433410     -1.56876754      0.00066599     15.28669185      0.04893563      0.00000000      0.99986405      0.44611669      0.51507902      0.51507902      0.48485263      0.93860018      8.50000000    -10.00000000
     13.01003344     -0.00000000     -0.00000000      0.00000000      0.00000000      0.02394330     -1.59810689      0.00063562     16.35473879      0.04746676      0.00000000      0.99986405      0.44564237      0.51516495      0.51516495      0.48484304      0.94237885      8.50000000    -10.00000000
     13.27759197     -0.00000000     -0.00000000      0.00000000      0.00000000      0.02355148     -1.62752616      0.00060655     17.48453509      0.04604934      0.00000000      0.99986405      0.44518029      0.51524468      0.51524468      0.48461417      0.94590072      8.50000000    -10.00000000
     13.54515050     -0.00000000     -0.00000000      0.00000000      0.00000000      0.02315900     -1.65702236      0.00057873     18.67882862      0.04468159      0.00000000      0.99986405      0.44473062      0.51531756      0.51531756      0.48450742      0.94918397      8.50000000    -10.00000000
     13.81270903     -0.00000000     -0.00000000      0.00000000      0.00000000      0.02276621     -1.68659327      0.00055210     19.94076224      0.04336112      0.00000000      0.99986405      0.44429728      0.51538433      0.51538433      0.48439345      0.95224625      8.50000000    -10.00000000
     14.08026756     -0.00000000     -0.00000000      0.00000000      0.00000000      0.02237345     -1.71623418      0.00052665     21.27225399      0.04208827      0.00000000      0.99986405      0.44387895      0.51544510      0.51544510      0.48429011      0.95510109      8.50000000    -10.00000000
     14.34782609     -0.00000000     -0.00000000      0.00000000      0.00000000      0.02198106     -1.74594442      0.00050231     22.67724756      0.04085940      0.00000000      0.99986405      0.44347782      0.51549995      0.51549995      0.48419158      0.95776536      8.50000000    -10.00000000
     14.61538462     -0.00000000     -0.00000000      0.00000000      0.00000000      0.02158936     -1.77572084      0.00047904     24.15845707      0.03967361      0.00000000      0.99986405      0.44320742      0.51554871      0.51554871      0.48409757      0.96025193      8.50000000    -10.00000000
     14.88294314     -0.00000000     -0.00000000      0.00000000      0.00000000      0.02119865     -1.80556102      0.00045680     25.71899420      0.03852937      0.00000000      0.99986405      0.44272392      0.51559158      0.51559158      0.48400772      0.96257344      8.50000000    -10.00000000
     15.15050167     -0.00000000     -0.00000000      0.00000000      0.00000000      0.02080925     -1.83546267      0.00043556     27.36204162      0.03742520      0.00000000      0.99986405      0.44236228      0.51562868      0.51562868      0.48392246      0.96474161      8.50000000    -10.00000000
     15.41806020     -0.00000000     -0.00000000      0.00000000      0.00000000      0.02042144     -1.86542358      0.00041527     29.09085166      0.03635968      0.00000000      0.99986405      0.44202623      0.51566007      0.51566007      0.48381398      0.96676731      8.50000000    -10.00000000
     15.68561873     -0.00000000     -0.00000000      0.00000000      0.00000000      0.02003550     -1.89544186      0.00039590     30.90896237      0.03533117      0.00000000      0.99986405      0.44169548      0.51568591      0.51568591      0.48377042      0.96866084      8.50000000    -10.00000000
     15.95317726     -0.00000000     -0.00000000      0.00000000      0.00000000      0.01965170     -1.92551502      0.00037741     32.81931424      0.03433886      0.00000000      0.99986405      0.44139075      0.51570628      0.51570628      0.48369329      0.97043110      8.50000000    -10.00000000
     16.22073579     -0.00000000     -0.00000000      0.00000000      0.00000000      0.01927028     -1.95564136      0.00035976     34.82556765      0.03338118      0.00000000      0.99986405      0.44108932      0.51572130      0.51572130      0.48364269      0.97208697      8.50000000    -10.00000000
     16.48829431     -0.00000000     -0.00000000      0.00000000      0.00000000      0.01889149     -1.98581894      0.00034293     36.93113336      0.03245698      0.00000000      0.99986405      0.44080851      0.51573109      0.51573109      0.48356293      0.97363643      8.50000000    -10.00000000
     16.75585284     -0.00000000     -0.00000000      0.00000000      0.00000000      0.01851557     -2.01604629      0.00032686     39.14004846      0.03156466      0.00000000      0.99986405      0.44054326      0.51573579      0.51573579      0.48350397      0.97508722      8.50000000    -10.00000000
     17.02341137     -0.00000000     -0.00000000      0.00000000      0.00000000      0.01814272     -2.04632127      0.00031154     41.45528919      0.03070359      0.00000000      0.99986405      0.44029104      0.51573558      0.51573558      0.48344850      0.97644581      8.50000000    -10.00000000
     17.29096990     -0.00000000     -0.00000000      0.00000000      0.00000000      0.01777315     -2.07664260      0.00029693     43.88119732      0.02987216      0.00000000      0.99986405      0.44005365      0.51573050      0.51573050      0.48339861      0.97771895      8.50000000    -10.00000000
     17.55852843     -0.00000000     -0.00000000      0.00000000      0.00000000      0.01740707     -2.10700838      0.00028300     46.42091135      0.02906969      0.00000000      0.99986405      0.43983305      0.51572075      0.51572075      0.48321808      0.97891226      8.50000000    -10.00000000
     17.82608696     -0.00000000     -0.00000000      0.00000000      0.00000000      0.01704464     -2.13741734      0.00026973     49.07877078      0.02829479      0.00000000      0.99986405      0.43944712      0.51570646      0.51570646      0.48330950      0.98003146      8.50000000    -10.00000000
     18.09364548     -0.00000000     -0.00000000      0.00000000      0.00000000      0.01668604     -2.16786781      0.00025707     51.85812582      0.02754674      0.00000000      0.99986405      0.43942574      0.51568776      0.51568776      0.48327068      0.98108143      8.50000000    -10.00000000
     18.36120401     -0.00000000     -0.00000000      0.00000000      0.00000000      0.01633143     -2.19835854      0.00024501     54.76329634      0.02682434      0.00000000      0.99986405      0.43924537      0.51566409      0.51566409      0.48323577      0.98206706      8.50000000    -10.00000000
     18.62876254     -0.00000000     -0.00000000      0.00000000      0.00000000      0.01598095     -2.22888804      0.00023352     57.79783017      0.02612682      0.00000000      0.99986405      0.43907539      0.51563776      0.51563776      0.48320365      0.98299257      8.50000000    -10.00000000
     18.89632107     -0.00000000     -0.00000000      0.00000000      0.00000000      0.01563474     -2.25945508      0.00022257     60.96593847      0.02545316      0.00000000      0.99986405      0.43891909      0.51560664      0.51560664      0.48317739      0.98386210      8.50000000    -10.00000000
     19.16387960     -0.00000000     -0.00000000      0.00000000      0.00000000      0.01529292     -2.29005832      0.00021214     64.27134388      0.02480260      0.00000000      0.99986405      0.43877766      0.51557185      0.51557185      0.48315352      0.98467934      8.50000000    -10.00000000
     19.43143813     -0.00000000     -0.00000000      0.00000000      0.00000000      0.01495560     -2.32069661      0.00020220     67.71824110      0.02417423      0.00000000      0.99986405      0.43864730      0.51553331      0.51553331      0.48313360      0.98544782      8.50000000    -10.00000000
     19.69899666     -0.00000000     -0.00000000      0.00000000      0.00000000      0.01462289     -2.35136875      0.00019274     71.31059918      0.02356725      0.00000000      0.99986405      0.43853057      0.51549125      0.51549125      0.48311823      0.98617077      8.50000000    -10.00000000
     19.96655518     -0.00000000     -0.00000000      0.00000000      0.00000000      0.01429489     -2.38207357      0.00018373     75.05230437      0.02298094      0.00000000      0.99986405      0.43842574      0.51544581      0.51544581      0.48310292      0.98685115      8.50000000    -10.00000000
     20.23411371     -0.00000000     -0.00000000      0.00000000      0.00000000      0.01397166     -2.41281001      0.00017515     78.94739391      0.02241455      0.00000000      0.99986405      0.43833152      0.51539713      0.51539713      0.48313042      0.98749177      8.50000000    -10.00000000
     20.50167224     -0.00000000     -0.00000000      0.00000000      0.00000000      0.01365329     -2.44357699      0.00016698     82.99981461      0.02186736      0.00000000      0.99986405      0.43827788      0.51534539      0.51534539      0.48308546      0.98809521      8.50000000    -10.00000000
     20.76923077     -0.00000000     -0.00000000      0.00000000      0.00000000      0.01333984     -2.47437351      0.00015920     87.21365378      0.02133868      0.00000000      0.99986405      0.43818011      0.51529070      0.51529070      0.48308136      0.98866389      8.50000000    -10.00000000
     21.03678930     -0.00000000     -0.00000000      0.00000000      0.00000000      0.01303135     -2.50519559      0.00015184     91.56734236      0.02083359      0.00000000      0.99986405      0.43809698      0.51523213      0.51523213      0.48309718      0.98919705      8.50000000    -10.00000000
     21.30434783     -0.00000000     -0.00000000      0.00000000      0.00000000      0.01272789     -2.53604851      0.00014479     96.11585284      0.02033956      0.00000000      0.99986405      0.43809203      0.51517354      0.51517354      0.48308275      0.98970302      8.50000000    -10.00000000
     21.57190635     -0.00000000     -0.00000000      0.00000000      0.00000000      0.01242948     -2.56692808      0.00013801    100.88015814      0.01985378      0.00000000      0.99986405      0.43780894      0.51511125      0.51511125      0.48308723      0.99018455      8.50000000    -10.00000000
     21.83946488     -0.00000000     -0.00000000      0.00000000      0.00000000      0.01213617     -2.59783562      0.00013165    105.75993094      0.01939651      0.00000000      0.99986405      0.43801092      0.51504535      0.51504535      0.48309465      0.99063319      8.50000000    -10.00000000
     22.10702341     -0.00000000     -0.00000000      0.00000000      0.00000000      0.01184795     -2.62876566      0.00012558    110.83828609      0.01895114      0.00000000      0.99986405      0.43799341      0.51497713      0.51497713      0.48310486      0.99105852      8.50000000    -10.00000000
     22.37458194     -0.00000000     -0.00000000      0.00000000      0.00000000      0.01156486     -2.65971980      0.00011979    116.10070599      0.01852074      0.00000000      0.99986405      0.43798681      0.51490671      0.51490671      0.48311765      0.99146034      8.50000000    -10.00000000
     22.64214047     -0.00000000     -0.00000000      0.00000000      0.00000000      0.01128690     -2.69069725      0.00011429    121.55072302      0.01810480      0.00000000      0.99986405      0.43798767      0.51483414      0.51483414      0.48313296      0.99184011      8.50000000    -10.00000000
     22.90969900     -0.00000000     -0.00000000      0.00000000      0.00000000      0.01101406     -2.72169806      0.00010904    127.19659011      0.01770215      0.00000000      0.99986405      0.43799882      0.51475988      0.51475988      0.48315070      0.99219948      8.50000000    -10.00000000
     23.17725753     -0.00000000     -0.00000000      0.00000000      0.00000000      0.01074636     -2.75271980      0.00010406    133.03189784      0.01731369      0.00000000      0.99986405      0.43801905      0.51468367      0.51468367      0.48317076      0.99253909      8.50000000    -10.00000000
     23.44481605     -0.00000000     -0.00000000      0.00000000      0.00000000      0.01048377     -2.78376196      0.00009932    139.06006494      0.01693882      0.00000000      0.99986405      0.43804738      0.51460581      0.51460581      0.48339855      0.99286021      8.50000000    -10.00000000
     23.71237458     -0.00000000     -0.00000000      0.00000000      0.00000000      0.01022628     -2.81482526      0.00009480    145.29354997      0.01657594      0.00000000      0.99986405      0.43808695      0.51452627      0.51452627      0.48316458      0.99316443      8.50000000    -10.00000000
     23.97993311     -0.00000000     -0.00000000      0.00000000      0.00000000      0.00997386     -2.84590831      0.00009051    151.73052176      0.01622521      0.00000000      0.99986405      0.43813116      0.51444531      0.51444531      0.48324420      0.99345252      8.50000000    -10.00000000
     24.24749164     -0.00000000     -0.00000000      0.00000000      0.00000000      0.00972650     -2.87701044      0.00008642    158.37364462      0.01588625      0.00000000      0.99986405      0.43818518      0.51436295      0.51436295      0.48327293      0.99372544      8.50000000    -10.00000000
     24.51505017     -0.00000000     -0.00000000      0.00000000      0.00000000      0.00948415     -2.90813106      0.00008253    165.22554366      0.01555866      0.00000000      0.99986405      0.43823766      0.51427933      0.51427933      0.48330329      0.99398408      8.50000000    -10.00000000
     24.78260870     -0.00000000     -0.00000000      0.00000000      0.00000000      0.00924679     -2.93926999      0.00007882    172.29287169      0.01524169      0.00000000      0.99986405      0.43831459      0.51419453      0.51419453      0.48333569      0.99422942      8.50000000    -10.00000000
     25.05016722     -0.00000000     -0.00000000      0.00000000      0.00000000      0.00901437     -2.97042576      0.00007530    179.56916610      0.01493575      0.00000000      0.99986405      0.43839146      0.51410870      0.51410870      0.48337006      0.99446196      8.50000000    -10.00000000
     25.31772575     -0.00000000     -0.00000000      0.00000000      0.00000000      0.00878685     -3.00159829      0.00007195    187.06079638      0.01464009      0.00000000      0.99986405      0.43847473      0.51402189      0.51402189      0.48340611      0.99468257      8.50000000    -10.00000000
     25.58528428     -0.00000000     -0.00000000      0.00000000      0.00000000      0.00856419     -3.03278673      0.00006876    194.76544229      0.01435467      0.00000000      0.99986405      0.43856409      0.51393418      0.51393418      0.48344383      0.99489185      8.50000000    -10.00000000
     25.85284281     -0.00000000     -0.00000000      0.00000000      0.00000000      0.00834634     -3.06399151      0.00006572    202.69670562      0.01407829      0.00000000      0.99986405      0.43866084      0.51384573      0.51384573      0.48349144      0.99509074      8.50000000    -10.00000000
     26.12040134     -0.00000000     -0.00000000      0.00000000      0.00000000      0.00813324     -3.09521118      0.00006282    210.84384640      0.01381151      0.00000000      0.99986405      0.43852284      0.51375658      0.51375658      0.48352312      0.99527954      8.50000000    -10.00000000
     26.38795987     -0.00000000     -0.00000000      0.00000000      0.00000000      0.00792483     -3.12644490      0.00006008    219.19113142      0.01355502      0.00000000      0.99986405      0.43887271      0.51366692      0.51366692      0.48355666      0.99545849      8.50000000    -10.00000000
     26.65551839     -0.00000000     -0.00000000      0.00000000      0.00000000      0.00772107     -3.15769422      0.00005745    227.80151075      0.01330470      0.00000000      0.99986405      0.43898763      0.51357681      0.51357681      0.48360948      0.99562940      8.50000000    -10.00000000
     26.92307692     -0.00000000     -0.00000000      0.00000000      0.00000000      0.00752188     -3.18895614      0.00005496    236.59391451      0.01306517      0.00000000      0.99986405      0.43910861      0.51348700      0.51348700      0.48365389      0.99579114      8.50000000    -10.00000000
     27.19063545     -0.00000000     -0.00000000      0.00000000      0.00000000      0.00732722     -3.22023204      0.00005259    245.62878638      0.01283266      0.00000000      0.99986405      0.43923441      0.51339558      0.51339558      0.48370058      0.99594532      8.50000000    -10.00000000
     27.45819398     -0.00000000     -0.00000000      0.00000000      0.00000000      0.00713701     -3.25152119      0.00005032    254.90127360      0.01260732      0.00000000      0.99986405      0.43936692      0.51330137      0.51330137      0.48374755      0.99609224      8.50000000    -10.00000000
     27.72575251     -0.00000000     -0.00000000      0.00000000      0.00000000      0.00695120     -3.28282259      0.00004817    264.38018684      0.01239046      0.00000000      0.99986405      0.43949857      0.51321127      0.51321127      0.48379647      0.99623182      8.50000000    -10.00000000
     27.99331104     -0.00000000     -0.00000000      0.00000000      0.00000000      0.00676970     -3.31413591      0.00004612    274.06615757      0.01218167      0.00000000      0.99986405      0.43964610      0.51311904      0.51311904      0.48384611      0.99636451      8.50000000    -10.00000000
     28.26086957     -0.00000000     -0.00000000      0.00000000      0.00000000      0.00659246     -3.34546166      0.00004417    284.00454975      0.01197866      0.00000000      0.99986405      0.43978592      0.51302715      0.51302715      0.48389680      0.99649128      8.50000000    -10.00000000
     28.52842809     -0.00000000     -0.00000000      0.00000000      0.00000000      0.00641942     -3.37679813      0.00004231    294.12776275      0.01178408      0.00000000      0.99986405      0.43993442      0.51293372      0.51293372      0.48394843      0.99661164      8.50000000    -10.00000000
     28.79598662     -0.00000000     -0.00000000      0.00000000      0.00000000      0.00625049     -3.40814633      0.00004053    304.50211759      0.01159492      0.00000000      0.99986405      0.44008703      0.51284029      0.51284029      0.48400090      0.99672670      8.50000000    -10.00000000
     29.06354515     -0.00000000     -0.00000000      0.00000000      0.00000000      0.00608561     -3.43950497      0.00003884    315.07553331      0.01141297      0.00000000      0.99986405      0.44024351      0.51274681      0.51274681      0.48405389      0.99683620      8.50000000    -10.00000000
     29.33110368     -0.00000000     -0.00000000      0.00000000      0.00000000      0.00592470     -3.47087377      0.00003724    325.86743365      0.01123720      0.00000000      0.99986405      0.44040388      0.51265345      0.51265345      0.48410664      0.99694066      8.50000000    -10.00000000
     29.59866221     -0.00000000     -0.00000000      0.00000000      0.00000000      0.00576771     -3.50225319      0.00003570    336.86057156      0.01106793      0.00000000      0.99986405      0.44056802      0.51256020      0.51256020      0.48416366      0.99704020      8.50000000    -10.00000000
     29.86622074     -0.00000000     -0.00000000      0.00000000      0.00000000      0.00561455     -3.53364195      0.00003424    348.05242187      0.01090491      0.00000000      0.99986405      0.44073691      0.51246710      0.51246710      0.48421937      0.99713510      8.50000000    -10.00000000
     30.13377926     -0.00000000     -0.00000000      0.00000000      0.00000000      0.00546515     -3.56504065      0.00003285    359.47824786      0.01074677      0.00000000      0.99986405      0.44090614      0.51237422      0.51237422      0.48427581      0.99722591      8.50000000    -10.00000000
     30.40133779     -0.00000000     -0.00000000      0.00000000      0.00000000      0.00531945     -3.59644819      0.00003152    371.07756914      0.01059508      0.00000000      0.99986405      0.44108033      0.51228161      0.51228161      0.48433131      0.99731239      8.50000000    -10.00000000
     30.66889632     -0.00000000     -0.00000000      0.00000000      0.00000000      0.00517737     -3.62786487      0.00003025    382.88863310      0.01044843      0.00000000      0.99986405      0.44125899      0.51218922      0.51218922      0.48439058      0.99739508      8.50000000    -10.00000000
     30.93645485     -0.00000000     -0.00000000      0.00000000      0.00000000      0.00503883     -3.65929039      0.00002905    394.90636280      0.01030674      0.00000000      0.99986405      0.44143641      0.51209719      0.51209719      0.48444883      0.99747415      8.50000000    -10.00000000
     31.20401338     -0.00000000     -0.00000000      0.00000000      0.00000000      0.00490378     -3.69072419      0.00002789    407.10031938      0.01017052      0.00000000      0.99986405      0.44161883      0.51200550      0.51200550      0.48450757      0.99754962      8.50000000    -10.00000000
     31.47157191     -0.00000000     -0.00000000      0.00000000      0.00000000      0.00477213     -3.72216604      0.00002679    419.48251281      0.01003920      0.00000000      0.99986405      0.44180335      0.51191421      0.51191421      0.48456682      0.99762178      8.50000000    -10.00000000
     31.73913043     -0.00000000     -0.00000000      0.00000000      0.00000000      0.00464382     -3.75361598      0.00002575    432.04030009      0.00991281      0.00000000      0.99986405      0.44205016      0.51182337      0.51182337      0.48462645      0.99769075      8.50000000    -10.00000000
     32.00668896     -0.00000000     -0.00000000      0.00000000      0.00000000      0.00451878     -3.78507364      0.00002474    444.77250198      0.00979112      0.00000000      0.99986405      0.44166092      0.51173294      0.51173294      0.48468665      0.99775670      8.50000000    -10.00000000
     32.27424749     -0.00000000     -0.00000000      0.00000000      0.00000000      0.00439694     -3.81653879      0.00002379    457.65862283      0.00967429      0.00000000      0.99986405      0.44237289      0.51164304      0.51164304      0.48474736      0.99781973      8.50000000    -10.00000000
     32.54180602     -0.00000000     -0.00000000      0.00000000      0.00000000      0.00427822     -3.84801122      0.00002288    470.72275974      0.00956156      0.00000000      0.99986405      0.44256548      0.51155364      0.51155364      0.48480526      0.99788011      8.50000000    -10.00000000
     32.80936455     -0.00000000     -0.00000000      0.00000000      0.00000000      0.00416257     -3.87949072      0.00002201    483.95768594      0.00945287      0.00000000      0.99986405      0.44276543      0.51146468      0.51146468      0.48486976      0.99793796      8.50000000    -10.00000000
     33.07692308     -0.00000000     -0.00000000      0.00000000      0.00000000      0.00404991     -3.91097709      0.00002117    497.32873622      0.00934864      0.00000000      0.99986405      0.44295833      0.51137619      0.51137619      0.48506314      0.99799329      8.50000000    -10.00000000
     33.34448161     -0.00000000     -0.00000000      0.00000000      0.00000000      0.00394017     -3.94247021      0.00002038    510.84062121      0.00924853      0.00000000      0.99986405      0.44315753      0.51128826      0.51128826      0.48496869      0.99804627      8.50000000    -10.00000000
     33.61204013     -0.00000000     -0.00000000      0.00000000      0.00000000      0.00383330     -3.97396967      0.00001962    524.49556938      0.00915227      0.00000000      0.99986405      0.44335801      0.51120094      0.51120094      0.48505334      0.99809703      8.50000000    -10.00000000
     33.87959866     -0.00000000     -0.00000000      0.00000000      0.00000000      0.00372922     -4.00547551      0.00001890    538.27738906      0.00905990      0.00000000      0.99986405      0.44356000      0.51111421      0.51111421      0.48511525      0.99814567      8.50000000    -10.00000000
     34.14715719     -0.00000000     -0.00000000      0.00000000      0.00000000      0.00362787     -4.03698747      0.00001820    552.18188097      0.00897127      0.00000000      0.99986405      0.44376288      0.51102810      0.51102810      0.48517803      0.99819228      8.50000000    -10.00000000
     34.41471572     -0.00000000     -0.00000000      0.00000000      0.00000000      0.00352919     -4.06850540      0.00001754    566.20195269      0.00888628      0.00000000      0.99986405      0.44396707      0.51094263      0.51094263      0.48524040      0.99823696      8.50000000    -10.00000000
     34.68227425     -0.00000000     -0.00000000      0.00000000      0.00000000      0.00343312     -4.10002913      0.00001691    580.32918365      0.00880483      0.00000000      0.99986405      0.44417275      0.51085781      0.51085781      0.48530284      0.99827980      8.50000000    -10.00000000
     34.94983278     -0.00000000     -0.00000000      0.00000000      0.00000000      0.00333959     -4.13155849      0.00001630    594.54621825      0.00872697      0.00000000      0.99986405      0.44438061      0.51077366      0.51077366      0.48535377      0.99832087      8.50000000    -10.00000000
     35.21739130     -0.00000000     -0.00000000      0.00000000      0.00000000      0.00324854     -4.16309338      0.00001572    608.88214175      0.00865208      0.00000000      0.99986405      0.44472385      0.51069017      0.51069017      0.48542789      0.99836034      8.50000000    -10.00000000
     35.48494983     -0.00000000     -0.00000000      0.00000000      0.00000000      0.00315992     -4.19463352      0.00001516    623.28230190      0.00858074      0.00000000      0.99986405      0.44479503      0.51060737      0.51060737      0.48549070      0.99839816      8.50000000    -10.00000000
     35.75250836     -0.00000000     -0.00000000      0.00000000      0.00000000      0.00307366     -4.22617890      0.00001463    637.75140671      0.00851267      0.00000000      0.99986405      0.44500254      0.51052526      0.51052526      0.48555378      0.99843445      8.50000000    -10.00000000
     36.02006689     -0.00000000     -0.00000000      0.00000000      0.00000000      0.00298971     -4.25772933      0.00001412    652.31112070      0.00844740      0.00000000      0.99986405      0.44520475      0.51044378      0.51044378      0.48561609      0.99846934      8.50000000    -10.00000000
     36.28762542     -0.00000000     -0.00000000      0.00000000      0.00000000      0.00290801     -4.28928469      0.00001364    666.90775599      0.00838543      0.00000000      0.99986405      0.44542177      0.51036316      0.51036316      0.48567881      0.99850279      8.50000000    -10.00000000
     36.55518395     -0.00000000     -0.00000000      0.00000000      0.00000000      0.00282851     -4.32084483      0.00001317    681.57850842      0.00832613      0.00000000      0.99986405      0.44563162      0.51028319      0.51028319      0.48574144      0.99853497      8.50000000    -10.00000000
     36.82274247     -0.00000000     -0.00000000      0.00000000      0.00000000      0.00275115     -4.35240964      0.00001272    696.26927901      0.00826997      0.00000000      0.99986405      0.44584328      0.51020394      0.51020394      0.48580404      0.99856583      8.50000000    -10.00000000
     37.09030100     -0.00000000     -0.00000000      0.00000000      0.00000000      0.00267588     -4.38397900      0.00001230    711.01761449      0.00821633      0.00000000      0.99986405      0.44605352      0.51012541      0.51012541      0.48586657      0.99859554      8.50000000    -10.00000000
     37.35785953     -0.00000000     -0.00000000      0.00000000      0.00000000      0.00260264     -4.41555279      0.00001189    725.78027315      0.00816557      0.00000000      0.99986405      0.44626573      0.51004761      0.51004761      0.48592854      0.99862407      8.50000000    -10.00000000
     37.62541806     -0.00000000     -0.00000000      0.00000000      0.00000000      0.00253139     -4.44713089      0.00001149    740.55971420      0.00811748      0.00000000      0.99986405      0.44647626      0.50997057      0.50997057      0.48599087      0.99865149      8.50000000    -10.00000000
     37.89297659     -0.00000000     -0.00000000      0.00000000      0.00000000      0.00246207     -4.47871320      0.00001112    755.33290584      0.00807216      0.00000000      0.99986405      0.44668845      0.50989424      0.50989424      0.48605375      0.99867783      8.50000000    -10.00000000
     38.16053512     -0.00000000     -0.00000000      0.00000000      0.00000000      0.00239463     -4.51029962      0.00001075    770.14092927      0.00802901      0.00000000      0.99986405      0.44690045      0.50981866      0.50981866      0.48611579      0.99870322      8.50000000    -10.00000000
     38.42809365     -0.00000000     -0.00000000      0.00000000      0.00000000      0.00232904     -4.54189004      0.00001041    784.92405350      0.00798853      0.00000000      0.99986405      0.44711239      0.50974386      0.50974386      0.48617780      0.99872761      8.50000000    -10.00000000
     38.69565217     -0.00000000     -0.00000000      0.00000000      0.00000000      0.00226523     -4.57348435      0.00001007    799.67459049      0.00795065      0.00000000      0.99986405      0.44732423      0.50966973      0.50966973      0.48623991      0.99875105      8.50000000    -10.00000000
     38.96321070     -0.00000000     -0.00000000      0.00000000      0.00000000      0.00220316     -4.60508248      0.00000975    814.43429361      0.00791481      0.00000000      0.99986405      0.44753577      0.50959638      0.50959638      0.48630192      0.99877366      8.50000000    -10.00000000
     39.23076923     -0.00000000     -0.00000000      0.00000000      0.00000000      0.00214280     -4.63668436      0.00000945    829.13554510      0.00788154      0.00000000      0.99986405      0.44774745      0.50952378      0.50952378      0.48636267      0.99879538      8.50000000    -10.00000000
     39.49832776     -0.00000000     -0.00000000      0.00000000      0.00000000      0.00208408     -4.66828979      0.00000915    843.78227637      0.00785067      0.00000000      0.99986405      0.44786031      0.50945190      0.50945190      0.48642430      0.99881626      8.50000000    -10.00000000
     39.76588629     -0.00000000     -0.00000000      0.00000000      0.00000000      0.00202698     -4.69989889      0.00000887    858.41535529      0.00782170      0.00000000      0.99986405      0.44817009      0.50938078      0.50938078      0.48648528      0.99883642      8.50000000    -10.00000000
     40.03344482     -0.00000000     -0.00000000      0.00000000      0.00000000      0.00197145     -4.73151146      0.00000859    872.95838436      0.00779521      0.00000000      0.99986405      0.44838073      0.50931040      0.50931040      0.48654595      0.99885578      8.50000000    -10.00000000
     40.30100334     -0.00000000     -0.00000000      0.00000000      0.00000000      0.00191744     -4.76312712      0.00000833    887.51146077      0.00777019      0.00000000      0.99986405      0.44858678      0.50924079      0.50924079      0.48660689      0.99887452      8.50000000    -10.00000000
     40.56856187     -0.00000000     -0.00000000      0.00000000      0.00000000      0.00186492     -4.79474623      0.00000808    901.93514524      0.00774778      0.00000000      0.99986405      0.44880208      0.50917186      0.50917186      0.48672036      0.99889250      8.50000000    -10.00000000
     40.83612040     -0.00000000     -0.00000000      0.00000000      0.00000000      0.00181384     -4.82636863      0.00000784    916.28621886      0.00772736      0.00000000      0.99986405      0.44901119      0.50910369      0.50910369      0.48666910      0.99890983      8.50000000    -10.00000000
     41.10367893     -0.00000000     -0.00000000      0.00000000      0.00000000      0.00176418     -4.85799417      0.00000761    930.56029304      0.00770887      0.00000000      0.99986405      0.44922042      0.50903625      0.50903625      0.48678772      0.99892653      8.50000000    -10.00000000
     41.37123746     -0.00000000     -0.00000000      0.00000000      0.00000000      0.00171588     -4.88962279      0.00000738    944.73465360      0.00769241      0.00000000      0.99986405      0.44942904      0.50896954      0.50896954      0.48684829      0.99894262      8.50000000    -10.00000000
     41.63879599     -0.00000000     -0.00000000      0.00000000      0.00000000      0.00166892     -4.92125443      0.00000717    958.80797522      0.00767788      0.00000000      0.99986405      0.44963839      0.50890355      0.50890355      0.48690715      0.99895812      8.50000000    -10.00000000
     41.90635452     -0.00000000     -0.00000000      0.00000000      0.00000000      0.00162326     -4.95288903      0.00000696    972.77689912      0.00766523      0.00000000      0.99986405      0.44984562      0.50883827      0.50883827      0.48696697      0.99897307      8.50000000    -10.00000000
     42.17391304     -0.00000000     -0.00000000      0.00000000      0.00000000      0.00157886     -4.98452652      0.00000676    986.63161742      0.00765446      0.00000000      0.99986405      0.45005361      0.50877372      0.50877372      0.48702540      0.99898748      8.50000000    -10.00000000
     42.44147157     -0.00000000     -0.00000000      0.00000000      0.00000000      0.00153569     -5.01616684      0.00000657   1000.36573953      0.00764551      0.00000000      0.99986405      0.45024720      0.50870988      0.50870988      0.48708402      0.99900136      8.50000000    -10.00000000
     42.70903010     -0.00000000     -0.00000000      0.00000000      0.00000000      0.00149372     -5.04780995      0.00000638   1013.97484734      0.00763836      0.00000000      0.99986405      0.45046354      0.50864674      0.50864674      0.48714264      0.99901475      8.50000000    -10.00000000
     42.97658863     -0.00000000     -0.00000000      0.00000000      0.00000000      0.00145291     -5.07945577      0.00000620   1027.45106075      0.00763299      0.00000000      0.99986405      0.45067048      0.50858430      0.50858430      0.48720816      0.99902766      8.50000000    -10.00000000
     43.24414716     -0.00000000     -0.00000000      0.00000000      0.00000000      0.00141323     -5.11110427      0.00000603   1040.79069241      0.00762935      0.00000000      0.99986405      0.45087468      0.50852256      0.50852256      0.48725816      0.99904011      8.50000000    -10.00000000
     43.51170569     -0.00000000     -0.00000000      0.00000000      0.00000000      0.00137466     -5.14275537      0.00000586   1053.98548023      0.00762744      0.00000000      0.99986405      0.45107900      0.50846152      0.50846152      0.48731608      0.99905212      8.50000000    -10.00000000
     43.77926421     -0.00000000     -0.00000000      0.00000000      0.00000000      0.00133715     -5.17440905      0.00000570   1067.03203151      0.00762721      0.00000000      0.99986405      0.45128213      0.50840115      0.50840115      0.48737368      0.99906370      8.50000000    -10.00000000
     44.04682274     -0.00000000     -0.00000000      0.00000000      0.00000000      0.00130069     -5.20606525      0.00000555   1079.92694234      0.00762863      0.00000000      0.99986405      0.45148452      0.50834147      0.50834147      0.48743072      0.99907487      8.50000000    -10.00000000
     44.31438127     -0.00000000     -0.00000000      0.00000000      0.00000000      0.00126524     -5.23772392      0.00000540   1092.66216817      0.00763169      0.00000000      0.99986405      0.45181497      0.50828240      0.50828240      0.48748741      0.99908564      8.50000000    -10.00000000
     44.58193980     -0.00000000     -0.00000000      0.00000000      0.00000000      0.00123078     -5.26938502      0.00000526   1105.23156390      0.00763639      0.00000000      0.99986405      0.45189021      0.50822412      0.50822412      0.48754393      0.99909603      8.50000000    -10.00000000
     44.84949833     -0.00000000     -0.00000000      0.00000000      0.00000000      0.00119727     -5.30104849      0.00000512   1117.62757883      0.00764272      0.00000000      0.99986405      0.45208761      0.50816644      0.50816644      0.48759999      0.99910605      8.50000000    -10.00000000
     45.11705686     -0.00000000     -0.00000000      0.00000000      0.00000000      0.00116470     -5.33271433      0.00000498   1129.85655213      0.00765059      0.00000000      0.99986405      0.45227382      0.50810947      0.50810947      0.48765578      0.99911571      8.50000000    -10.00000000
     45.38461538     -0.00000000     -0.00000000      0.00000000      0.00000000      0.00113303     -5.36438247      0.00000485   1141.90558678      0.00766004      0.00000000      0.99986405      0.45248327      0.50805304      0.50805304      0.48771129      0.99912504      8.50000000    -10.00000000
     45.65217391     -0.00000000     -0.00000000      0.00000000      0.00000000      0.00110225     -5.39605289      0.00000473   1153.78078010      0.00767098      0.00000000      0.99986405      0.45268138      0.50799731      0.50799731      0.48776650      0.99913403      8.50000000    -10.00000000
     45.91973244     -0.00000000     -0.00000000      0.00000000      0.00000000      0.00107232     -5.42772553      0.00000461   1165.46467912      0.00768348      0.00000000      0.99986405      0.45287840      0.50794233      0.50794233      0.48782095      0.99914271      8.50000000    -10.00000000
     46.18729097     -0.00000000     -0.00000000      0.00000000      0.00000000      0.00104323     -5.45940038      0.00000449   1176.96090478      0.00769749      0.00000000      0.99986405      0.45307084      0.50788775      0.50788775      0.48787595      0.99915108      8.50000000    -10.00000000
     46.45484950     -0.00000000     -0.00000000      0.00000000      0.00000000      0.00101494     -5.49107741      0.00000438   1188.26637267      0.00771299      0.00000000      0.99986405      0.45326911      0.50783392      0.50783392      0.48793023      0.99915915      8.50000000    -10.00000000
     46.72240803     -0.00000000     -0.00000000      0.00000000      0.00000000      0.00098745     -5.52275655      0.00000427   1199.37286877      0.00772999      0.00000000      0.99986405      0.45346263      0.50778069      0.50778069      0.48798400      0.99916693      8.50000000    -10.00000000
     46.98996656     -0.00000000     -0.00000000      0.00000000      0.00000000      0.00096072     -5.55443781      0.00000416   1210.28291606      0.00774845      0.00000000      0.99986405      0.45365596      0.50772808      0.50772808      0.48803769      0.99917443      8.50000000    -10.00000000
     47.25752508     -0.00000000     -0.00000000      0.00000000      0.00000000      0.00093473     -5.58612115      0.00000406   1220.99175072      0.00776836      0.00000000      0.99986405      0.45390562      0.50767607      0.50767607      0.48809097      0.99918166      8.50000000    -10.00000000
     47.52508361     -0.00000000     -0.00000000      0.00000000      0.00000000      0.00090947     -5.61780654      0.00000396   1231.49706159      0.00778972      0.00000000      0.99986405      0.45403878      0.50762466      0.50762466      0.48814393      0.99918864      8.50000000    -10.00000000
     47.79264214     -0.00000000     -0.00000000      0.00000000      0.00000000      0.00088492     -5.64949395      0.00000387   1241.79610498      0.00781251      0.00000000      0.99986405      0.45422921      0.50757384      0.50757384      0.48819590      0.99919536      8.50000000    -10.00000000
     48.06020067     -0.00000000     -0.00000000      0.00000000      0.00000000      0.00086104     -5.68118337      0.00000377   1251.88976694      0.00783670      0.00000000      0.99986405      0.45441860      0.50752361      0.50752361      0.48824890      0.99920185      8.50000000    -10.00000000
     48.32775920     -0.00000000     -0.00000000      0.00000000      0.00000000      0.00083784     -5.71287475      0.00000368   1261.76603974      0.00786234      0.00000000      0.99986405      0.45460550      0.50747405      0.50747405      0.48831311      0.99920809      8.50000000    -10.00000000
     48.59531773     -0.00000000     -0.00000000      0.00000000      0.00000000      0.00081527     -5.74456809      0.00000360   1271.43257108      0.00788938      0.00000000      0.99986405      0.45479380      0.50742487      0.50742487      0.48835251      0.99921410      8.50000000    -10.00000000
     48.86287625     -0.00000000     -0.00000000      0.00000000      0.00000000      0.00079334     -5.77626338      0.00000351   1280.88650637      0.00791781      0.00000000      0.99986405      0.45499546      0.50737634      0.50737634      0.48840383      0.99921990      8.50000000    -10.00000000
     49.13043478     -0.00000000     -0.00000000      0.00000000      0.00000000      0.00077202     -5.80796056      0.00000343   1290.12055072      0.00794765      0.00000000      0.99986405      0.45516505      0.50732843      0.50732843      0.48845349      0.99922548      8.50000000    -10.00000000
     49.39799331     -0.00000000     -0.00000000      0.00000000      0.00000000      0.00075129     -5.83965965      0.00000335   1299.14131611      0.00797885      0.00000000      0.99986405      0.45535055      0.50728097      0.50728097      0.48850540      0.99923085      8.50000000    -10.00000000
     49.66555184     -0.00000000     -0.00000000      0.00000000      0.00000000      0.00073114     -5.87136062      0.00000328   1307.94271577      0.00801143      0.00000000      0.99986405      0.45553291      0.50723409      0.50723409      0.48855598      0.99923602      8.50000000    -10.00000000
     49.93311037     -0.00000000     -0.00000000      0.00000000      0.00000000      0.00071155     -5.90306346      0.00000320   1316.52934735      0.00804537      0.00000000      0.99986405      0.45571520      0.50718774      0.50718774      0.48859811      0.99924100      8.50000000    -10.00000000
     50.20066890     -0.00000000     -0.00000000      0.00000000      0.00000000      0.00069250     -5.93476814      0.00000313   1324.89187020      0.00808069      0.00000000      0.99986405      0.45625617      0.50714196      0.50714196      0.48865564      0.99924579      8.50000000    -10.00000000
     50.46822742     -0.00000000     -0.00000000      0.00000000      0.00000000      0.00067398     -5.96647463      0.00000306   1333.02879776      0.00811741      0.00000000      0.99986405      0.45615225      0.50709668      0.50709668      0.48870506      0.99925039      8.50000000    -10.00000000
     50.73578595     -0.00000000     -0.00000000      0.00000000      0.00000000      0.00065598     -5.99818296      0.00000299   1340.94678309      0.00815548      0.00000000      0.99986405      0.45604991      0.50705192      0.50705192      0.48897478      0.99925481      8.50000000    -10.00000000
     51.00334448     -0.00000000     -0.00000000      0.00000000      0.00000000      0.00063848     -6.02989309      0.00000293   1348.64257728      0.00819490      0.00000000      0.99986405      0.45594809      0.50700767      0.50700767      0.48894911      0.99925906      8.50000000    -10.00000000
     51.27090301     -0.00000000     -0.00000000      0.00000000      0.00000000      0.00062147     -6.06160502      0.00000286   1356.11742474      0.00823568      0.00000000      0.99986405      0.45661195      0.50696392      0.50696392      0.48892391      0.99926314      8.50000000    -10.00000000
     51.53846154     -0.00000000     -0.00000000      0.00000000      0.00000000      0.00060493     -6.09331874      0.00000280   1363.37194159      0.00827780      0.00000000      0.99986405      0.45678754      0.50692068      0.50692068      0.48889896      0.99926706      8.50000000    -10.00000000
     51.80602007     -0.00000000     -0.00000000      0.00000000      0.00000000      0.00058885     -6.12503423      0.00000274   1370.40188751      0.00832129      0.00000000      0.99986405      0.45696310      0.50687792      0.50687792      0.48887446      0.99927082      8.50000000    -10.00000000
     52.07357860     -0.00000000     -0.00000000      0.00000000      0.00000000      0.00057321     -6.15675149      0.00000268   1377.20781952      0.00836614      0.00000000      0.99986405      0.45713721      0.50683565      0.50683565      0.48899468      0.99927442      8.50000000    -10.00000000
     52.34113712     -0.00000000     -0.00000000      0.00000000      0.00000000      0.00055801     -6.18847051      0.00000263   1383.79277632      0.00841235      0.00000000      0.99986405      0.45731035      0.50679386      0.50679386      0.48904175      0.99927787      8.50000000    -10.00000000
     52.60869565     -0.00000000     -0.00000000      0.00000000      0.00000000      0.00054323     -6.22019129      0.00000257   1390.15622101      0.00845990      0.00000000      0.99986405      0.45748256      0.50675254      0.50675254      0.48908829      0.99928117      8.50000000    -10.00000000
     52.87625418     -0.00000000     -0.00000000      0.00000000      0.00000000      0.00052886     -6.25191382      0.00000252   1396.29973503      0.00850881      0.00000000      0.99986405      0.45765377      0.50671169      0.50671169      0.48913512      0.99928433      8.50000000    -10.00000000
     53.14381271     -0.00000000     -0.00000000      0.00000000      0.00000000      0.00051489     -6.28363809      0.00000246   1402.22143911      0.00855908      0.00000000      0.99986405      0.45782396      0.50667130      0.50667130      0.48918152      0.99928735      8.50000000    -10.00000000
     53.41137124     -0.00000000     -0.00000000      0.00000000      0.00000000      0.00050131     -6.31536411      0.00000241   1407.92345217      0.00861072      0.00000000      0.99986405      0.45799310      0.50663136      0.50663136      0.48922686      0.99929024      8.50000000    -10.00000000
     53.67892977     -0.00000000     -0.00000000      0.00000000      0.00000000      0.00048810     -6.34709186      0.00000237   1413.40611346      0.00866371      0.00000000      0.99986405      0.45816130      0.50659187      0.50659187      0.48927252      0.99929299      8.50000000    -10.00000000
     53.94648829     -0.00000000     -0.00000000      0.00000000      0.00000000      0.00047526     -6.37882135      0.00000232   1418.67092517      0.00871808      0.00000000      0.99986405      0.45832837      0.50655282      0.50655282      0.48931851      0.99929561      8.50000000    -10.00000000
     54.21404682     -0.00000000     -0.00000000      0.00000000      0.00000000      0.00046277     -6.41055258      0.00000227   1423.72170169      0.00877379      0.00000000      0.99986405      0.45846416      0.50651421      0.50651421      0.48936302      0.99929811      8.50000000    -10.00000000
     54.48160535     -0.00000000     -0.00000000      0.00000000      0.00000000      0.00045063     -6.44228554      0.00000223   1428.55092352      0.00883092      0.00000000      0.99986405      0.45865964      0.50647603      0.50647603      0.48940785      0.99930048      8.50000000    -10.00000000
     54.74916388     -0.00000000     -0.00000000      0.00000000      0.00000000      0.00043883     -6.47402024      0.00000218   1433.16859748      0.00888940      0.00000000      0.99986405      0.45882376      0.50643828      0.50643828      0.48945208      0.99930273      8.50000000    -10.00000000
     55.01672241     -0.00000000     -0.00000000      0.00000000      0.00000000      0.00042735     -6.50575668      0.00000214   1437.57321473      0.00894926      0.00000000      0.99986405      0.45898708      0.50640094      0.50640094      0.48949615      0.99930487      8.50000000    -10.00000000
     55.28428094     -0.00000000     -0.00000000      0.00000000      0.00000000      0.00041618     -6.53749486      0.00000210   1441.76417671      0.00901052      0.00000000      0.99986405      0.45914824      0.50636402      0.50636402      0.48953985      0.99930689      8.50000000    -10.00000000
     55.55183946     -0.00000000     -0.00000000      0.00000000      0.00000000      0.00040533     -6.56923480      0.00000206   1445.75148200      0.00907314      0.00000000      0.99986405      0.45930967      0.50632750      0.50632750      0.48958294      0.99930880      8.50000000    -10.00000000
     55.81939799     -0.00000000     -0.00000000      0.00000000      0.00000000      0.00039478     -6.60097648      0.00000202   1449.52609677      0.00913717      0.00000000      0.99986405      0.45947041      0.50629139      0.50629139      0.48962652      0.99931059      8.50000000    -10.00000000
     56.08695652     -0.00000000     -0.00000000      0.00000000      0.00000000      0.00038451     -6.63271991      0.00000198   1453.09490641      0.00920261      0.00000000      0.99986405      0.45962867      0.50625567      0.50625567      0.48966860      0.99931229      8.50000000    -10.00000000
     56.35451505     -0.00000000     -0.00000000      0.00000000      0.00000000      0.00037453     -6.66446511      0.00000194   1456.45866682      0.00926945      0.00000000      0.99986405      0.45978769      0.50622035      0.50622035      0.48971182      0.99931387      8.50000000    -10.00000000
     56.62207358     -0.00000000     -0.00000000      0.00000000      0.00000000      0.00036483     -6.69621209      0.00000191   1459.61967825      0.00933771      0.00000000      0.99986405      0.45994476      0.50618541      0.50618541      0.48975420      0.99931536      8.50000000    -10.00000000
     56.88963211     -0.00000000     -0.00000000      0.00000000      0.00000000      0.00035539     -6.72796083      0.00000187   1462.57995604      0.00940738      0.00000000      0.99986405      0.46010078      0.50615084      0.50615084      0.48979626      0.99931674      8.50000000    -10.00000000
     57.15719064     -0.00000000     -0.00000000      0.00000000      0.00000000      0.00034621     -6.75971137      0.00000184   1465.34120161      0.00947849      0.00000000      0.99986405      0.46025645      0.50611667      0.50611667      0.48983769      0.99931803      8.50000000    -10.00000000
     57.42474916     -0.00000000     -0.00000000      0.00000000      0.00000000      0.00033728     -6.79146370      0.00000180   1467.90457682      0.00955104      0.00000000      0.99986405      0.46041070      0.50608285      0.50608285      0.48987925      0.99931922      8.50000000    -10.00000000
     57.69230769     -0.00000000     -0.00000000      0.00000000      0.00000000      0.00032860     -6.82321785      0.00000177   1470.27769582      0.00962500      0.00000000      0.99986405      0.46056400      0.50604940      0.50604940      0.48992104      0.99932032      8.50000000    -10.00000000
     57.95986622     -0.00000000     -0.00000000      0.00000000      0.00000000      0.00032016     -6.85497381      0.00000174   1472.45671409      0.00970042      0.00000000      0.99986405      0.46071676      0.50601631      0.50601631      0.48996129      0.99932132      8.50000000    -10.00000000
     58.22742475     -0.00000000     -0.00000000      0.00000000      0.00000000      0.00031195     -6.88673160      0.00000171   1474.44619472      0.00977730      0.00000000      0.99986405      0.46094473      0.50598358      0.50598358      0.49000176      0.99932224      8.50000000    -10.00000000
     58.49498328     -0.00000000     -0.00000000      0.00000000      0.00000000      0.00030396     -6.91849124      0.00000168   1476.24633589      0.00985565      0.00000000      0.99986405      0.46087631      0.50595119      0.50595119      0.49004210      0.99932306      8.50000000    -10.00000000
     58.76254181     -0.00000000     -0.00000000      0.00000000      0.00000000      0.00029619     -6.95025274      0.00000165   1477.86358618      0.00993547      0.00000000      0.99986405      0.46116797      0.50591914      0.50591914      0.49008211      0.99932381      8.50000000    -10.00000000
     59.03010033     -0.00000000     -0.00000000      0.00000000      0.00000000      0.00028864     -6.98201612      0.00000162   1479.29923813      0.01001676      0.00000000      0.99986405      0.46131650      0.50588746      0.50588746      0.49015574      0.99932446      8.50000000    -10.00000000
     59.29765886     -0.00000000     -0.00000000      0.00000000      0.00000000      0.00028129     -7.01378140      0.00000159   1480.55593445      0.01009953      0.00000000      0.99986405      0.46146414      0.50585610      0.50585610      0.49013911      0.99932503      8.50000000    -10.00000000
     59.56521739     -0.00000000     -0.00000000      0.00000000      0.00000000      0.00027414     -7.04554858      0.00000156   1481.63549872      0.01018380      0.00000000      0.99986405      0.46161095      0.50582506      0.50582506      0.49020118      0.99932553      8.50000000    -10.00000000
     59.83277592     -0.00000000     -0.00000000      0.00000000      0.00000000      0.00026719     -7.07731770      0.00000153   1482.54110585      0.01026957      0.00000000      0.99986405      0.46175729      0.50579436      0.50579436      0.49023937      0.99932594      8.50000000    -10.00000000
     60.10033445     -0.00000000     -0.00000000      0.00000000      0.00000000      0.00026043     -7.10908877      0.00000151   1483.27509715      0.01035685      0.00000000      0.99986405      0.46190141      0.50576398      0.50576398      0.49027805      0.99932627      8.50000000    -10.00000000
     60.36789298     -0.00000000     -0.00000000      0.00000000      0.00000000      0.00025385     -7.14086181      0.00000148   1483.83993931      0.01044566      0.00000000      0.99986405      0.46204526      0.50573391      0.50573391      0.49031635      0.99932653      8.50000000    -10.00000000
     60.63545151     -0.00000000     -0.00000000      0.00000000      0.00000000      0.00024746     -7.17263684      0.00000146   1484.24061254      0.01053598      0.00000000      0.99986405      0.46217095      0.50570416      0.50570416      0.49035455      0.99932671      8.50000000    -10.00000000
     60.90301003     -0.00000000     -0.00000000      0.00000000      0.00000000      0.00024123     -7.20441388      0.00000143   1484.48009892      0.01062783      0.00000000      0.99986405      0.46233096      0.50567471      0.50567471      0.49039320      0.99932682      8.50000000    -10.00000000
     61.17056856     -0.00000000     -0.00000000      0.00000000      0.00000000      0.00023518     -7.23619297      0.00000141   1484.55927294      0.01072122      0.00000000      0.99986405      0.46247200      0.50564557      0.50564557      0.49043001      0.99932685      8.50000000    -10.00000000
     61.43812709     -0.00000000     -0.00000000      0.00000000      0.00000000      0.00022929     -7.26797412      0.00000139   1484.48152615      0.01081617      0.00000000      0.99986405      0.46261245      0.50561674      0.50561674      0.49046990      0.99932682      8.50000000    -10.00000000
     61.70568562     -0.00000000     -0.00000000      0.00000000      0.00000000      0.00022356     -7.29975737      0.00000136   1484.24957308      0.01091268      0.00000000      0.99986405      0.46275173      0.50558819      0.50558819      0.49050499      0.99932671      8.50000000    -10.00000000
     61.97324415     -0.00000000     -0.00000000      0.00000000      0.00000000      0.00021799     -7.33154273      0.00000134   1483.86671010      0.01101076      0.00000000      0.99986405      0.46289162      0.50555994      0.50555994      0.49054127      0.99932654      8.50000000    -10.00000000
     62.24080268     -0.00000000     -0.00000000      0.00000000      0.00000000      0.00021256     -7.36333024      0.00000132   1483.33802784      0.01111041      0.00000000      0.99986405      0.46302866      0.50553198      0.50553198      0.49057781      0.99932630      8.50000000    -10.00000000
     62.50836120     -0.00000000     -0.00000000      0.00000000      0.00000000      0.00020729     -7.39511993      0.00000130   1482.66674598      0.01121162      0.00000000      0.99986405      0.46316514      0.50550430      0.50550430      0.49061417      0.99932599      8.50000000    -10.00000000
     62.77591973     -0.00000000     -0.00000000      0.00000000      0.00000000      0.00020216     -7.42691183      0.00000128   1481.85384122      0.01131443      0.00000000      0.99986405      0.46330108      0.50547688      0.50547688      0.49065045      0.99932562      8.50000000    -10.00000000
     63.04347826     -0.00000000     -0.00000000      0.00000000      0.00000000      0.00019717     -7.45870597      0.00000126   1480.90206912      0.01141884      0.00000000      0.99986405      0.46345792      0.50544978      0.50544978      0.49068635      0.99932519      8.50000000    -10.00000000
     63.31103679     -0.00000000     -0.00000000      0.00000000      0.00000000      0.00019231     -7.49050239      0.00000124   1479.81571882      0.01152486      0.00000000      0.99986405      0.46357055      0.50542293      0.50542293      0.49072168      0.99932470      8.50000000    -10.00000000
     63.57859532     -0.00000000     -0.00000000      0.00000000      0.00000000      0.00018758     -7.52230112      0.00000122   1478.59970030      0.01163248      0.00000000      0.99986405      0.46370240      0.50539635      0.50539635      0.49075683      0.99932414      8.50000000    -10.00000000
     63.84615385     -0.00000000     -0.00000000      0.00000000      0.00000000      0.00018298     -7.55410220      0.00000120   1477.25610227      0.01174171      0.00000000      0.99986405      0.46383620      0.50537003      0.50537003      0.49079855      0.99932353      8.50000000    -10.00000000
     64.11371237     -0.00000000     -0.00000000      0.00000000      0.00000000      0.00017851     -7.58590567      0.00000118   1475.78973705      0.01185255      0.00000000      0.99986405      0.46396834      0.50534397      0.50534397      0.49082704      0.99932286      8.50000000    -10.00000000
     64.38127090     -0.00000000     -0.00000000      0.00000000      0.00000000      0.00017416     -7.61771157      0.00000117   1474.20112799      0.01196503      0.00000000      0.99986405      0.46409498      0.50531817      0.50531817      0.49086164      0.99932213      8.50000000    -10.00000000
     64.64882943     -0.00000000     -0.00000000      0.00000000      0.00000000      0.00016992     -7.64951993      0.00000115   1472.49366194      0.01207915      0.00000000      0.99986405      0.46422936      0.50529263      0.50529263      0.49089606      0.99932134      8.50000000    -10.00000000
     64.91638796     -0.00000000     -0.00000000      0.00000000      0.00000000      0.00016580     -7.68133080      0.00000113   1470.67369654      0.01219490      0.00000000      0.99986405      0.46435964      0.50526734      0.50526734      0.49093022      0.99932050      8.50000000    -10.00000000
     65.18394649     -0.00000000     -0.00000000      0.00000000      0.00000000      0.00016179     -7.71314424      0.00000111   1468.74324387      0.01231228      0.00000000      0.99986405      0.46448705      0.50524229      0.50524229      0.49096119      0.99931961      8.50000000    -10.00000000
     65.45150502     -0.00000000     -0.00000000      0.00000000      0.00000000      0.00015789     -7.74496027      0.00000110   1466.70578936      0.01243131      0.00000000      0.99986405      0.46461475      0.50521749      0.50521749      0.49099843      0.99931866      8.50000000    -10.00000000
     65.71906355     -0.00000000     -0.00000000      0.00000000      0.00000000      0.00015409     -7.77677896      0.00000108   1464.56634223      0.01255197      0.00000000      0.99986405      0.46474664      0.50519293      0.50519293      0.49103134      0.99931767      8.50000000    -10.00000000
     65.98662207     -0.00000000     -0.00000000      0.00000000      0.00000000      0.00015040     -7.80860035      0.00000107   1462.32542912      0.01267430      0.00000000      0.99986405      0.46486728      0.50516860      0.50516860      0.49106461      0.99931663      8.50000000    -10.00000000
     66.25418060     -0.00000000     -0.00000000      0.00000000      0.00000000      0.00014680     -7.84042449      0.00000105   1459.98656342      0.01279829      0.00000000      0.99986405      0.46499286      0.50514452      0.50514452      0.49109757      0.99931553      8.50000000    -10.00000000
     66.52173913     -0.00000000     -0.00000000      0.00000000      0.00000000      0.00014330     -7.87225143      0.00000104   1457.55561121      0.01292392      0.00000000      0.99986405      0.46511721      0.50512066      0.50512066      0.49112731      0.99931439      8.50000000    -10.00000000
     66.78929766     -0.00000000     -0.00000000      0.00000000      0.00000000      0.00013990     -7.90408125      0.00000102   1455.03682784      0.01305120      0.00000000      0.99986405      0.46524117      0.50509702      0.50509702      0.49116303      0.99931320      8.50000000    -10.00000000
     67.05685619     -0.00000000     -0.00000000      0.00000000      0.00000000      0.00013658     -7.93591398      0.00000101   1452.43316367      0.01318012      0.00000000      0.99986405      0.46536386      0.50507362      0.50507362      0.49119609      0.99931197      8.50000000    -10.00000000
     67.32441472     -0.00000000     -0.00000000      0.00000000      0.00000000      0.00013336     -7.96774969      0.00000099   1449.74586459      0.01331070      0.00000000      0.99986405      0.46548616      0.50505043      0.50505043      0.49122710      0.99931070      8.50000000    -10.00000000
     67.59197324     -0.00000000     -0.00000000      0.00000000      0.00000000      0.00013022     -7.99958845      0.00000098   1446.97852611      0.01344295      0.00000000      0.99986405      0.46560753      0.50502747      0.50502747      0.49125952      0.99930938      8.50000000    -10.00000000
     67.85953177     -0.00000000     -0.00000000      0.00000000      0.00000000      0.00012717     -8.03143031      0.00000097   1444.13714459      0.01357685      0.00000000      0.99986405      0.46572600      0.50500472      0.50500472      0.49129126      0.99930802      8.50000000    -10.00000000
     68.12709030     -0.00000000     -0.00000000      0.00000000      0.00000000      0.00012419     -8.06327535      0.00000095   1441.22533677      0.01371237      0.00000000      0.99986405      0.46613451      0.50498218      0.50498218      0.49132262      0.99930663      8.50000000    -10.00000000
     68.39464883     -0.00000000     -0.00000000      0.00000000      0.00000000      0.00012130     -8.09512364      0.00000094   1438.24678642      0.01384953      0.00000000      0.99986405      0.46608926      0.50495985      0.50495985      0.49135410      0.99930519      8.50000000    -10.00000000
     68.66220736     -0.00000000     -0.00000000      0.00000000      0.00000000      0.00011849     -8.12697524      0.00000093   1435.20361356      0.01398833      0.00000000      0.99986405      0.46604443      0.50493773      0.50493773      0.49138518      0.99930372      8.50000000    -10.00000000
     68.92976589     -0.00000000     -0.00000000      0.00000000      0.00000000      0.00011575     -8.15883023      0.00000091   1432.10028003      0.01412875      0.00000000      0.99986405      0.46600010      0.50491583      0.50491583      0.49147987      0.99930221      8.50000000    -10.00000000
     69.19732441     -0.00000000     -0.00000000      0.00000000      0.00000000      0.00011308     -8.19068869      0.00000090   1428.93968428      0.01427080      0.00000000      0.99986405      0.46631996      0.50489410      0.50489410      0.49146885      0.99930067      8.50000000    -10.00000000
     69.46488294     -0.00000000     -0.00000000      0.00000000      0.00000000      0.00011048     -8.22255070      0.00000089   1425.72713553      0.01441445      0.00000000      0.99986405      0.46643617      0.50487258      0.50487258      0.49145795      0.99929910      8.50000000    -10.00000000
     69.73244147     -0.00000000     -0.00000000      0.00000000      0.00000000      0.00010796     -8.25441634      0.00000088   1422.46556376      0.01455970      0.00000000      0.99986405      0.46655111      0.50485126      0.50485126      0.49144714      0.99929749      8.50000000    -10.00000000
     70.00000000     -0.00000000     -0.00000000      0.00000000      0.00000000      0.00010550     -8.28628571      0.00000087   1419.15952822      0.01470653      0.00000000      0.99986405      0.46666634      0.50483014      0.50483014      0.49153765      0.99929585      8.50000000    -10.00000000
