    -10.00000000     -0.00000000     -0.00000000      0.00000000      0.00000000      0.03229207      0.00000153      0.01348983      0.00000000      1.38020725      0.00000000      0.99983383      0.50002302      0.50002994      0.50002994      0.49999643      0.00000000      4.60000000    -10.00000000
     -9.83277592     -0.00000000     -0.00000000      0.00000000      0.00000000      0.03219739      0.03164473      0.01346512      0.00022029      1.38173040      0.00000000      0.99983383      0.50059344      0.49980872      0.49980872      0.50022819      0.00022024      4.60000000    -10.00000000
     -9.66555184     -0.00000000     -0.00000000      0.00000000      0.00000000      0.03223305      0.06319963      0.01344034      0.00088127      1.37766102      0.00000000      0.99983383      0.50152349      0.49961961      0.49961961      0.50084983      0.00088049      4.60000000    -10.00000000
     -9.49832776     -0.00000000     -0.00000000      0.00000000      0.00000000      0.03230226      0.09442970      0.01339926      0.00197769      1.37050778      0.00000000      0.99983383      0.50340616      0.49943132      0.49943132      0.50113560      0.00197378      4.60000000    -10.00000000
     -9.33110368     -0.00000000     -0.00000000      0.00000000      0.00000000      0.03239409      0.12522921      0.01334207      0.00350301      1.36078947      0.00000000      0.99983383      0.50426351      0.49924444      0.49924444      0.50107844      0.00349079      4.60000000    -10.00000000
     -9.16387960     -0.00000000     -0.00000000      0.00000000      0.00000000      0.03250814      0.15547208      0.01326906      0.00544809      1.34859567      0.00000000      0.99983383      0.50415367      0.49906190      0.49906190      0.50114382      0.00541857      4.60000000    -10.00000000
     -8.99665552     -0.00000000     -0.00000000      0.00000000      0.00000000      0.03264483      0.18503084      0.01318063      0.00780107      1.33399830      0.00000000      0.99983383      0.50438437      0.49887924      0.49887924      0.50123716      0.00774069      4.60000000    -10.00000000
     -8.82943144     -0.00000000     -0.00000000      0.00000000      0.00000000      0.03280446      0.21378100      0.01307721      0.01054736      1.31709140      0.00000000      0.99983383      0.50470991      0.49870483      0.49870483      0.50134069      0.01043727      4.60000000    -10.00000000
     -8.66220736     -0.00000000     -0.00000000      0.00000000      0.00000000      0.03298712      0.24160367      0.01295935      0.01366961      1.29799300      0.00000000      0.99983383      0.50504171      0.49853196      0.49853196      0.50144884      0.01348527      4.60000000    -10.00000000
     -8.49498328     -0.00000000     -0.00000000      0.00000000      0.00000000      0.03319277      0.26838719      0.01282763      0.01714780      1.27684060      0.00000000      0.99983383      0.50538677      0.49836001      0.49836001      0.50155650      0.01685871      4.60000000    -10.00000000
     -8.32775920     -0.00000000     -0.00000000      0.00000000      0.00000000      0.03342123      0.29402818      0.01268272      0.02095925      1.25378668      0.00000000      0.99983383      0.50572749      0.49819398      0.49819398      0.50166098      0.02052898      4.60000000    -10.00000000
     -8.16053512     -0.00000000     -0.00000000      0.00000000      0.00000000      0.03367228      0.31843225      0.01252532      0.02507873      1.22899497      0.00000000      0.99983383      0.50604667      0.49803447      0.49803447      0.50176070      0.02446517      4.60000000    -10.00000000
     -7.99331104     -0.00000000     -0.00000000      0.00000000      0.00000000      0.03394564      0.34151444      0.01235620      0.02947848      1.20263718      0.00000000      0.99983383      0.50635823      0.49788160      0.49788160      0.50185341      0.02863438      4.60000000    -10.00000000
     -7.82608696     -0.00000000     -0.00000000      0.00000000      0.00000000      0.03424098      0.36319943      0.01217614      0.03412829      1.17489013      0.00000000      0.99983383      0.50668772      0.49773602      0.49773602      0.50193767      0.03300199      4.60000000    -10.00000000
     -7.65886288     -0.00000000     -0.00000000      0.00000000      0.00000000      0.03455794      0.38342158      0.01198598      0.03899557      1.14593317      0.00000000      0.99983383      0.50687898      0.49759815      0.49759815      0.50201360      0.03753199      4.60000000    -10.00000000
     -7.49163880     -0.00000000     -0.00000000      0.00000000      0.00000000      0.03489609      0.40212484      0.01178654      0.04404537      1.11594575      0.00000000      0.99983383      0.50701752      0.49746799      0.49746799      0.50208812      0.04218722      4.60000000    -10.00000000
     -7.32441472     -0.00000000     -0.00000000      0.00000000      0.00000000      0.03525500      0.41926262      0.01157868      0.04924044      1.08510528      0.00000000      0.99983383      0.50713209      0.49733805      0.49733805      0.50212866      0.04692961      4.60000000    -10.00000000
     -7.15719064     -0.00000000     -0.00000000      0.00000000      0.00000000      0.03563417      0.43479752      0.01136325      0.05454136      1.05358517      0.00000000      0.99983383      0.50712840      0.49723685      0.49723685      0.50216803      0.05172046      4.60000000    -10.00000000
     -6.98996656     -0.00000000     -0.00000000      0.00000000      0.00000000      0.03603307      0.44870100      0.01114111      0.05990659      1.02155314      0.00000000      0.99983383      0.50698017      0.49713449      0.49713449      0.50219728      0.05652063      4.60000000    -10.00000000
     -6.82274247     -0.00000000     -0.00000000      0.00000000      0.00000000      0.03645114      0.46095306      0.01091310      0.06529262      0.98916974      0.00000000      0.99983383      0.50657110      0.49704306      0.49704306      0.50221153      0.06129078      4.60000000    -10.00000000
     -6.65551839     -0.00000000     -0.00000000      0.00000000      0.00000000      0.03688776      0.47154173      0.01068005      0.07065407      0.95658720      0.00000000      0.99983383      0.50696229      0.49696331      0.49696331      0.50220937      0.06599151      4.60000000    -10.00000000
     -6.48829431     -0.00000000     -0.00000000      0.00000000      0.00000000      0.03734228      0.48046307      0.01044275      0.07594406      0.92394834      0.00000000      0.99983383      0.50728660      0.49689292      0.49689292      0.50219396      0.07058366      4.60000000    -10.00000000
     -6.32107023     -0.00000000     -0.00000000      0.00000000      0.00000000      0.03781399      0.48771949      0.01020198      0.08111402      0.89138602      0.00000000      0.99983383      0.50752189      0.49683967      0.49683967      0.50214842      0.07502818      4.60000000    -10.00000000
     -6.15384615     -0.00000000     -0.00000000      0.00000000      0.00000000      0.03830217      0.49332018      0.00995851      0.08611419      0.85902251      0.00000000      0.99983383      0.50767382      0.49679196      0.49679196      0.50210532      0.07928650      4.60000000    -10.00000000
     -5.98662207     -0.00000000     -0.00000000      0.00000000      0.00000000      0.03880603      0.49728073      0.00971303      0.09089405      0.82696917      0.00000000      0.99983383      0.50775922      0.49676031      0.49676031      0.50203467      0.08332069      4.60000000    -10.00000000
     -5.81939799     -0.00000000     -0.00000000      0.00000000      0.00000000      0.03932475      0.49962183      0.00946625      0.09540232      0.79532642      0.00000000      0.99983383      0.50776338      0.49674280      0.49674280      0.50193639      0.08709340      4.60000000    -10.00000000
     -5.65217391     -0.00000000     -0.00000000      0.00000000      0.00000000      0.03985747      0.50036901      0.00921879      0.09958743      0.76418374      0.00000000      0.99983383      0.50769987      0.49673805      0.49673805      0.50181675      0.09056800      4.60000000    -10.00000000
     -5.48494983     -0.00000000     -0.00000000      0.00000000      0.00000000      0.04040328      0.49955206      0.00897127      0.10339795      0.73361988      0.00000000      0.99983383      0.50755210      0.49674759      0.49674759      0.50166882      0.09370867      4.60000000    -10.00000000
     -5.31772575     -0.00000000     -0.00000000      0.00000000      0.00000000      0.04096123      0.49720448      0.00872426      0.10678298      0.70370320      0.00000000      0.99983383      0.50733598      0.49677287      0.49677287      0.50151877      0.09648051      4.60000000    -10.00000000
     -5.15050167     -0.00000000     -0.00000000      0.00000000      0.00000000      0.04153033      0.49336291      0.00847830      0.10969269      0.67449204      0.00000000      0.99983383      0.50687939      0.49680994      0.49680994      0.50128618      0.09884961      4.60000000    -10.00000000
     -4.98327759     -0.00000000     -0.00000000      0.00000000      0.00000000      0.04210956      0.48806664      0.00823386      0.11207881      0.64603527      0.00000000      0.99983383      0.50665896      0.49686527      0.49686527      0.50097911      0.10078316      4.60000000    -10.00000000
     -4.81605351     -0.00000000     -0.00000000      0.00000000      0.00000000      0.04269786      0.48135715      0.00799140      0.11389534      0.61837284      0.00000000      0.99983383      0.50623001      0.49694603      0.49694603      0.50084672      0.10224959      4.60000000    -10.00000000
     -4.64882943     -0.00000000     -0.00000000      0.00000000      0.00000000      0.04329411      0.47327762      0.00775134      0.11509912      0.59153637      0.00000000      0.99983383      0.50571302      0.49702411      0.49702411      0.50059890      0.10321873      4.60000000    -10.00000000
     -4.48160535     -0.00000000     -0.00000000      0.00000000      0.00000000      0.04389719      0.46387255      0.00751405      0.11565063      0.56554980      0.00000000      0.99983383      0.50512577      0.49712890      0.49712890      0.50042914      0.10366205      4.60000000    -10.00000000
     -4.31438127     -0.00000000     -0.00000000      0.00000000      0.00000000      0.04450590      0.45318741      0.00727987      0.11551482      0.54043002      0.00000000      0.99983383      0.50445293      0.49724785      0.49724785      0.50023102      0.10355292      4.60000000    -10.00000000
     -4.14715719     -0.00000000     -0.00000000      0.00000000      0.00000000      0.04511904      0.44126823      0.00704910      0.11466194      0.51618756      0.00000000      0.99983383      0.50370947      0.49738538      0.49738538      0.50000398      0.10286701      4.60000000    -10.00000000
     -3.97993311     -0.00000000     -0.00000000      0.00000000      0.00000000      0.04573536      0.42816137      0.00682202      0.11306855      0.49282717      0.00000000      0.99983383      0.50289215      0.49754081      0.49754081      0.49975258      0.10158274      4.60000000    -10.00000000
     -3.81270903     -0.00000000     -0.00000000      0.00000000      0.00000000      0.04635359      0.41391323      0.00659887      0.11071855      0.47034849      0.00000000      0.99983383      0.50201355      0.49771174      0.49771174      0.49946090      0.09968191      4.60000000    -10.00000000
     -3.64548495     -0.00000000     -0.00000000      0.00000000      0.00000000      0.04697241      0.39856998      0.00637985      0.10760427      0.44874662      0.00000000      0.99983383      0.50103206      0.49790162      0.49790162      0.49915886      0.09715046      4.60000000    -10.00000000
     -3.47826087     -0.00000000     -0.00000000      0.00000000      0.00000000      0.04759048      0.38217738      0.00616514      0.10372772      0.42801268      0.00000000      0.99983383      0.49999661      0.49810861      0.49810861      0.49882001      0.09397945      4.60000000    -10.00000000
     -3.31103679     -0.00000000     -0.00000000      0.00000000      0.00000000      0.04820643      0.36478059      0.00595490      0.09910185      0.40813437      0.00000000      0.99983383      0.49886989      0.49833417      0.49833417      0.49845878      0.09016621      4.60000000    -10.00000000
     -3.14381271     -0.00000000     -0.00000000      0.00000000      0.00000000      0.04881887      0.34642397      0.00574925      0.09375191      0.38909643      0.00000000      0.99983383      0.49768774      0.49857688      0.49857688      0.49806876      0.08571588      4.60000000    -10.00000000
     -2.97658863     -0.00000000     -0.00000000      0.00000000      0.00000000      0.04942638      0.32715098      0.00554830      0.08771690      0.37088110      0.00000000      0.99983383      0.49635826      0.49883984      0.49883984      0.49765226      0.08064313      4.60000000    -10.00000000
     -2.80936455     -0.00000000     -0.00000000      0.00000000      0.00000000      0.05002754      0.30700405      0.00535212      0.08105110      0.35346856      0.00000000      0.99983383      0.49508164      0.49911648      0.49911648      0.49720992      0.07497435      4.60000000    -10.00000000
     -2.64214047     -0.00000000     -0.00000000      0.00000000      0.00000000      0.05062089      0.28602445      0.00516079      0.07382571      0.33683729      0.00000000      0.99983383      0.49376704      0.49940742      0.49940742      0.49674164      0.06875018      4.60000000    -10.00000000
     -2.47491639     -0.00000000     -0.00000000      0.00000000      0.00000000      0.05120497      0.26425223      0.00497434      0.06613052      0.32096445      0.00000000      0.99983383      0.49226104      0.49973048      0.49973048      0.49624443      0.06202854      4.60000000    -10.00000000
     -2.30769231     -0.00000000     -0.00000000      0.00000000      0.00000000      0.05177833      0.24172616      0.00479280      0.05807567      0.30582614      0.00000000      0.99983383      0.49073491      0.50005465      0.50005465      0.49573018      0.05488801      4.60000000    -10.00000000
     -2.14046823     -0.00000000     -0.00000000      0.00000000      0.00000000      0.05233950      0.21848366      0.00461617      0.04979357      0.29139772      0.00000000      0.99983383      0.48923835      0.50040521      0.50040521      0.49518957      0.04743177      4.60000000    -10.00000000
     -1.97324415     -0.00000000     -0.00000000      0.00000000      0.00000000      0.05288703      0.19456076      0.00444446      0.04144079      0.27765404      0.00000000      0.99983383      0.48753262      0.50077019      0.50077019      0.49465825      0.03979179      4.60000000    -10.00000000
     -1.80602007     -0.00000000     -0.00000000      0.00000000      0.00000000      0.05341946      0.16999212      0.00427766      0.03320007      0.26456967      0.00000000      0.99983383      0.48592276      0.50113785      0.50113785      0.49403189      0.03213325      4.60000000    -10.00000000
     -1.63879599     -0.00000000     -0.00000000      0.00000000      0.00000000      0.05393537      0.14481100      0.00411572      0.02528243      0.25211910      0.00000000      0.99983383      0.48381702      0.50154776      0.50154776      0.49342092      0.02465899      4.60000000    -10.00000000
     -1.47157191     -0.00000000     -0.00000000      0.00000000      0.00000000      0.05443335      0.11904925      0.00395862      0.01792928      0.24027688      0.00000000      0.99983383      0.48191226      0.50196094      0.50196094      0.49278279      0.01761348      4.60000000    -10.00000000
     -1.30434783     -0.00000000     -0.00000000      0.00000000      0.00000000      0.05491200      0.09273732      0.00380630      0.01141462      0.22901777      0.00000000      0.99983383      0.47988445      0.50239111      0.50239111      0.49213235      0.01128580      4.60000000    -10.00000000
     -1.13712375     -0.00000000     -0.00000000      0.00000000      0.00000000      0.05536998      0.06590432      0.00365871      0.00604730      0.21831691      0.00000000      0.99983383      0.47777301      0.50283465      0.50283465      0.49145802      0.00601095      4.60000000    -10.00000000
     -0.96989967     -0.00000000     -0.00000000      0.00000000      0.00000000      0.05580597      0.03857799      0.00351579      0.00217332      0.20814984      0.00000000      0.99983383      0.47570870      0.50329218      0.50329218      0.49076332      0.00216861      4.60000000    -10.00000000
     -0.80267559     -0.00000000     -0.00000000      0.00000000      0.00000000      0.05621870      0.01078479      0.00337747      0.00017811      0.19849265      0.00000000      0.99983383      0.47350454      0.50376370      0.50376370      0.49008811      0.00017808      4.60000000    -10.00000000
     -0.63545151     -0.00000000     -0.00000000      0.00000000      0.00000000      0.05660693     -0.01745012      0.00324367      0.00048890      0.18932203      0.00000000      0.99983383      0.47131683      0.50424766      0.50424766      0.48932062      0.00048866      4.60000000    -10.00000000
     -0.46822742     -0.00000000     -0.00000000      0.00000000      0.00000000      0.05696948     -0.04610282      0.00311432      0.00357702      0.18061532      0.00000000      0.99983383      0.46909953      0.50474382      0.50474382      0.48847165      0.00356427      4.60000000    -10.00000000
     -0.30100334     -0.00000000     -0.00000000      0.00000000      0.00000000      0.05730525     -0.07515056      0.00298933      0.00996032      0.17235056      0.00000000      0.99983383      0.46674521      0.50524751      0.50524751      0.48781700      0.00986209      4.60000000    -10.00000000
     -0.13377926     -0.00000000     -0.00000000      0.00000000      0.00000000      0.05761317     -0.10457176      0.00286861      0.02020539      0.16450650      0.00000000      0.99983383      0.46438892      0.50576714      0.50576714      0.48705119      0.01980522      4.60000000    -10.00000000
      0.03344482     -0.00000000     -0.00000000      0.00000000      0.00000000      0.05789225     -0.13434595      0.00275207      0.03492993      0.15706267      0.00000000      0.99983383      0.46198057      0.50631313      0.50631313      0.48627307      0.03375101      4.60000000    -10.00000000
      0.20066890     -0.00000000     -0.00000000      0.00000000      0.00000000      0.05814157     -0.16445371      0.00263963      0.05480491      0.14999934      0.00000000      0.99983383      0.45954291      0.50683715      0.50683715      0.48543303      0.05195739      4.60000000    -10.00000000
      0.36789298     -0.00000000     -0.00000000      0.00000000      0.00000000      0.05836028     -0.19487664      0.00253118      0.08055681      0.14329756      0.00000000      0.99983383      0.45706139      0.50738443      0.50738443      0.48457706      0.07455120      4.60000000    -10.00000000
      0.53511706     -0.00000000     -0.00000000      0.00000000      0.00000000      0.05854761     -0.22559730      0.00242663      0.11296961      0.13693917      0.00000000      0.99983383      0.45453746      0.50793759      0.50793759      0.48372364      0.10150287      4.60000000    -10.00000000
      0.70234114     -0.00000000     -0.00000000      0.00000000      0.00000000      0.05870288     -0.25659917      0.00232588      0.15288679      0.13090675      0.00000000      0.99983383      0.45198672      0.50849912      0.50849912      0.48286171      0.13261214      4.60000000    -10.00000000
      0.86956522     -0.00000000     -0.00000000      0.00000000      0.00000000      0.05882549     -0.28786659      0.00222884      0.20121313      0.12518369      0.00000000      0.99983383      0.44940529      0.50906233      0.50906233      0.48211744      0.16750826      4.60000000    -10.00000000
      1.03678930     -0.00000000     -0.00000000      0.00000000      0.00000000      0.05891492     -0.31938472      0.00213541      0.25891634      0.11975408      0.00000000      0.99983383      0.44654683      0.50963537      0.50963537      0.48109616      0.20566604      4.60000000    -10.00000000
      1.20401338     -0.00000000     -0.00000000      0.00000000      0.00000000      0.05897075     -0.35113947      0.00204549      0.32702847      0.11460281      0.00000000      0.99983383      0.44416129      0.51021023      0.51021023      0.48020035      0.24643666      4.60000000    -10.00000000
      1.37123746     -0.00000000     -0.00000000      0.00000000      0.00000000      0.05899266     -0.38311748      0.00195899      0.40664704      0.10971546      0.00000000      0.99983383      0.44150835      0.51078766      0.51078766      0.47916385      0.28908961      4.60000000    -10.00000000
      1.53846154     -0.00000000     -0.00000000      0.00000000      0.00000000      0.05898041     -0.41530603      0.00187580      0.49893589      0.10507835      0.00000000      0.99983383      0.43883736      0.51136675      0.51136675      0.47838867      0.33286006      4.60000000    -10.00000000
      1.70568562     -0.00000000     -0.00000000      0.00000000      0.00000000      0.05893386     -0.44769303      0.00179584      0.60512550      0.10067850      0.00000000      0.99983383      0.43614602      0.51194733      0.51194733      0.47747427      0.37699576      4.60000000    -10.00000000
      1.87290970     -0.00000000     -0.00000000      0.00000000      0.00000000      0.05885297     -0.48026696      0.00171901      0.72651300      0.09650361      0.00000000      0.99983383      0.43342591      0.51252718      0.51252718      0.47655718      0.42079787      4.60000000    -10.00000000
      2.04013378     -0.00000000     -0.00000000      0.00000000      0.00000000      0.05873779     -0.51301683      0.00164522      0.86446142      0.09254205      0.00000000      0.99983383      0.43073421      0.51310602      0.51310602      0.47563791      0.46365208      4.60000000    -10.00000000
      2.20735786     -0.00000000     -0.00000000      0.00000000      0.00000000      0.05858847     -0.54593218      0.00157437      1.02039842      0.08878286      0.00000000      0.99983383      0.42803122      0.51368770      0.51368770      0.47471864      0.50504812      4.60000000    -10.00000000
      2.37458194     -0.00000000     -0.00000000      0.00000000      0.00000000      0.05840523     -0.57900307      0.00150639      1.19581431      0.08521568      0.00000000      0.99983383      0.42529483      0.51428793      0.51428793      0.47380869      0.54458809      4.60000000    -10.00000000
      2.54180602     -0.00000000     -0.00000000      0.00000000      0.00000000      0.05818839     -0.61222013      0.00144118      1.39225950      0.08183075      0.00000000      0.99983383      0.42255583      0.51482704      0.51482704      0.47288067      0.58198515      4.60000000    -10.00000000
      2.70903010     -0.00000000     -0.00000000      0.00000000      0.00000000      0.05793834     -0.64557460      0.00137867      1.61134150      0.07861887      0.00000000      0.99983383      0.41984644      0.51539211      0.51539211      0.47196474      0.61705507      4.60000000    -10.00000000
      2.87625418     -0.00000000     -0.00000000      0.00000000      0.00000000      0.05765552     -0.67905844      0.00131876      1.85472190      0.07557132      0.00000000      0.99983383      0.41712796      0.51594239      0.51594239      0.47105206      0.64970318      4.60000000    -10.00000000
      3.04347826     -0.00000000     -0.00000000      0.00000000      0.00000000      0.05734045     -0.71266437      0.00126137      2.12411358      0.07267982      0.00000000      0.99983383      0.41441566      0.51650423      0.51650423      0.47014578      0.67990921      4.60000000    -10.00000000
      3.21070234     -0.00000000     -0.00000000      0.00000000      0.00000000      0.05699371     -0.74638595      0.00120642      2.42127850      0.06993647      0.00000000      0.99983383      0.41181721      0.51705597      0.51705597      0.46924260      0.70771161      4.60000000    -10.00000000
      3.37792642     -0.00000000     -0.00000000      0.00000000      0.00000000      0.05661591     -0.78021753      0.00115382      2.74802594      0.06733364      0.00000000      0.99983383      0.40902527      0.51758693      0.51758693      0.46842910      0.73319288      4.60000000    -10.00000000
      3.54515050     -0.00000000     -0.00000000      0.00000000      0.00000000      0.05620776     -0.81415414      0.00110349      3.10621096      0.06486402      0.00000000      0.99983383      0.40628928      0.51811538      0.51811538      0.46745842      0.75646648      4.60000000    -10.00000000
      3.71237458     -0.00000000     -0.00000000      0.00000000      0.00000000      0.05577003     -0.84819137      0.00105533      3.49773221      0.06252053      0.00000000      0.99983383      0.40369257      0.51863361      0.51863361      0.46657613      0.77766573      4.60000000    -10.00000000
      3.87959866     -0.00000000     -0.00000000      0.00000000      0.00000000      0.05530357     -0.88232512      0.00100928      3.92452888      0.06029638      0.00000000      0.99983383      0.40105400      0.51914141      0.51914141      0.46570483      0.79693489      4.60000000    -10.00000000
      4.04682274     -0.00000000     -0.00000000      0.00000000      0.00000000      0.05480929     -0.91655149      0.00096523      4.38857634      0.05818507      0.00000000      0.99983383      0.39843775      0.51963793      0.51963793      0.46484429      0.81442223      4.60000000    -10.00000000
      4.21404682     -0.00000000     -0.00000000      0.00000000      0.00000000      0.05428820     -0.95086666      0.00092312      4.89188103      0.05618041      0.00000000      0.99983383      0.39584597      0.52012342      0.52012342      0.46399457      0.83027492      4.60000000    -10.00000000
      4.38127090     -0.00000000     -0.00000000      0.00000000      0.00000000      0.05374137     -0.98526685      0.00088285      5.43647483      0.05427650      0.00000000      0.99983383      0.39328933      0.52059445      0.52059445      0.46315704      0.84463545      4.60000000    -10.00000000
      4.54849498     -0.00000000     -0.00000000      0.00000000      0.00000000      0.05316992     -1.01974831      0.00084436      6.02440946      0.05246782      0.00000000      0.99983383      0.39074364      0.52105732      0.52105732      0.46233170      0.85763928      4.60000000    -10.00000000
      4.71571906     -0.00000000     -0.00000000      0.00000000      0.00000000      0.05257501     -1.05430738      0.00080756      6.65775078      0.05074911      0.00000000      0.99983383      0.38822515      0.52150932      0.52150932      0.46152008      0.86941335      4.60000000    -10.00000000
      4.88294314     -0.00000000     -0.00000000      0.00000000      0.00000000      0.05195787     -1.08894050      0.00077239      7.33857306      0.04911546      0.00000000      0.99983383      0.38575267      0.52193341      0.52193341      0.46072297      0.88007540      4.60000000    -10.00000000
      5.05016722     -0.00000000     -0.00000000      0.00000000      0.00000000      0.05131971     -1.12364423      0.00073878      8.06895284      0.04756221      0.00000000      0.99983383      0.38330370      0.52234865      0.52234865      0.45993995      0.88973369      4.60000000    -10.00000000
      5.21739130     -0.00000000     -0.00000000      0.00000000      0.00000000      0.05066181     -1.15841527      0.00070665      8.85096225      0.04608500      0.00000000      0.99983383      0.38089355      0.52274880      0.52274880      0.45917236      0.89848707      4.60000000    -10.00000000
      5.38461538     -0.00000000     -0.00000000      0.00000000      0.00000000      0.04998544     -1.19325043      0.00067596      9.68666188      0.04467973      0.00000000      0.99983383      0.37857798      0.52313504      0.52313504      0.45841791      0.90642541      4.60000000    -10.00000000
      5.55183946     -0.00000000     -0.00000000      0.00000000      0.00000000      0.04929190     -1.22814671      0.00064663     10.57809289      0.04334257      0.00000000      0.99983383      0.37617573      0.52350533      0.52350533      0.45768686      0.91362999      4.60000000    -10.00000000
      5.71906355     -0.00000000     -0.00000000      0.00000000      0.00000000      0.04858247     -1.26310121      0.00061861     11.52726873      0.04206989      0.00000000      0.99983383      0.37387092      0.52386014      0.52386014      0.45696961      0.92017414      4.60000000    -10.00000000
      5.88628763     -0.00000000     -0.00000000      0.00000000      0.00000000      0.04785846     -1.29811118      0.00059184     12.53616642      0.04085832      0.00000000      0.99983383      0.37160218      0.52419975      0.52419975      0.45626885      0.92612384      4.60000000    -10.00000000
      6.05351171     -0.00000000     -0.00000000      0.00000000      0.00000000      0.04712116     -1.33317399      0.00056627     13.60671739      0.03970469      0.00000000      0.99983383      0.36937017      0.52452197      0.52452197      0.45558631      0.93153835      4.60000000    -10.00000000
      6.22073579     -0.00000000     -0.00000000      0.00000000      0.00000000      0.04637185     -1.36828714      0.00054185     14.74079815      0.03860602      0.00000000      0.99983383      0.36719835      0.52482869      0.52482869      0.45492242      0.93647082      4.60000000    -10.00000000
      6.38795987     -0.00000000     -0.00000000      0.00000000      0.00000000      0.04561183     -1.40344827      0.00051852     15.94022045      0.03755952      0.00000000      0.99983383      0.36511864      0.52511961      0.52511961      0.45427709      0.94096889      4.60000000    -10.00000000
      6.55518395     -0.00000000     -0.00000000      0.00000000      0.00000000      0.04484234     -1.43865510      0.00049624     17.20672126      0.03656257      0.00000000      0.99983383      0.36306913      0.52539394      0.52539394      0.45363983      0.94507523      4.60000000    -10.00000000
      6.72240803     -0.00000000     -0.00000000      0.00000000      0.00000000      0.04406464     -1.47390550      0.00047497     18.54195270      0.03561273      0.00000000      0.99983383      0.36105688      0.52565221      0.52565221      0.45304296      0.94882804      4.60000000    -10.00000000
      6.88963211     -0.00000000     -0.00000000      0.00000000      0.00000000      0.04327994     -1.50919743      0.00045465     19.94747105      0.03470770      0.00000000      0.99983383      0.35908046      0.52589395      0.52589395      0.45245395      0.95226154      4.60000000    -10.00000000
      7.05685619     -0.00000000     -0.00000000      0.00000000      0.00000000      0.04248944     -1.54452895      0.00043526     21.42472599      0.03384530      0.00000000      0.99983383      0.35715469      0.52611979      0.52611979      0.45188509      0.95540637      4.60000000    -10.00000000
      7.22408027     -0.00000000     -0.00000000      0.00000000      0.00000000      0.04169431     -1.57989821      0.00041674     22.97504928      0.03302351      0.00000000      0.99983383      0.35527463      0.52632956      0.52632956      0.45133340      0.95828997      4.60000000    -10.00000000
      7.39130435     -0.00000000     -0.00000000      0.00000000      0.00000000      0.04089569     -1.61530348      0.00039907     24.59964314      0.03224044      0.00000000      0.99983383      0.35344205      0.52652337      0.52652337      0.45080570      0.96093696      4.60000000    -10.00000000
      7.55852843     -0.00000000     -0.00000000      0.00000000      0.00000000      0.04009468     -1.65074310      0.00038219     26.29956840      0.03149429      0.00000000      0.99983383      0.35166142      0.52670150      0.52670150      0.45029605      0.96336938      4.60000000    -10.00000000
      7.72575251     -0.00000000     -0.00000000      0.00000000      0.00000000      0.03929234     -1.68621548      0.00036609     28.07573228      0.03078340      0.00000000      0.99983383      0.34991435      0.52686224      0.52686224      0.44980929      0.96560706      4.60000000    -10.00000000
      7.89297659     -0.00000000     -0.00000000      0.00000000      0.00000000      0.03848971     -1.72171912      0.00035072     29.92887621      0.03010618      0.00000000      0.99983383      0.34814621      0.52701133      0.52701133      0.44933418      0.96766776      4.60000000    -10.00000000
      8.06020067     -0.00000000     -0.00000000      0.00000000      0.00000000      0.03768779     -1.75725260      0.00033606     31.85956336      0.02946118      0.00000000      0.99983383      0.34660158      0.52714337      0.52714337      0.44888302      0.96956746      4.60000000    -10.00000000
      8.22742475     -0.00000000     -0.00000000      0.00000000      0.00000000      0.03688751     -1.79281456      0.00032207     33.86816633      0.02884699      0.00000000      0.99983383      0.34501392      0.52726114      0.52726114      0.44845140      0.97132055      4.60000000    -10.00000000
      8.39464883     -0.00000000     -0.00000000      0.00000000      0.00000000      0.03608980     -1.82840372      0.00030872     35.95485514      0.02826234      0.00000000      0.99983383      0.34347823      0.52736425      0.52736425      0.44803938      0.97293996      4.60000000    -10.00000000
      8.56187291     -0.00000000     -0.00000000      0.00000000      0.00000000      0.03529552     -1.86401883      0.00029598     38.11958458      0.02770601      0.00000000      0.99983383      0.34199792      0.52745420      0.52745420      0.44764633      0.97443736      4.60000000    -10.00000000
      8.72909699     -0.00000000     -0.00000000      0.00000000      0.00000000      0.03450550     -1.89965875      0.00028383     40.36208437      0.02717685      0.00000000      0.99983383      0.34055214      0.52752844      0.52752844      0.44725289      0.97582327      4.60000000    -10.00000000
      8.89632107     -0.00000000     -0.00000000      0.00000000      0.00000000      0.03372052     -1.93532235      0.00027224     42.68184756      0.02667380      0.00000000      0.99983383      0.33916294      0.52758914      0.52758914      0.44691769      0.97710720      4.60000000    -10.00000000
      9.06354515     -0.00000000     -0.00000000      0.00000000      0.00000000      0.03294132     -1.97100858      0.00026118     45.07812068      0.02619586      0.00000000      0.99983383      0.33782403      0.52763669      0.52763669      0.44658105      0.97829773      4.60000000    -10.00000000
      9.23076923     -0.00000000     -0.00000000      0.00000000      0.00000000      0.03216858     -2.00671645      0.00025064     47.54989669      0.02574210      0.00000000      0.99983383      0.33653086      0.52766973      0.52766973      0.44613179      0.97940263      4.60000000    -10.00000000
      9.39799331     -0.00000000     -0.00000000      0.00000000      0.00000000      0.03140298     -2.04244498      0.00024058     50.09590725      0.02531162      0.00000000      0.99983383      0.33529153      0.52769390      0.52769390      0.44596513      0.98042896      4.60000000    -10.00000000
      9.56521739     -0.00000000     -0.00000000      0.00000000      0.00000000      0.03064510     -2.07819329      0.00023099     52.71461829      0.02490361      0.00000000      0.99983383      0.33409581      0.52770433      0.52770433      0.44568701      0.98138309      4.60000000    -10.00000000
      9.73244147     -0.00000000     -0.00000000      0.00000000      0.00000000      0.02989553     -2.11396052      0.00022184     55.40424386      0.02451728      0.00000000      0.99983383      0.33294943      0.52770321      0.52770321      0.44542074      0.98227084      4.60000000    -10.00000000
      9.89966555     -0.00000000     -0.00000000      0.00000000      0.00000000      0.02915478     -2.14974585      0.00021312     58.16268223      0.02415190      0.00000000      0.99983383      0.33185121      0.52769055      0.52769055      0.44517463      0.98309745      4.60000000    -10.00000000
     10.06688963     -0.00000000     -0.00000000      0.00000000      0.00000000      0.02842334     -2.18554853      0.00020481     60.98760358      0.02380679      0.00000000      0.99983383      0.33080086      0.52766740      0.52766740      0.44494591      0.98386774      4.60000000    -10.00000000
     10.23411371     -0.00000000     -0.00000000      0.00000000      0.00000000      0.02770164     -2.22136782      0.00019688     63.87643972      0.02348128      0.00000000      0.99983383      0.32979742      0.52763370      0.52763370      0.44473353      0.98458608      4.60000000    -10.00000000
     10.40133779     -0.00000000     -0.00000000      0.00000000      0.00000000      0.02699010     -2.25720305      0.00018932     66.82634808      0.02317475      0.00000000      0.99983383      0.32883945      0.52759000      0.52759000      0.44453841      0.98525647      4.60000000    -10.00000000
     10.56856187     -0.00000000     -0.00000000      0.00000000      0.00000000      0.02628907     -2.29305360      0.00018211     69.83427476      0.02288660      0.00000000      0.99983383      0.32792702      0.52753669      0.52753669      0.44435912      0.98588254      4.60000000    -10.00000000
     10.73578595     -0.00000000     -0.00000000      0.00000000      0.00000000      0.02559889     -2.32891885      0.00017523     72.89680671      0.02261631      0.00000000      0.99983383      0.32704907      0.52747420      0.52747420      0.44412771      0.98646762      4.60000000    -10.00000000
     10.90301003     -0.00000000     -0.00000000      0.00000000      0.00000000      0.02491980     -2.36480273      0.00016865     76.02167921      0.02236011      0.00000000      0.99983383      0.32624037      0.52740288      0.52740288      0.44404764      0.98701664      4.60000000    -10.00000000
     11.07023411     -0.00000000     -0.00000000      0.00000000      0.00000000      0.02425219     -2.40069132      0.00016242     79.17190187      0.02212703      0.00000000      0.99983383      0.32545535      0.52732304      0.52732304      0.44391414      0.98752680      4.60000000    -10.00000000
     11.23745819     -0.00000000     -0.00000000      0.00000000      0.00000000      0.02359616     -2.43659755      0.00015646     82.37696320      0.02190702      0.00000000      0.99983383      0.32471832      0.52723539      0.52723539      0.44379672      0.98800628      4.60000000    -10.00000000
     11.40468227     -0.00000000     -0.00000000      0.00000000      0.00000000      0.02295194     -2.47251651      0.00015077     85.62181019      0.02170279      0.00000000      0.99983383      0.32401789      0.52714001      0.52714001      0.44369263      0.98845556      4.60000000    -10.00000000
     11.57190635     -0.00000000     -0.00000000      0.00000000      0.00000000      0.02231969     -2.50844780      0.00014534     88.90249225      0.02151383      0.00000000      0.99983383      0.32337138      0.52703739      0.52703739      0.44360280      0.98887684      4.60000000    -10.00000000
     11.73913043     -0.00000000     -0.00000000      0.00000000      0.00000000      0.02169955     -2.54439106      0.00014015     92.21489835      0.02133969      0.00000000      0.99983383      0.32275449      0.52692792      0.52692792      0.44352707      0.98927210      4.60000000    -10.00000000
     11.90635452     -0.00000000     -0.00000000      0.00000000      0.00000000      0.02109162     -2.58034595      0.00013521     95.55497836      0.02117991      0.00000000      0.99983383      0.32218368      0.52681200      0.52681200      0.44346414      0.98964321      4.60000000    -10.00000000
     12.07357860     -0.00000000     -0.00000000      0.00000000      0.00000000      0.02049598     -2.61631215      0.00013048     98.91867198      0.02103402      0.00000000      0.99983383      0.32164613      0.52668985      0.52668985      0.44340828      0.98999186      4.60000000    -10.00000000
     12.24080268     -0.00000000     -0.00000000      0.00000000      0.00000000      0.01991268     -2.65228941      0.00012597    102.30197484      0.02090159      0.00000000      0.99983383      0.32109215      0.52656199      0.52656199      0.44337565      0.99031964      4.60000000    -10.00000000
     12.40802676     -0.00000000     -0.00000000      0.00000000      0.00000000      0.01934176     -2.68827746      0.00012166    105.70095360      0.02078216      0.00000000      0.99983383      0.32069651      0.52642871      0.52642871      0.44332845      0.99062801      4.60000000    -10.00000000
     12.57525084     -0.00000000     -0.00000000      0.00000000      0.00000000      0.01878322     -2.72427608      0.00011754    109.11178236      0.02067531      0.00000000      0.99983383      0.32027421      0.52628934      0.52628934      0.44333614      0.99091832      4.60000000    -10.00000000
     12.74247492     -0.00000000     -0.00000000      0.00000000      0.00000000      0.01823704     -2.76028505      0.00011360    112.53076161      0.02058060      0.00000000      0.99983383      0.31988962      0.52614724      0.52614724      0.44333358      0.99119181      4.60000000    -10.00000000
     12.90969900     -0.00000000     -0.00000000      0.00000000      0.00000000      0.01770320     -2.79630605      0.00010982    115.96338142      0.02049604      0.00000000      0.99983383      0.31953775      0.52599937      0.52599937      0.44334535      0.99145032      4.60000000    -10.00000000
     13.07692308     -0.00000000     -0.00000000      0.00000000      0.00000000      0.01718167     -2.83233331      0.00010622    119.37912716      0.02042593      0.00000000      0.99983383      0.31922200      0.52584827      0.52584827      0.44336107      0.99169291      4.60000000    -10.00000000
     13.24414716     -0.00000000     -0.00000000      0.00000000      0.00000000      0.01667234     -2.86837224      0.00010277    122.80190579      0.02036514      0.00000000      0.99983383      0.31893926      0.52569257      0.52569257      0.44339031      0.99192258      4.60000000    -10.00000000
     13.41137124     -0.00000000     -0.00000000      0.00000000      0.00000000      0.01617515     -2.90441708      0.00009949    126.16996953      0.02032280      0.00000000      0.99983383      0.31868848      0.52553374      0.52553374      0.44342956      0.99213651      4.60000000    -10.00000000
     13.57859532     -0.00000000     -0.00000000      0.00000000      0.00000000      0.01569002     -2.94047892      0.00009628    129.62949712      0.02027467      0.00000000      0.99983383      0.31826848      0.52537138      0.52537138      0.44347791      0.99234476      4.60000000    -10.00000000
     13.74581940     -0.00000000     -0.00000000      0.00000000      0.00000000      0.01521682     -2.97654636      0.00009324    133.02878934      0.02024423      0.00000000      0.99983383      0.31828334      0.52520622      0.52520622      0.44353636      0.99253892      4.60000000    -10.00000000
     13.91304348     -0.00000000     -0.00000000      0.00000000      0.00000000      0.01475542     -3.01262421      0.00009031    136.42252606      0.02022206      0.00000000      0.99983383      0.31812753      0.52503839      0.52503839      0.44360289      0.99272317      4.60000000    -10.00000000
     14.08026756     -0.00000000     -0.00000000      0.00000000      0.00000000      0.01430571     -3.04870871      0.00008751    139.78588789      0.02021110      0.00000000      0.99983383      0.31799840      0.52486776      0.52486776      0.44367815      0.99289702      4.60000000    -10.00000000
     14.24749164     -0.00000000     -0.00000000      0.00000000      0.00000000      0.01386753     -3.08480436      0.00008481    143.14619924      0.02020677      0.00000000      0.99983383      0.31785179      0.52469574      0.52469574      0.44376195      0.99306260      4.60000000    -10.00000000
     14.41471572     -0.00000000     -0.00000000      0.00000000      0.00000000      0.01344073     -3.12090764      0.00008222    146.47974823      0.02021184      0.00000000      0.99983383      0.31784395      0.52452146      0.52452146      0.44385271      0.99321941      4.60000000    -10.00000000
     14.58193980     -0.00000000     -0.00000000      0.00000000      0.00000000      0.01302516     -3.15701953      0.00007973    149.79189296      0.02022496      0.00000000      0.99983383      0.31778975      0.52434556      0.52434556      0.44395198      0.99336834      4.60000000    -10.00000000
     14.74916388     -0.00000000     -0.00000000      0.00000000      0.00000000      0.01262065     -3.19313901      0.00007734    153.07470941      0.02024668      0.00000000      0.99983383      0.31776980      0.52416841      0.52416841      0.44405771      0.99350964      4.60000000    -10.00000000
     14.91638796     -0.00000000     -0.00000000      0.00000000      0.00000000      0.01222701     -3.22926851      0.00007503    156.34611034      0.02027415      0.00000000      0.99983383      0.31777547      0.52399144      0.52399144      0.44417054      0.99364458      4.60000000    -10.00000000
     15.08361204     -0.00000000     -0.00000000      0.00000000      0.00000000      0.01184408     -3.26540443      0.00007281    159.57746429      0.02031065      0.00000000      0.99983383      0.31780489      0.52381086      0.52381086      0.44429091      0.99377248      4.60000000    -10.00000000
     15.25083612     -0.00000000     -0.00000000      0.00000000      0.00000000      0.01147166     -3.30154912      0.00007067    162.78799624      0.02035329      0.00000000      0.99983383      0.31786070      0.52362851      0.52362851      0.44441501      0.99389455      4.60000000    -10.00000000
     15.41806020     -0.00000000     -0.00000000      0.00000000      0.00000000      0.01110956     -3.33770218      0.00006860    165.97466452      0.02040210      0.00000000      0.99983383      0.31793876      0.52344581      0.52344581      0.44454777      0.99401107      4.60000000    -10.00000000
     15.58528428     -0.00000000     -0.00000000      0.00000000      0.00000000      0.01075760     -3.37386153      0.00006661    169.12043656      0.02045879      0.00000000      0.99983383      0.31803751      0.52326235      0.52326235      0.44468546      0.99412181      4.60000000    -10.00000000
     15.75250836     -0.00000000     -0.00000000      0.00000000      0.00000000      0.01041558     -3.41002894      0.00006469    172.24065866      0.02052116      0.00000000      0.99983383      0.31815988      0.52307846      0.52307846      0.44482781      0.99422768      4.60000000    -10.00000000
     15.91973244     -0.00000000     -0.00000000      0.00000000      0.00000000      0.01008330     -3.44620346      0.00006284    175.32700784      0.02058991      0.00000000      0.99983383      0.31830241      0.52289430      0.52289430      0.44497449      0.99432872      4.60000000    -10.00000000
     16.08695652     -0.00000000     -0.00000000      0.00000000      0.00000000      0.00976055     -3.48238546      0.00006105    178.38425032      0.02066420      0.00000000      0.99983383      0.31846535      0.52270994      0.52270994      0.44513013      0.99442537      4.60000000    -10.00000000
     16.25418060     -0.00000000     -0.00000000      0.00000000      0.00000000      0.00944714     -3.51857374      0.00005932    181.40205332      0.02074496      0.00000000      0.99983383      0.31865266      0.52252584      0.52252584      0.44528755      0.99451761      4.60000000    -10.00000000
     16.42140468     -0.00000000     -0.00000000      0.00000000      0.00000000      0.00914287     -3.55476732      0.00005765    184.35891599      0.02083434      0.00000000      0.99983383      0.31904208      0.52234170      0.52234170      0.44554574      0.99460506      4.60000000    -10.00000000
     16.58862876     -0.00000000     -0.00000000      0.00000000      0.00000000      0.00884754     -3.59096990      0.00005603    187.32884784      0.02092379      0.00000000      0.99983383      0.31906886      0.52215796      0.52215796      0.44561663      0.99469014      4.60000000    -10.00000000
     16.75585284     -0.00000000     -0.00000000      0.00000000      0.00000000      0.00856093     -3.62717621      0.00005448    190.21283678      0.02102418      0.00000000      0.99983383      0.31930761      0.52197457      0.52197457      0.44578738      0.99477023      4.60000000    -10.00000000
     16.92307692     -0.00000000     -0.00000000      0.00000000      0.00000000      0.00828285     -3.66338974      0.00005297    193.08217259      0.02112738      0.00000000      0.99983383      0.31956054      0.52179169      0.52179169      0.44596184      0.99484754      4.60000000    -10.00000000
     17.09030100     -0.00000000     -0.00000000      0.00000000      0.00000000      0.00801310     -3.69960904      0.00005150    195.91125256      0.02123605      0.00000000      0.99983383      0.31983100      0.52160946      0.52160946      0.44613737      0.99492157      4.60000000    -10.00000000
     17.25752508     -0.00000000     -0.00000000      0.00000000      0.00000000      0.00775148     -3.73583389      0.00005009    198.69919571      0.02135013      0.00000000      0.99983383      0.32011731      0.52142792      0.52142792      0.44632122      0.99499247      4.60000000    -10.00000000
     17.42474916     -0.00000000     -0.00000000      0.00000000      0.00000000      0.00749778     -3.77206413      0.00004872    201.44561403      0.02146950      0.00000000      0.99983383      0.32041851      0.52124723      0.52124723      0.44650582      0.99506040      4.60000000    -10.00000000
     17.59197324     -0.00000000     -0.00000000      0.00000000      0.00000000      0.00725182     -3.80830030      0.00004739    204.16594356      0.02159238      0.00000000      0.99983383      0.32073434      0.52106748      0.52106748      0.44669333      0.99512590      4.60000000    -10.00000000
     17.75919732     -0.00000000     -0.00000000      0.00000000      0.00000000      0.00701339     -3.84453991      0.00004611    206.80904236      0.02172405      0.00000000      0.99983383      0.32106450      0.52088876      0.52088876      0.44688354      0.99518789      4.60000000    -10.00000000
     17.92642140     -0.00000000     -0.00000000      0.00000000      0.00000000      0.00678230     -3.88078572      0.00004487    209.43944957      0.02185759      0.00000000      0.99983383      0.32141193      0.52071121      0.52071121      0.44707599      0.99524804      4.60000000    -10.00000000
     18.09364548     -0.00000000     -0.00000000      0.00000000      0.00000000      0.00655836     -3.91703479      0.00004366    212.01650614      0.02199716      0.00000000      0.99983383      0.32154450      0.52053502      0.52053502      0.44727211      0.99530553      4.60000000    -10.00000000
     18.26086957     -0.00000000     -0.00000000      0.00000000      0.00000000      0.00634139     -3.95328947      0.00004250    214.53192550      0.02214353      0.00000000      0.99983383      0.32213446      0.52036073      0.52036073      0.44746959      0.99536032      4.60000000    -10.00000000
     18.42809365     -0.00000000     -0.00000000      0.00000000      0.00000000      0.00613119     -3.98954722      0.00004137    216.99590625      0.02229550      0.00000000      0.99983383      0.32251580      0.52018745      0.52018745      0.44766946      0.99541276      4.60000000    -10.00000000
     18.59531773     -0.00000000     -0.00000000      0.00000000      0.00000000      0.00592758     -4.02580953      0.00004028    219.44307740      0.02244947      0.00000000      0.99983383      0.32289792      0.52001343      0.52001343      0.44787109      0.99546368      4.60000000    -10.00000000
     18.76254181     -0.00000000     -0.00000000      0.00000000      0.00000000      0.00573039     -4.06207566      0.00003922    221.82276459      0.02261056      0.00000000      0.99983383      0.32330877      0.51984121      0.51984121      0.44807512      0.99551213      4.60000000    -10.00000000
     18.92976589     -0.00000000     -0.00000000      0.00000000      0.00000000      0.00553944     -4.09834544      0.00003819    224.15329137      0.02277684      0.00000000      0.99983383      0.32366002      0.51967048      0.51967048      0.44841235      0.99555858      4.60000000    -10.00000000
     19.09698997     -0.00000000     -0.00000000      0.00000000      0.00000000      0.00535454     -4.13461866      0.00003719    226.43388262      0.02294833      0.00000000      0.99983383      0.32414430      0.51950229      0.51950229      0.44848661      0.99560312      4.60000000    -10.00000000
     19.26421405     -0.00000000     -0.00000000      0.00000000      0.00000000      0.00517554     -4.17089517      0.00003622    228.66384263      0.02312504      0.00000000      0.99983383      0.32457535      0.51933397      0.51933397      0.44869452      0.99564581      4.60000000    -10.00000000
     19.43143813     -0.00000000     -0.00000000      0.00000000      0.00000000      0.00500226     -4.20717477      0.00003529    230.84236162      0.02330704      0.00000000      0.99983383      0.32501629      0.51916607      0.51916607      0.44890398      0.99568672      4.60000000    -10.00000000
     19.59866221     -0.00000000     -0.00000000      0.00000000      0.00000000      0.00483455     -4.24345730      0.00003438    232.96904639      0.02349432      0.00000000      0.99983383      0.32546291      0.51899972      0.51899972      0.44911334      0.99572593      4.60000000    -10.00000000
     19.76588629     -0.00000000     -0.00000000      0.00000000      0.00000000      0.00467223     -4.27974259      0.00003350    235.04301106      0.02368697      0.00000000      0.99983383      0.32626445      0.51883492      0.51883492      0.44932599      0.99576348      4.60000000    -10.00000000
     19.93311037     -0.00000000     -0.00000000      0.00000000      0.00000000      0.00451515     -4.31603047      0.00003264    237.05350133      0.02388604      0.00000000      0.99983383      0.32565292      0.51867172      0.51867172      0.44953819      0.99579926      4.60000000    -10.00000000
     20.10033445     -0.00000000     -0.00000000      0.00000000      0.00000000      0.00436316     -4.35232078      0.00003181    239.02095308      0.02408947      0.00000000      0.99983383      0.32685261      0.51851014      0.51851014      0.44975020      0.99583370      4.60000000    -10.00000000
     20.26755853     -0.00000000     -0.00000000      0.00000000      0.00000000      0.00421611     -4.38861334      0.00003101    240.94267696      0.02429755      0.00000000      0.99983383      0.32733182      0.51835015      0.51835015      0.44996481      0.99586679      4.60000000    -10.00000000
     20.43478261     -0.00000000     -0.00000000      0.00000000      0.00000000      0.00407385     -4.42490801      0.00003022    242.79985937      0.02451216      0.00000000      0.99983383      0.32781841      0.51819181      0.51819181      0.45016405      0.99589827      4.60000000    -10.00000000
     20.60200669     -0.00000000     -0.00000000      0.00000000      0.00000000      0.00393623     -4.46120461      0.00002947    244.60137567      0.02473244      0.00000000      0.99983383      0.32830708      0.51803513      0.51803513      0.45039435      0.99592836      4.60000000    -10.00000000
     20.76923077     -0.00000000     -0.00000000      0.00000000      0.00000000      0.00380313     -4.49750300      0.00002873    246.34679341      0.02495844      0.00000000      0.99983383      0.32876387      0.51788012      0.51788012      0.45061004      0.99595709      4.60000000    -10.00000000
     20.93645485     -0.00000000     -0.00000000      0.00000000      0.00000000      0.00367439     -4.53380302      0.00002801    248.03558119      0.02519027      0.00000000      0.99983383      0.32930700      0.51772674      0.51772674      0.45082514      0.99598451      4.60000000    -10.00000000
     21.10367893     -0.00000000     -0.00000000      0.00000000      0.00000000      0.00354988     -4.57010452      0.00002732    249.66719938      0.02542800      0.00000000      0.99983383      0.32981532      0.51757505      0.51757505      0.45104088      0.99601065      4.60000000    -10.00000000
     21.27090301     -0.00000000     -0.00000000      0.00000000      0.00000000      0.00342949     -4.60640734      0.00002665    251.24129792      0.02567173      0.00000000      0.99983383      0.33032670      0.51742504      0.51742504      0.45125679      0.99603554      4.60000000    -10.00000000
     21.43812709     -0.00000000     -0.00000000      0.00000000      0.00000000      0.00331307     -4.64271135      0.00002599    252.75736673      0.02592156      0.00000000      0.99983383      0.33085218      0.51727672      0.51727672      0.45147257      0.99605923      4.60000000    -10.00000000
     21.60535117     -0.00000000     -0.00000000      0.00000000      0.00000000      0.00320050     -4.67901638      0.00002536    254.21508243      0.02617757      0.00000000      0.99983383      0.33136702      0.51713008      0.51713008      0.45169858      0.99608174      4.60000000    -10.00000000
     21.77257525     -0.00000000     -0.00000000      0.00000000      0.00000000      0.00309168     -4.71532230      0.00002474    255.61396568      0.02643989      0.00000000      0.99983383      0.33178786      0.51698512      0.51698512      0.45242909      0.99610310      4.60000000    -10.00000000
     21.93979933     -0.00000000     -0.00000000      0.00000000      0.00000000      0.00298647     -4.75162896      0.00002414    256.95374140      0.02670863      0.00000000      0.99983383      0.33242220      0.51684184      0.51684184      0.45229672      0.99612334      4.60000000    -10.00000000
     22.10702341     -0.00000000     -0.00000000      0.00000000      0.00000000      0.00288476     -4.78793623      0.00002356    258.23406314      0.02698390      0.00000000      0.99983383      0.33295500      0.51670023      0.51670023      0.45216767      0.99614248      4.60000000    -10.00000000
     22.27424749     -0.00000000     -0.00000000      0.00000000      0.00000000      0.00278645     -4.82424395      0.00002300    259.45461937      0.02726582      0.00000000      0.99983383      0.33347488      0.51656030      0.51656030      0.45255093      0.99616056      4.60000000    -10.00000000
     22.44147157     -0.00000000     -0.00000000      0.00000000      0.00000000      0.00269143     -4.86055199      0.00002245    260.61515453      0.02755453      0.00000000      0.99983383      0.33403357      0.51642204      0.51642204      0.45276646      0.99617759      4.60000000    -10.00000000
     22.60869565     -0.00000000     -0.00000000      0.00000000      0.00000000      0.00259958     -4.89686021      0.00002191    261.71542208      0.02785015      0.00000000      0.99983383      0.33457303      0.51628544      0.51628544      0.45298041      0.99619360      4.60000000    -10.00000000
     22.77591973     -0.00000000     -0.00000000      0.00000000      0.00000000      0.00251082     -4.93316847      0.00002139    262.75520085      0.02815283      0.00000000      0.99983383      0.33511795      0.51615049      0.51615049      0.45319438      0.99620861      4.60000000    -10.00000000
     22.94314381     -0.00000000     -0.00000000      0.00000000      0.00000000      0.00242504     -4.96947663      0.00002089    263.73429394      0.02846271      0.00000000      0.99983383      0.33566555      0.51601718      0.51601718      0.45340743      0.99622263      4.60000000    -10.00000000
     23.11036789     -0.00000000     -0.00000000      0.00000000      0.00000000      0.00234214     -5.00578457      0.00002040    264.65257390      0.02877993      0.00000000      0.99983383      0.33621449      0.51588550      0.51588550      0.45362938      0.99623568      4.60000000    -10.00000000
     23.27759197     -0.00000000     -0.00000000      0.00000000      0.00000000      0.00226203     -5.04209214      0.00001993    265.50988057      0.02910465      0.00000000      0.99983383      0.33676563      0.51575525      0.51575525      0.45383378      0.99624779      4.60000000    -10.00000000
     23.44481605     -0.00000000     -0.00000000      0.00000000      0.00000000      0.00218463     -5.07839921      0.00001946    266.30613423      0.02943703      0.00000000      0.99983383      0.33731803      0.51562716      0.51562716      0.45404593      0.99625897      4.60000000    -10.00000000
     23.61204013     -0.00000000     -0.00000000      0.00000000      0.00000000      0.00210983     -5.11470565      0.00001902    267.04122865      0.02977724      0.00000000      0.99983383      0.33787182      0.51550016      0.51550016      0.45425633      0.99626923      4.60000000    -10.00000000
     23.77926421     -0.00000000     -0.00000000      0.00000000      0.00000000      0.00203757     -5.15101132      0.00001858    267.71516094      0.03012545      0.00000000      0.99983383      0.33842900      0.51537491      0.51537491      0.45451781      0.99627859      4.60000000    -10.00000000
     23.94648829     -0.00000000     -0.00000000      0.00000000      0.00000000      0.00196775     -5.18731608      0.00001815    268.32791204      0.03048183      0.00000000      0.99983383      0.33878891      0.51525123      0.51525123      0.45467656      0.99628705      4.60000000    -10.00000000
     24.11371237     -0.00000000     -0.00000000      0.00000000      0.00000000      0.00190030     -5.22361982      0.00001774    268.87949945      0.03084657      0.00000000      0.99983383      0.33954306      0.51512911      0.51512911      0.45488547      0.99629464      4.60000000    -10.00000000
     24.28093645     -0.00000000     -0.00000000      0.00000000      0.00000000      0.00183513     -5.25992239      0.00001734    269.36994929      0.03121987      0.00000000      0.99983383      0.34009988      0.51500853      0.51500853      0.45510203      0.99630136      4.60000000    -10.00000000
     24.44816054     -0.00000000     -0.00000000      0.00000000      0.00000000      0.00177218     -5.29622365      0.00001695    269.79938676      0.03160190      0.00000000      0.99983383      0.34066089      0.51488949      0.51488949      0.45530086      0.99630723      4.60000000    -10.00000000
     24.61538462     -0.00000000     -0.00000000      0.00000000      0.00000000      0.00171137     -5.33252349      0.00001657    270.16791339      0.03199288      0.00000000      0.99983383      0.34122074      0.51477196      0.51477196      0.45550758      0.99631225      4.60000000    -10.00000000
     24.78260870     -0.00000000     -0.00000000      0.00000000      0.00000000      0.00165262     -5.36882176      0.00001620    270.47561655      0.03239301      0.00000000      0.99983383      0.34179939      0.51465590      0.51465590      0.45570685      0.99631643      4.60000000    -10.00000000
     24.94983278     -0.00000000     -0.00000000      0.00000000      0.00000000      0.00159588     -5.40511834      0.00001584    270.72277621      0.03280251      0.00000000      0.99983383      0.34234128      0.51454138      0.51454138      0.45591750      0.99631978      4.60000000    -10.00000000
     25.11705686     -0.00000000     -0.00000000      0.00000000      0.00000000      0.00154106     -5.44141308      0.00001550    270.90953943      0.03322160      0.00000000      0.99983383      0.34290172      0.51442831      0.51442831      0.45612120      0.99632231      4.60000000    -10.00000000
     25.28428094     -0.00000000     -0.00000000      0.00000000      0.00000000      0.00148812     -5.47770586      0.00001516    271.03616293      0.03365051      0.00000000      0.99983383      0.34346243      0.51431669      0.51431669      0.45633082      0.99632402      4.60000000    -10.00000000
     25.45150502     -0.00000000     -0.00000000      0.00000000      0.00000000      0.00143699     -5.51399654      0.00001483    271.10290585      0.03408948      0.00000000      0.99983383      0.34402239      0.51420650      0.51420650      0.45652574      0.99632492      4.60000000    -10.00000000
     25.61872910     -0.00000000     -0.00000000      0.00000000      0.00000000      0.00138760     -5.55028499      0.00001451    271.11007156      0.03453873      0.00000000      0.99983383      0.34458228      0.51409774      0.51409774      0.45672660      0.99632502      4.60000000    -10.00000000
     25.78595318     -0.00000000     -0.00000000      0.00000000      0.00000000      0.00133989     -5.58657106      0.00001419    271.05802466      0.03499854      0.00000000      0.99983383      0.34514241      0.51399038      0.51399038      0.45697234      0.99632431      4.60000000    -10.00000000
     25.95317726     -0.00000000     -0.00000000      0.00000000      0.00000000      0.00129382     -5.62285464      0.00001389    270.94711269      0.03546914      0.00000000      0.99983383      0.34570110      0.51388440      0.51388440      0.45712520      0.99632281      4.60000000    -10.00000000
     26.12040134     -0.00000000     -0.00000000      0.00000000      0.00000000      0.00124933     -5.65913557      0.00001359    270.77773655      0.03595082      0.00000000      0.99983383      0.34625918      0.51377979      0.51377979      0.45732285      0.99632052      4.60000000    -10.00000000
     26.28762542     -0.00000000     -0.00000000      0.00000000      0.00000000      0.00120636     -5.69541372      0.00001331    270.55033334      0.03644383      0.00000000      0.99983383      0.34681748      0.51367654      0.51367654      0.45752009      0.99631744      4.60000000    -10.00000000
     26.45484950     -0.00000000     -0.00000000      0.00000000      0.00000000      0.00116486     -5.73168895      0.00001303    270.26537678      0.03694846      0.00000000      0.99983383      0.34737430      0.51357462      0.51357462      0.45771485      0.99631357      4.60000000    -10.00000000
     26.62207358     -0.00000000     -0.00000000      0.00000000      0.00000000      0.00112478     -5.76796113      0.00001275    269.92334529      0.03746500      0.00000000      0.99983383      0.34792968      0.51347406      0.51347406      0.45790988      0.99630892      4.60000000    -10.00000000
     26.78929766     -0.00000000     -0.00000000      0.00000000      0.00000000      0.00108608     -5.80423010      0.00001249    269.52474490      0.03799375      0.00000000      0.99983383      0.34848438      0.51337471      0.51337471      0.45810306      0.99630348      4.60000000    -10.00000000
     26.95652174     -0.00000000     -0.00000000      0.00000000      0.00000000      0.00104871     -5.84049573      0.00001223    269.07013609      0.03853501      0.00000000      0.99983383      0.34903850      0.51327669      0.51327669      0.45829513      0.99629726      4.60000000    -10.00000000
     27.12374582     -0.00000000     -0.00000000      0.00000000      0.00000000      0.00101262     -5.87675788      0.00001198    268.56014081      0.03908909      0.00000000      0.99983383      0.34959127      0.51317994      0.51317994      0.45848629      0.99629025      4.60000000    -10.00000000
     27.29096990     -0.00000000     -0.00000000      0.00000000      0.00000000      0.00097777     -5.91301639      0.00001174    267.99535587      0.03965632      0.00000000      0.99983383      0.35014122      0.51308443      0.51308443      0.45867628      0.99628246      4.60000000    -10.00000000
     27.45819398     -0.00000000     -0.00000000      0.00000000      0.00000000      0.00094411     -5.94927112      0.00001150    267.37638881      0.04023704      0.00000000      0.99983383      0.35069275      0.51299016      0.51299016      0.45886528      0.99627389      4.60000000    -10.00000000
     27.62541806     -0.00000000     -0.00000000      0.00000000      0.00000000      0.00091161     -5.98552192      0.00001127    266.70394743      0.04083157      0.00000000      0.99983383      0.35124206      0.51289710      0.51289710      0.45905328      0.99626453      4.60000000    -10.00000000
     27.79264214     -0.00000000     -0.00000000      0.00000000      0.00000000      0.00088024     -6.02176864      0.00001104    265.97873261      0.04144028      0.00000000      0.99983383      0.35178764      0.51280524      0.51280524      0.45924639      0.99625438      4.60000000    -10.00000000
     27.95986622     -0.00000000     -0.00000000      0.00000000      0.00000000      0.00084993     -6.05801113      0.00001082    265.20144967      0.04206353      0.00000000      0.99983383      0.35233461      0.51271456      0.51271456      0.45942550      0.99624345      4.60000000    -10.00000000
     28.12709030     -0.00000000     -0.00000000      0.00000000      0.00000000      0.00082068     -6.09424924      0.00001061    264.37285976      0.04270169      0.00000000      0.99983383      0.35287883      0.51262505      0.51262505      0.45957133      0.99623172      4.60000000    -10.00000000
     28.29431438     -0.00000000     -0.00000000      0.00000000      0.00000000      0.00079243     -6.13048280      0.00001040    263.49373318      0.04335514      0.00000000      0.99983383      0.35342262      0.51253668      0.51253668      0.45979291      0.99621919      4.60000000    -10.00000000
     28.46153846     -0.00000000     -0.00000000      0.00000000      0.00000000      0.00076515     -6.16671165      0.00001020    262.56487905      0.04402427      0.00000000      0.99983383      0.35396241      0.51244945      0.51244945      0.45997498      0.99620587      4.60000000    -10.00000000
     28.62876254     -0.00000000     -0.00000000      0.00000000      0.00000000      0.00073881     -6.20293565      0.00001000    261.58712528      0.04470949      0.00000000      0.99983383      0.35450147      0.51236332      0.51236332      0.46015557      0.99619174      4.60000000    -10.00000000
     28.79598662     -0.00000000     -0.00000000      0.00000000      0.00000000      0.00071338     -6.23915461      0.00000981    260.56131550      0.04541121      0.00000000      0.99983383      0.35503689      0.51227832      0.51227832      0.46033538      0.99617680      4.60000000    -10.00000000
     28.96321070     -0.00000000     -0.00000000      0.00000000      0.00000000      0.00068882     -6.27536839      0.00000962    259.48832773      0.04612986      0.00000000      0.99983383      0.35557437      0.51219436      0.51219436      0.46051448      0.99616106      4.60000000    -10.00000000
     29.13043478     -0.00000000     -0.00000000      0.00000000      0.00000000      0.00066511     -6.31157680      0.00000943    258.36905801      0.04686588      0.00000000      0.99983383      0.35605855      0.51211149      0.51211149      0.46069116      0.99614449      4.60000000    -10.00000000
     29.29765886     -0.00000000     -0.00000000      0.00000000      0.00000000      0.00064222     -6.34777968      0.00000926    257.20441668      0.04761971      0.00000000      0.99983383      0.35586563      0.51202966      0.51202966      0.46086800      0.99612710      4.60000000    -10.00000000
     29.46488294     -0.00000000     -0.00000000      0.00000000      0.00000000      0.00062012     -6.38397685      0.00000908    255.99534315      0.04839183      0.00000000      0.99983383      0.35716954      0.51194887      0.51194887      0.46104324      0.99610888      4.60000000    -10.00000000
     29.63210702     -0.00000000     -0.00000000      0.00000000      0.00000000      0.00059878     -6.42016813      0.00000891    254.74279051      0.04918270      0.00000000      0.99983383      0.35769831      0.51186910      0.51186910      0.46121685      0.99608982      4.60000000    -10.00000000
     29.79933110     -0.00000000     -0.00000000      0.00000000      0.00000000      0.00057817     -6.45635335      0.00000875    253.44772932      0.04999283      0.00000000      0.99983383      0.35822310      0.51179033      0.51179033      0.46139004      0.99606992      4.60000000    -10.00000000
     29.96655518     -0.00000000     -0.00000000      0.00000000      0.00000000      0.00055828     -6.49253232      0.00000859    252.11115005      0.05082270      0.00000000      0.99983383      0.35874748      0.51171255      0.51171255      0.46156166      0.99604917      4.60000000    -10.00000000
     30.13377926     -0.00000000     -0.00000000      0.00000000      0.00000000      0.00053907     -6.52870486      0.00000843    250.73405783      0.05167283      0.00000000      0.99983383      0.35926808      0.51163575      0.51163575      0.46173228      0.99602755      4.60000000    -10.00000000
     30.30100334     -0.00000000     -0.00000000      0.00000000      0.00000000      0.00052052     -6.56487077      0.00000828    249.31747143      0.05254376      0.00000000      0.99983383      0.35978782      0.51155990      0.51155990      0.46189965      0.99600507      4.60000000    -10.00000000
     30.46822742     -0.00000000     -0.00000000      0.00000000      0.00000000      0.00050262     -6.60102986      0.00000813    247.86242484      0.05343603      0.00000000      0.99983383      0.36030399      0.51148500      0.51148500      0.46206993      0.99598172      4.60000000    -10.00000000
     30.63545151     -0.00000000     -0.00000000      0.00000000      0.00000000      0.00048533     -6.63718194      0.00000798    246.36996469      0.05435021      0.00000000      0.99983383      0.36082023      0.51141103      0.51141103      0.46236587      0.99595747      4.60000000    -10.00000000
     30.80267559     -0.00000000     -0.00000000      0.00000000      0.00000000      0.00046864     -6.67332680      0.00000784    244.84114876      0.05528686      0.00000000      0.99983383      0.36133298      0.51133797      0.51133797      0.46232277      0.99593233      4.60000000    -10.00000000
     30.96989967     -0.00000000     -0.00000000      0.00000000      0.00000000      0.00045252     -6.70946424      0.00000770    243.27704444      0.05624657      0.00000000      0.99983383      0.36184362      0.51126581      0.51126581      0.46256789      0.99590629      4.60000000    -10.00000000
     31.13712375     -0.00000000     -0.00000000      0.00000000      0.00000000      0.00043697     -6.74559405      0.00000757    241.67873228      0.05722996      0.00000000      0.99983383      0.36235267      0.51119455      0.51119455      0.46273135      0.99587933      4.60000000    -10.00000000
     31.30434783     -0.00000000     -0.00000000      0.00000000      0.00000000      0.00042194     -6.78171598      0.00000744    240.04696015      0.05823774      0.00000000      0.99983383      0.36285842      0.51112409      0.51112409      0.46289412      0.99585143      4.60000000    -10.00000000
     31.47157191     -0.00000000     -0.00000000      0.00000000      0.00000000      0.00040744     -6.81782993      0.00000731    238.38384740      0.05927028      0.00000000      0.99983383      0.36336245      0.51105458      0.51105458      0.46304578      0.99582261      4.60000000    -10.00000000
     31.63879599     -0.00000000     -0.00000000      0.00000000      0.00000000      0.00039344     -6.85393555      0.00000718    236.68943316      0.06032852      0.00000000      0.99983383      0.36386405      0.51098592      0.51098592      0.46321594      0.99579283      4.60000000    -10.00000000
     31.80602007     -0.00000000     -0.00000000      0.00000000      0.00000000      0.00037992     -6.89003267      0.00000706    234.96521252      0.06141303      0.00000000      0.99983383      0.36436175      0.51091808      0.51091808      0.46337521      0.99576209      4.60000000    -10.00000000
     31.97324415     -0.00000000     -0.00000000      0.00000000      0.00000000      0.00036686     -6.92612105      0.00000694    233.21226201      0.06252451      0.00000000      0.99983383      0.36486009      0.51085107      0.51085107      0.46353313      0.99573037      4.60000000    -10.00000000
     32.14046823     -0.00000000     -0.00000000      0.00000000      0.00000000      0.00035426     -6.96220046      0.00000683    231.43166376      0.06366369      0.00000000      0.99983383      0.36535482      0.51078486      0.51078486      0.46368998      0.99569766      4.60000000    -10.00000000
     32.30769231     -0.00000000     -0.00000000      0.00000000      0.00000000      0.00034210     -6.99827070      0.00000671    229.62493767      0.06483118      0.00000000      0.99983383      0.36598467      0.51071945      0.51071945      0.46384628      0.99566396      4.60000000    -10.00000000
     32.47491639     -0.00000000     -0.00000000      0.00000000      0.00000000      0.00033035     -7.03433141      0.00000660    227.79227277      0.06602800      0.00000000      0.99983383      0.36633711      0.51065474      0.51065474      0.46400123      0.99562922      4.60000000    -10.00000000
     32.64214047     -0.00000000     -0.00000000      0.00000000      0.00000000      0.00031901     -7.07038244      0.00000649    225.93559387      0.06725470      0.00000000      0.99983383      0.36682456      0.51059086      0.51059086      0.46415490      0.99559346      4.60000000    -10.00000000
     32.80936455     -0.00000000     -0.00000000      0.00000000      0.00000000      0.00030806     -7.10642351      0.00000639    224.05576283      0.06851214      0.00000000      0.99983383      0.36730892      0.51052774      0.51052774      0.46430760      0.99555666      4.60000000    -10.00000000
     32.97658863     -0.00000000     -0.00000000      0.00000000      0.00000000      0.00029748     -7.14245436      0.00000628    222.15389154      0.06980114      0.00000000      0.99983383      0.36779256      0.51046536      0.51046536      0.46445919      0.99551879      4.60000000    -10.00000000
     33.14381271     -0.00000000     -0.00000000      0.00000000      0.00000000      0.00028728     -7.17847471      0.00000618    220.23108370      0.07112254      0.00000000      0.99983383      0.36827282      0.51040372      0.51040372      0.46460923      0.99547984      4.60000000    -10.00000000
     33.31103679     -0.00000000     -0.00000000      0.00000000      0.00000000      0.00027742     -7.21448431      0.00000609    218.28844281      0.07247719      0.00000000      0.99983383      0.36875078      0.51034280      0.51034280      0.46475929      0.99543980      4.60000000    -10.00000000
     33.47826087     -0.00000000     -0.00000000      0.00000000      0.00000000      0.00026790     -7.25048286      0.00000599    216.32706572      0.07386599      0.00000000      0.99983383      0.36922565      0.51028259      0.51028259      0.46490750      0.99539864      4.60000000    -10.00000000
     33.64548495     -0.00000000     -0.00000000      0.00000000      0.00000000      0.00025872     -7.28647008      0.00000590    214.34803601      0.07528984      0.00000000      0.99983383      0.36969938      0.51022308      0.51022308      0.46505515      0.99535635      4.60000000    -10.00000000
     33.81270903     -0.00000000     -0.00000000      0.00000000      0.00000000      0.00024985     -7.32244568      0.00000580    212.35246586      0.07674967      0.00000000      0.99983383      0.37016563      0.51016427      0.51016427      0.46521487      0.99531292      4.60000000    -10.00000000
     33.97993311     -0.00000000     -0.00000000      0.00000000      0.00000000      0.00024128     -7.35840937      0.00000571    210.34138449      0.07824646      0.00000000      0.99983383      0.37063897      0.51010613      0.51010613      0.46534667      0.99526832      4.60000000    -10.00000000
     34.14715719     -0.00000000     -0.00000000      0.00000000      0.00000000      0.00023301     -7.39436084      0.00000563    208.31589171      0.07978117      0.00000000      0.99983383      0.37116662      0.51004867      0.51004867      0.46549101      0.99522253      4.60000000    -10.00000000
     34.31438127     -0.00000000     -0.00000000      0.00000000      0.00000000      0.00022503     -7.43029979      0.00000554    206.27705308      0.08135482      0.00000000      0.99983383      0.37156608      0.50999186      0.50999186      0.46563440      0.99517554      4.60000000    -10.00000000
     34.48160535     -0.00000000     -0.00000000      0.00000000      0.00000000      0.00021732     -7.46622589      0.00000546    204.22592287      0.08296843      0.00000000      0.99983383      0.37202914      0.50993570      0.50993570      0.46577637      0.99512732      4.60000000    -10.00000000
     34.64882943     -0.00000000     -0.00000000      0.00000000      0.00000000      0.00020988     -7.50213880      0.00000538    202.16339829      0.08462315      0.00000000      0.99983383      0.37247543      0.50988017      0.50988017      0.46591793      0.99507785      4.60000000    -10.00000000
     34.81605351     -0.00000000     -0.00000000      0.00000000      0.00000000      0.00020269     -7.53803821      0.00000530    200.09067803      0.08631998      0.00000000      0.99983383      0.37294404      0.50982528      0.50982528      0.46605820      0.99502712      4.60000000    -10.00000000
     34.98327759     -0.00000000     -0.00000000      0.00000000      0.00000000      0.00019576     -7.57392377      0.00000522    198.00864248      0.08806011      0.00000000      0.99983383      0.37339788      0.50977100      0.50977100      0.46619761      0.99497509      4.60000000    -10.00000000
     35.15050167     -0.00000000     -0.00000000      0.00000000      0.00000000      0.00018906     -7.60979514      0.00000514    195.91838481      0.08984466      0.00000000      0.99983383      0.37380200      0.50971733      0.50971733      0.46633592      0.99492175      4.60000000    -10.00000000
     35.31772575     -0.00000000     -0.00000000      0.00000000      0.00000000      0.00018259     -7.64565199      0.00000507    193.82097942      0.09167476      0.00000000      0.99983383      0.37429820      0.50966426      0.50966426      0.46647326      0.99486708      4.60000000    -10.00000000
     35.48494983     -0.00000000     -0.00000000      0.00000000      0.00000000      0.00017634     -7.68149391      0.00000499    191.71717395      0.09355174      0.00000000      0.99983383      0.37474398      0.50961179      0.50961179      0.46660967      0.99481105      4.60000000    -10.00000000
     35.65217391     -0.00000000     -0.00000000      0.00000000      0.00000000      0.00017031     -7.71732055      0.00000492    189.60801449      0.09547681      0.00000000      0.99983383      0.37518932      0.50955989      0.50955989      0.46674510      0.99475363      4.60000000    -10.00000000
     35.81939799     -0.00000000     -0.00000000      0.00000000      0.00000000      0.00016449     -7.75313152      0.00000485    187.49443726      0.09745125      0.00000000      0.99983383      0.37563121      0.50950856      0.50950856      0.46687916      0.99469480      4.60000000    -10.00000000
     35.98662207     -0.00000000     -0.00000000      0.00000000      0.00000000      0.00015887     -7.78892643      0.00000478    185.37736216      0.09947639      0.00000000      0.99983383      0.37607197      0.50945780      0.50945780      0.46701274      0.99463454      4.60000000    -10.00000000
     36.15384615     -0.00000000     -0.00000000      0.00000000      0.00000000      0.00015344     -7.82470489      0.00000472    183.25769211      0.10155358      0.00000000      0.99983383      0.37650499      0.50940759      0.50940759      0.46714559      0.99457282      4.60000000    -10.00000000
     36.32107023     -0.00000000     -0.00000000      0.00000000      0.00000000      0.00014820     -7.86046650      0.00000465    181.13631142      0.10368421      0.00000000      0.99983383      0.37694249      0.50935793      0.50935793      0.46727756      0.99450961      4.60000000    -10.00000000
     36.48829431     -0.00000000     -0.00000000      0.00000000      0.00000000      0.00014314     -7.89621082      0.00000459    179.01407610      0.10586973      0.00000000      0.99983383      0.37737601      0.50930880      0.50930880      0.46740790      0.99444488      4.60000000    -10.00000000
     36.65551839     -0.00000000     -0.00000000      0.00000000      0.00000000      0.00013825     -7.93193744      0.00000452    176.89187615      0.10811157      0.00000000      0.99983383      0.37780490      0.50926021      0.50926021      0.46753773      0.99437861      4.60000000    -10.00000000
     36.82274247     -0.00000000     -0.00000000      0.00000000      0.00000000      0.00013353     -7.96764592      0.00000446    174.77050010      0.11041128      0.00000000      0.99983383      0.37823249      0.50921213      0.50921213      0.46766659      0.99431076      4.60000000    -10.00000000
     36.98996656     -0.00000000     -0.00000000      0.00000000      0.00000000      0.00012898     -8.00333581      0.00000440    172.65077275      0.11277038      0.00000000      0.99983383      0.37865782      0.50916457      0.50916457      0.46779463      0.99424132      4.60000000    -10.00000000
     37.15719064     -0.00000000     -0.00000000      0.00000000      0.00000000      0.00012458     -8.03900665      0.00000434    170.53349090      0.11519048      0.00000000      0.99983383      0.37908117      0.50911752      0.50911752      0.46792171      0.99417023      4.60000000    -10.00000000
     37.32441472     -0.00000000     -0.00000000      0.00000000      0.00000000      0.00012033     -8.07465798      0.00000429    168.41942737      0.11767321      0.00000000      0.99983383      0.37950224      0.50907096      0.50907096      0.46804792      0.99409749      4.60000000    -10.00000000
     37.49163880     -0.00000000     -0.00000000      0.00000000      0.00000000      0.00011623     -8.11028932      0.00000423    166.30933665      0.12022023      0.00000000      0.99983383      0.37992138      0.50902489      0.50902489      0.46817888      0.99402305      4.60000000    -10.00000000
     37.65886288     -0.00000000     -0.00000000      0.00000000      0.00000000      0.00011227     -8.14590016      0.00000417    164.20395162      0.12283329      0.00000000      0.99983383      0.38033540      0.50897931      0.50897931      0.46829769      0.99394688      4.60000000    -10.00000000
     37.82608696     -0.00000000     -0.00000000      0.00000000      0.00000000      0.00010844     -8.18149002      0.00000412    162.10398879      0.12551413      0.00000000      0.99983383      0.38075082      0.50893420      0.50893420      0.46842127      0.99386894      4.60000000    -10.00000000
     37.99331104     -0.00000000     -0.00000000      0.00000000      0.00000000      0.00010475     -8.21705838      0.00000407    160.01014168      0.12826458      0.00000000      0.99983383      0.38116102      0.50888956      0.50888956      0.46854381      0.99378921      4.60000000    -10.00000000
     38.16053512     -0.00000000     -0.00000000      0.00000000      0.00000000      0.00010118     -8.25260472      0.00000401    157.92308544      0.13108650      0.00000000      0.99983383      0.38157009      0.50884538      0.50884538      0.46866606      0.99370765      4.60000000    -10.00000000
     38.32775920     -0.00000000     -0.00000000      0.00000000      0.00000000      0.00009774     -8.28812848      0.00000396    155.84347433      0.13398181      0.00000000      0.99983383      0.38199873      0.50880166      0.50880166      0.46878685      0.99362422      4.60000000    -10.00000000
     38.49498328     -0.00000000     -0.00000000      0.00000000      0.00000000      0.00009441     -8.32362913      0.00000391    153.77194021      0.13695247      0.00000000      0.99983383      0.38238146      0.50875838      0.50875838      0.46890706      0.99353888      4.60000000    -10.00000000
     38.66220736     -0.00000000     -0.00000000      0.00000000      0.00000000      0.00009120     -8.35910609      0.00000386    151.70910305      0.14000049      0.00000000      0.99983383      0.38278370      0.50871554      0.50871554      0.46902580      0.99345160      4.60000000    -10.00000000
     38.82943144     -0.00000000     -0.00000000      0.00000000      0.00000000      0.00008810     -8.39455880      0.00000382    149.65555045      0.14312794      0.00000000      0.99983383      0.38318388      0.50867314      0.50867314      0.46914495      0.99336234      4.60000000    -10.00000000
     38.99665552     -0.00000000     -0.00000000      0.00000000      0.00000000      0.00008511     -8.42998665      0.00000377    147.61184783      0.14633697      0.00000000      0.99983383      0.38358178      0.50863117      0.50863117      0.46926235      0.99327106      4.60000000    -10.00000000
     39.16387960     -0.00000000     -0.00000000      0.00000000      0.00000000      0.00008221     -8.46538904      0.00000372    145.57857045      0.14962973      0.00000000      0.99983383      0.38397634      0.50858962      0.50858962      0.46937956      0.99317772      4.60000000    -10.00000000
     39.33110368     -0.00000000     -0.00000000      0.00000000      0.00000000      0.00007942     -8.50076536      0.00000368    143.55623901      0.15300848      0.00000000      0.99983383      0.38437021      0.50854849      0.50854849      0.46949997      0.99308228      4.60000000    -10.00000000
     39.49832776     -0.00000000     -0.00000000      0.00000000      0.00000000      0.00007673     -8.53611497      0.00000363    141.54536664      0.15647551      0.00000000      0.99983383      0.38479193      0.50850776      0.50850776      0.46961095      0.99298469      4.60000000    -10.00000000
     39.66555184     -0.00000000     -0.00000000      0.00000000      0.00000000      0.00007412     -8.57143721      0.00000359    139.54644665      0.16003318      0.00000000      0.99983383      0.38515111      0.50846744      0.50846744      0.46972547      0.99288491      4.60000000    -10.00000000
     39.83277592     -0.00000000     -0.00000000      0.00000000      0.00000000      0.00007161     -8.60673143      0.00000355    137.55995267      0.16368391      0.00000000      0.99983383      0.38553797      0.50842752      0.50842752      0.46983903      0.99278291      4.60000000    -10.00000000
     40.00000000     -0.00000000     -0.00000000      0.00000000      0.00000000      0.00006918     -8.64199694      0.00000351    135.58633866      0.16743020      0.00000000      0.99983383      0.38592263      0.50838799      0.50838799      0.46995196      0.99267862      4.60000000    -10.00000000
