    -10.00000000     -0.00000000     -0.00000000      0.00000000      0.00000000      0.01033385      0.00000212      0.00488121      0.00000000      3.58944419      0.00000000      0.99981572      0.50005521      0.50007308      0.50007308      0.49999085      0.00000000      2.00000000    -10.00000000
     -9.83277592     -0.00000000     -0.00000000      0.00000000      0.00000000      0.01030849      0.15274232      0.00487010      0.00197531      3.59008063      0.00000000      0.99981572      0.50736862      0.49931407      0.49931407      0.50260309      0.00197142      2.00000000    -10.00000000
     -9.66555184     -0.00000000     -0.00000000      0.00000000      0.00000000      0.01039855      0.30352056      0.00485416      0.00789396      3.54734206      0.00000000      0.99981572      0.51479535      0.49864042      0.49864042      0.50527739      0.00783213      2.00000000    -10.00000000
     -9.49832776     -0.00000000     -0.00000000      0.00000000      0.00000000      0.01050264      0.45185152      0.00482794      0.01776593      3.49321238      0.00000000      0.99981572      0.52255036      0.49796607      0.49796607      0.50850915      0.01745581      2.00000000    -10.00000000
     -9.33110368     -0.00000000     -0.00000000      0.00000000      0.00000000      0.01063797      0.59676288      0.00479175      0.03162485      3.42291935      0.00000000      0.99981572      0.53177492      0.49728301      0.49728301      0.51103772      0.03065538      2.00000000    -10.00000000
     -9.16387960     -0.00000000     -0.00000000      0.00000000      0.00000000      0.01081034      0.73713735      0.00474609      0.04950631      3.33624413      0.00000000      0.99981572      0.53876553      0.49660390      0.49660390      0.51343265      0.04717104      2.00000000    -10.00000000
     -8.99665552     -0.00000000     -0.00000000      0.00000000      0.00000000      0.01102185      0.87199415      0.00469158      0.07145334      3.23464129      0.00000000      0.99981572      0.54543123      0.49592295      0.49592295      0.51590738      0.06668824      2.00000000    -10.00000000
     -8.82943144     -0.00000000     -0.00000000      0.00000000      0.00000000      0.01127398      1.00047587      0.00462893      0.09751458      3.12007610      0.00000000      0.99981572      0.55234228      0.49524158      0.49524158      0.51838844      0.08885037      2.00000000    -10.00000000
     -8.66220736     -0.00000000     -0.00000000      0.00000000      0.00000000      0.01156821      1.12185098      0.00455894      0.12774181      2.99473758      0.00000000      0.99981572      0.55927118      0.49455301      0.49455301      0.52085841      0.11327222      2.00000000    -10.00000000
     -8.49498328     -0.00000000     -0.00000000      0.00000000      0.00000000      0.01190614      1.23551741      0.00448242      0.16218707      2.86090225      0.00000000      0.99981572      0.56626774      0.49386294      0.49386294      0.52331080      0.13955332      2.00000000    -10.00000000
     -8.32775920     -0.00000000     -0.00000000      0.00000000      0.00000000      0.01228956      1.34100324      0.00440025      0.20089927      2.72083868      0.00000000      0.99981572      0.57289200      0.49317048      0.49317048      0.52575042      0.16729070      2.00000000    -10.00000000
     -8.16053512     -0.00000000     -0.00000000      0.00000000      0.00000000      0.01272045      1.43796385      0.00431331      0.24392044      2.57673200      0.00000000      0.99981572      0.57905180      0.49247445      0.49247445      0.52814147      0.19609006      2.00000000    -10.00000000
     -7.99331104     -0.00000000     -0.00000000      0.00000000      0.00000000      0.01320100      1.52617578      0.00422244      0.29128137      2.43062472      0.00000000      0.99981572      0.58528948      0.49177491      0.49177491      0.53051990      0.22557545      2.00000000    -10.00000000
     -7.82608696     -0.00000000     -0.00000000      0.00000000      0.00000000      0.01373363      1.60552789      0.00412849      0.34299695      2.28437271      0.00000000      0.99981572      0.59142974      0.49107218      0.49107218      0.53284788      0.25539667      2.00000000    -10.00000000
     -7.65886288     -0.00000000     -0.00000000      0.00000000      0.00000000      0.01432096      1.67601060      0.00403224      0.39906095      2.13961581      0.00000000      0.99981572      0.59743585      0.49036515      0.49036515      0.53514531      0.28523486      2.00000000    -10.00000000
     -7.49163880     -0.00000000     -0.00000000      0.00000000      0.00000000      0.01496584      1.73770388      0.00393444      0.45944056      1.99776185      0.00000000      0.99981572      0.60346671      0.48965781      0.48965781      0.53739996      0.31480594      2.00000000    -10.00000000
     -7.32441472     -0.00000000     -0.00000000      0.00000000      0.00000000      0.01567134      1.79076458      0.00383578      0.52407047      1.85998229      0.00000000      0.99981572      0.60890056      0.48894713      0.48894713      0.53963650      0.34386236      2.00000000    -10.00000000
     -7.15719064     -0.00000000     -0.00000000      0.00000000      0.00000000      0.01644073      1.83541375      0.00373686      0.59284672      1.72721757      0.00000000      0.99981572      0.61429396      0.48823472      0.48823472      0.54176280      0.37219320      2.00000000    -10.00000000
     -6.98996656     -0.00000000     -0.00000000      0.00000000      0.00000000      0.01727750      1.87192438      0.00363824      0.66562034      1.60018990      0.00000000      0.99981572      0.61943010      0.48752138      0.48752138      0.54386080      0.39962309      2.00000000    -10.00000000
     -6.82274247     -0.00000000     -0.00000000      0.00000000      0.00000000      0.01818533      1.90060980      0.00354039      0.74219081      1.47942129      0.00000000      0.99981572      0.62433220      0.48680810      0.48680810      0.54588656      0.42601006      2.00000000    -10.00000000
     -6.65551839     -0.00000000     -0.00000000      0.00000000      0.00000000      0.01916812      1.92181318      0.00344375      0.82229954      1.36525506      0.00000000      0.99981572      0.62886116      0.48609602      0.48609602      0.54784773      0.45124280      2.00000000    -10.00000000
     -6.48829431     -0.00000000     -0.00000000      0.00000000      0.00000000      0.02022992      1.93589772      0.00334867      0.90562268      1.25787949      0.00000000      0.99981572      0.63307292      0.48538649      0.48538649      0.54972983      0.47523714      2.00000000    -10.00000000
     -6.32107023     -0.00000000     -0.00000000      0.00000000      0.00000000      0.02137495      1.94323931      0.00325543      0.99176630      1.15735005      0.00000000      0.99981572      0.63687502      0.48468065      0.48468065      0.55152258      0.49793307      2.00000000    -10.00000000
     -6.15384615     -0.00000000     -0.00000000      0.00000000      0.00000000      0.02260755      1.94421887      0.00316428      1.08025960      1.06361312      0.00000000      0.99981572      0.63998911      0.48398228      0.48398228      0.55323023      0.51929076      2.00000000    -10.00000000
     -5.98662207     -0.00000000     -0.00000000      0.00000000      0.00000000      0.02393217      1.93921611      0.00307543      1.17054819      0.97652784      0.00000000      0.99981572      0.64295725      0.48329466      0.48329466      0.55483326      0.53928689      2.00000000    -10.00000000
     -5.81939799     -0.00000000     -0.00000000      0.00000000      0.00000000      0.02535335      1.92860548      0.00298900      1.26199115      0.89588444      0.00000000      0.99981572      0.64637912      0.48261116      0.48261116      0.55631385      0.55791162      2.00000000    -10.00000000
     -5.65217391     -0.00000000     -0.00000000      0.00000000      0.00000000      0.02687562      1.91275211      0.00290511      1.35385641      0.82142191      0.00000000      0.99981572      0.64971879      0.48195303      0.48195303      0.55770401      0.57516525      2.00000000    -10.00000000
     -5.48494983     -0.00000000     -0.00000000      0.00000000      0.00000000      0.02850352      1.89200880      0.00282385      1.44531829      0.75284283      0.00000000      0.99981572      0.65261552      0.48131365      0.48131365      0.55895391      0.59105528      2.00000000    -10.00000000
     -5.31772575     -0.00000000     -0.00000000      0.00000000      0.00000000      0.03024147      1.86671393      0.00274524      1.53545638      0.68982601      0.00000000      0.99981572      0.65510384      0.48068983      0.48068983      0.56006786      0.60559369      2.00000000    -10.00000000
     -5.15050167     -0.00000000     -0.00000000      0.00000000      0.00000000      0.03209375      1.83718986      0.00266933      1.62325631      0.63203698      0.00000000      0.99981572      0.65709736      0.48009337      0.48009337      0.56103644      0.61879440      2.00000000    -10.00000000
     -4.98327759     -0.00000000     -0.00000000      0.00000000      0.00000000      0.03406443      1.80374199      0.00259609      1.70761279      0.57913650      0.00000000      0.99981572      0.65864281      0.47952349      0.47952349      0.56184262      0.63067097      2.00000000    -10.00000000
     -4.81605351     -0.00000000     -0.00000000      0.00000000      0.00000000      0.03615721      1.76665820      0.00252554      1.78733537      0.53078730      0.00000000      0.99981572      0.65970782      0.47898984      0.47898984      0.56249601      0.64123442      2.00000000    -10.00000000
     -4.64882943     -0.00000000     -0.00000000      0.00000000      0.00000000      0.03837541      1.72620880      0.00245763      1.86115760      0.48665928      0.00000000      0.99981572      0.66031652      0.47849582      0.47849582      0.56296355      0.65049112      2.00000000    -10.00000000
     -4.48160535     -0.00000000     -0.00000000      0.00000000      0.00000000      0.04072179      1.68264673      0.00239234      1.92775027      0.44643335      0.00000000      0.99981572      0.66036093      0.47804781      0.47804781      0.56324707      0.65844081      2.00000000    -10.00000000
     -4.31438127     -0.00000000     -0.00000000      0.00000000      0.00000000      0.04319847      1.63620818      0.00232961      1.98573944      0.40980416      0.00000000      0.99981572      0.65992209      0.47765241      0.47765241      0.56334783      0.66507459      2.00000000    -10.00000000
     -4.14715719     -0.00000000     -0.00000000      0.00000000      0.00000000      0.04580675      1.58711336      0.00226941      2.03372992      0.37648192      0.00000000      0.99981572      0.65895977      0.47731570      0.47731570      0.56319348      0.67037277      2.00000000    -10.00000000
     -3.97993311     -0.00000000     -0.00000000      0.00000000      0.00000000      0.04854697      1.53556748      0.00221167      2.07033460      0.34619340      0.00000000      0.99981572      0.65745723      0.47703863      0.47703863      0.56282759      0.67430260      2.00000000    -10.00000000
     -3.81270903     -0.00000000     -0.00000000      0.00000000      0.00000000      0.05141836      1.48176178      0.00215633      2.09420953      0.31868246      0.00000000      0.99981572      0.65542084      0.47681367      0.47681367      0.56217438      0.67681568      2.00000000    -10.00000000
     -3.64548495     -0.00000000     -0.00000000      0.00000000      0.00000000      0.05441885      1.42587446      0.00210333      2.10409426      0.29371011      0.00000000      0.99981572      0.65286498      0.47673644      0.47673644      0.56127456      0.67784483      2.00000000    -10.00000000
     -3.47826087     -0.00000000     -0.00000000      0.00000000      0.00000000      0.05754489      1.36807161      0.00205259      2.09885657      0.27105437      0.00000000      0.99981572      0.64971441      0.47669123      0.47669123      0.56006493      0.67730033      2.00000000    -10.00000000
     -3.31103679     -0.00000000     -0.00000000      0.00000000      0.00000000      0.06079128      1.30850787      0.00200403      2.07754049      0.25050978      0.00000000      0.99981572      0.64603218      0.47679036      0.47679036      0.55896639      0.67506520      2.00000000    -10.00000000
     -3.14381271     -0.00000000     -0.00000000      0.00000000      0.00000000      0.06415099      1.24732711      0.00195757      2.03941636      0.23188696      0.00000000      0.99981572      0.64179876      0.47697333      0.47697333      0.55760261      0.67098947      2.00000000    -10.00000000
     -2.97658863     -0.00000000     -0.00000000      0.00000000      0.00000000      0.06761503      1.18466289      0.00191313      1.98403185      0.21501187      0.00000000      0.99981572      0.63701690      0.47727351      0.47727351      0.55594769      0.66488293      2.00000000    -10.00000000
     -2.80936455     -0.00000000     -0.00000000      0.00000000      0.00000000      0.07117229      1.12063902      0.00187060      1.91126254      0.19972510      0.00000000      0.99981572      0.63168648      0.47769939      0.47769939      0.55405570      0.65650642      2.00000000    -10.00000000
     -2.64214047     -0.00000000     -0.00000000      0.00000000      0.00000000      0.07480941      1.05537001      0.00182991      1.82136061      0.18588103      0.00000000      0.99981572      0.62584095      0.47825957      0.47825957      0.55186476      0.64556108      2.00000000    -10.00000000
     -2.47491639     -0.00000000     -0.00000000      0.00000000      0.00000000      0.07851078      0.98896163      0.00179095      1.71500001      0.17334697      0.00000000      0.99981572      0.61946970      0.47895828      0.47895828      0.54939195      0.63167588      2.00000000    -10.00000000
     -2.30769231     -0.00000000     -0.00000000      0.00000000      0.00000000      0.08225839      0.92151143      0.00175364      1.59331583      0.16200227      0.00000000      0.99981572      0.61260590      0.47981004      0.47981004      0.54663719      0.61439328      2.00000000    -10.00000000
     -2.14046823     -0.00000000     -0.00000000      0.00000000      0.00000000      0.08603195      0.85310933      0.00171787      1.45793559      0.15173737      0.00000000      0.99981572      0.60529930      0.48081012      0.48081012      0.54359818      0.59315451      2.00000000    -10.00000000
     -1.97324415     -0.00000000     -0.00000000      0.00000000      0.00000000      0.08980886      0.78383815      0.00168356      1.31100019      0.14245298      0.00000000      0.99981572      0.59757732      0.48197302      0.48197302      0.54028779      0.56728692      2.00000000    -10.00000000
     -1.80602007     -0.00000000     -0.00000000      0.00000000      0.00000000      0.09356438      0.71377419      0.00165061      1.15517170      0.13405921      0.00000000      0.99981572      0.58911617      0.48330088      0.48330088      0.53670128      0.53599985      2.00000000    -10.00000000
     -1.63879599     -0.00000000     -0.00000000      0.00000000      0.00000000      0.09727182      0.64298768      0.00161893      0.99362639      0.12647471      0.00000000      0.99981572      0.58023887      0.48479419      0.48479419      0.53285826      0.49840150      2.00000000    -10.00000000
     -1.47157191     -0.00000000     -0.00000000      0.00000000      0.00000000      0.10090277      0.57154331      0.00158843      0.83003086      0.11962600      0.00000000      0.99981572      0.57099630      0.48645919      0.48645919      0.52877312      0.45356113      2.00000000    -10.00000000
     -1.30434783     -0.00000000     -0.00000000      0.00000000      0.00000000      0.10442745      0.49950064      0.00155900      0.66850066      0.11344667      0.00000000      0.99981572      0.56137420      0.48828961      0.48828961      0.52441210      0.40065951      2.00000000    -10.00000000
     -1.13712375     -0.00000000     -0.00000000      0.00000000      0.00000000      0.10781509      0.42691447      0.00153055      0.51354100      0.10787682      0.00000000      0.99981572      0.55137327      0.49028401      0.49028401      0.51984810      0.33929772      2.00000000    -10.00000000
     -0.96989967     -0.00000000     -0.00000000      0.00000000      0.00000000      0.11103441      0.35383521      0.00150298      0.36997055      0.10286235      0.00000000      0.99981572      0.54117748      0.49240905      0.49240905      0.51506421      0.27005730      2.00000000    -10.00000000
     -0.80267559     -0.00000000     -0.00000000      0.00000000      0.00000000      0.11405410      0.28030917      0.00147619      0.24282979      0.09835449      0.00000000      0.99981572      0.53058626      0.49475354      0.49475354      0.51007370      0.19538459      2.00000000    -10.00000000
     -0.63545151     -0.00000000     -0.00000000      0.00000000      0.00000000      0.11684345      0.20637887      0.00145010      0.13727700      0.09430923      0.00000000      0.99981572      0.51984379      0.49720380      0.49720380      0.50490393      0.12070674      2.00000000    -10.00000000
     -0.46822742     -0.00000000     -0.00000000      0.00000000      0.00000000      0.11937285      0.13208321      0.00142459      0.05847527      0.09068689      0.00000000      0.99981572      0.50890097      0.49979014      0.49979014      0.49957355      0.05524481      2.00000000    -10.00000000
     -0.30100334     -0.00000000     -0.00000000      0.00000000      0.00000000      0.12161445      0.05745776      0.00139956      0.01147495      0.08745168      0.00000000      0.99981572      0.49781218      0.50250500      0.50250500      0.49411526      0.01134477      2.00000000    -10.00000000
     -0.13377926     -0.00000000     -0.00000000      0.00000000      0.00000000      0.12354277     -0.01746509      0.00137492      0.00109633      0.08457130      0.00000000      0.99981572      0.48660932      0.50530579      0.50530579      0.48855061      0.00109513      2.00000000    -10.00000000
      0.03344482     -0.00000000     -0.00000000      0.00000000      0.00000000      0.12513520     -0.09265598      0.00135058      0.03181754      0.08201660      0.00000000      0.99981572      0.47532287      0.50820280      0.50820280      0.48277960      0.03083640      2.00000000    -10.00000000
      0.20066890     -0.00000000     -0.00000000      0.00000000      0.00000000      0.12637259     -0.16808835      0.00132643      0.10767248      0.07976126      0.00000000      0.99981572      0.46400680      0.51115196      0.51115196      0.47693430      0.09720606      2.00000000    -10.00000000
      0.36789298     -0.00000000     -0.00000000      0.00000000      0.00000000      0.12723964     -0.24373839      0.00130238      0.23216307      0.07778149      0.00000000      0.99981572      0.45270663      0.51418104      0.51418104      0.47103572      0.18841911      2.00000000    -10.00000000
      0.53511706     -0.00000000     -0.00000000      0.00000000      0.00000000      0.12772533     -0.31958482      0.00127834      0.40818935      0.07605577      0.00000000      0.99981572      0.44150311      0.51722036      0.51722036      0.46510408      0.28986823      2.00000000    -10.00000000
      0.70234114     -0.00000000     -0.00000000      0.00000000      0.00000000      0.12782313     -0.39560881      0.00125424      0.63799987      0.07456463      0.00000000      0.99981572      0.43011006      0.52032954      0.52032954      0.45917051      0.38949934      2.00000000    -10.00000000
      0.86956522     -0.00000000     -0.00000000      0.00000000      0.00000000      0.12753120     -0.47179381      0.00122999      0.92316364      0.07329043      0.00000000      0.99981572      0.41893414      0.52330138      0.52330138      0.45325223      0.48002345      2.00000000    -10.00000000
      1.03678930     -0.00000000     -0.00000000      0.00000000      0.00000000      0.12685238     -0.54812541      0.00120553      1.26456354      0.07221721      0.00000000      0.99981572      0.40785886      0.52629195      0.52629195      0.44737575      0.55841380      2.00000000    -10.00000000
      1.20401338     -0.00000000     -0.00000000      0.00000000      0.00000000      0.12579416     -0.62459121      0.00118079      1.66240973      0.07133048      0.00000000      0.99981572      0.39690866      0.52922680      0.52922680      0.44155947      0.62440041      2.00000000    -10.00000000
      1.37123746     -0.00000000     -0.00000000      0.00000000      0.00000000      0.12436850     -0.70118061      0.00115574      2.11627070      0.07061713      0.00000000      0.99981572      0.38610584      0.53208331      0.53208331      0.43585571      0.67910362      2.00000000    -10.00000000
      1.53846154     -0.00000000     -0.00000000      0.00000000      0.00000000      0.12259146     -0.77788469      0.00113032      2.62511827      0.07006532      0.00000000      0.99981572      0.37546477      0.53484272      0.53484272      0.43018656      0.72414693      2.00000000    -10.00000000
      1.70568562     -0.00000000     -0.00000000      0.00000000      0.00000000      0.12048289     -0.85469596      0.00110452      3.18738254      0.06966436      0.00000000      0.99981572      0.36499484      0.53748820      0.53748820      0.42466444      0.76118733      2.00000000    -10.00000000
      1.87290970     -0.00000000     -0.00000000      0.00000000      0.00000000      0.11806593     -0.93160819      0.00107833      3.80101216      0.06940469      0.00000000      0.99981572      0.35473012      0.54000352      0.54000352      0.41927275      0.79171059      2.00000000    -10.00000000
      2.04013378     -0.00000000     -0.00000000      0.00000000      0.00000000      0.11536650     -1.00861620      0.00105175      4.46353606      0.06927784      0.00000000      0.99981572      0.34465974      0.54242719      0.54242719      0.41401618      0.81696835      2.00000000    -10.00000000
      2.20735786     -0.00000000     -0.00000000      0.00000000      0.00000000      0.11241269     -1.08571569      0.00102480      5.17212350      0.06927633      0.00000000      0.99981572      0.33480877      0.54459563      0.54459563      0.40892848      0.83798121      2.00000000    -10.00000000
      2.37458194     -0.00000000     -0.00000000      0.00000000      0.00000000      0.10923421     -1.16290316      0.00099751      5.92364175      0.06939367      0.00000000      0.99981572      0.32516303      0.54665133      0.54665133      0.40399760      0.85556734      2.00000000    -10.00000000
      2.54180602     -0.00000000     -0.00000000      0.00000000      0.00000000      0.10586178     -1.24017583      0.00096993      6.71471315      0.06962426      0.00000000      0.99981572      0.31575084      0.54853621      0.54853621      0.39923869      0.87037755      2.00000000    -10.00000000
      2.70903010     -0.00000000     -0.00000000      0.00000000      0.00000000      0.10232655     -1.31753174      0.00094210      7.54177652      0.06996326      0.00000000      0.99981572      0.30657076      0.55024656      0.55024656      0.39464895      0.88292833      2.00000000    -10.00000000
      2.87625418     -0.00000000     -0.00000000      0.00000000      0.00000000      0.09865953     -1.39496993      0.00091409      8.40115876      0.07040638      0.00000000      0.99981572      0.29766769      0.55178439      0.55178439      0.39026084      0.89363013      2.00000000    -10.00000000
      3.04347826     -0.00000000     -0.00000000      0.00000000      0.00000000      0.09489114     -1.47249060      0.00088596      9.28915980      0.07094963      0.00000000      0.99981572      0.28892179      0.55313835      0.55313835      0.38605026      0.90281033      2.00000000    -10.00000000
      3.21070234     -0.00000000     -0.00000000      0.00000000      0.00000000      0.09105072     -1.55009524      0.00085777     10.20214675      0.07158907      0.00000000      0.99981572      0.28045997      0.55432543      0.55432543      0.38202930      0.91073140      2.00000000    -10.00000000
      3.37792642     -0.00000000     -0.00000000      0.00000000      0.00000000      0.08716623     -1.62778654      0.00082956     11.13664396      0.07232061      0.00000000      0.99981572      0.27224404      0.55533453      0.55533453      0.37820713      0.91760490      2.00000000    -10.00000000
      3.54515050     -0.00000000     -0.00000000      0.00000000      0.00000000      0.08326393     -1.70556808      0.00080140     12.08939982      0.07313999      0.00000000      0.99981572      0.26427218      0.55617731      0.55617731      0.37455828      0.92360230      2.00000000    -10.00000000
      3.71237458     -0.00000000     -0.00000000      0.00000000      0.00000000      0.07936820     -1.78344374      0.00077334     13.05741536      0.07404285      0.00000000      0.99981572      0.25654882      0.55685795      0.55685795      0.37110773      0.92886317      2.00000000    -10.00000000
      3.87959866     -0.00000000     -0.00000000      0.00000000      0.00000000      0.07550133     -1.86141713      0.00074542     14.03793144      0.07502497      0.00000000      0.99981572      0.24907369      0.55738396      0.55738396      0.36784494      0.93350149      2.00000000    -10.00000000
      4.04682274     -0.00000000     -0.00000000      0.00000000      0.00000000      0.07168343     -1.93949107      0.00071770     15.02838526      0.07608250      0.00000000      0.99981572      0.24184488      0.55776290      0.55776290      0.36476932      0.93761068      2.00000000    -10.00000000
      4.21404682     -0.00000000     -0.00000000      0.00000000      0.00000000      0.06793241     -2.01766726      0.00069024     16.02635243      0.07721220      0.00000000      0.99981572      0.23486652      0.55800571      0.55800571      0.36187246      0.94126751      2.00000000    -10.00000000
      4.38127090     -0.00000000     -0.00000000      0.00000000      0.00000000      0.06426387     -2.09594610      0.00066311     17.02948830      0.07841157      0.00000000      0.99981572      0.22809737      0.55811984      0.55811984      0.35915590      0.94453531      2.00000000    -10.00000000
      4.54849498     -0.00000000     -0.00000000      0.00000000      0.00000000      0.06069120     -2.17432676      0.00063637     18.03547411      0.07967894      0.00000000      0.99981572      0.22164921      0.55811476      0.55811476      0.35661376      0.94746650      2.00000000    -10.00000000
      4.71571906     -0.00000000     -0.00000000      0.00000000      0.00000000      0.05722559     -2.25280714      0.00061008     19.04196817      0.08101356      0.00000000      0.99981572      0.21539664      0.55798950      0.55798950      0.35424144      0.95010470      2.00000000    -10.00000000
      4.88294314     -0.00000000     -0.00000000      0.00000000      0.00000000      0.05387617     -2.33138344      0.00058430     20.04710441      0.08241329      0.00000000      0.99981572      0.20938824      0.55776365      0.55776365      0.35203135      0.95248753      2.00000000    -10.00000000
      5.05016722     -0.00000000     -0.00000000      0.00000000      0.00000000      0.05065010     -2.41005263      0.00055911     21.04719937      0.08388422      0.00000000      0.99981572      0.20360947      0.55744659      0.55744659      0.34998545      0.95464277      2.00000000    -10.00000000
      5.21739130     -0.00000000     -0.00000000      0.00000000      0.00000000      0.04755272     -2.48880867      0.00053457     22.04017898      0.08542587      0.00000000      0.99981572      0.19806326      0.55704708      0.55704708      0.34809135      0.95659756      2.00000000    -10.00000000
      5.38461538     -0.00000000     -0.00000000      0.00000000      0.00000000      0.04458771     -2.56764524      0.00051072     23.02315319      0.08704158      0.00000000      0.99981572      0.19276149      0.55657420      0.55657420      0.34634559      0.95837349      2.00000000    -10.00000000
      5.55183946     -0.00000000     -0.00000000      0.00000000      0.00000000      0.04175726     -2.64655506      0.00048761     23.99299941      0.08873579      0.00000000      0.99981572      0.18767989      0.55603611      0.55603611      0.34474315      0.95998880      2.00000000    -10.00000000
      5.71906355     -0.00000000     -0.00000000      0.00000000      0.00000000      0.03906222     -2.72552999      0.00046528     24.94634228      0.09051417      0.00000000      0.99981572      0.18282192      0.55544093      0.55544093      0.34327763      0.96145892      2.00000000    -10.00000000
      5.88628763     -0.00000000     -0.00000000      0.00000000      0.00000000      0.03650227     -2.80456108      0.00044376     25.87954877      0.09238354      0.00000000      0.99981572      0.17817892      0.55479613      0.55479613      0.34194523      0.96279699      2.00000000    -10.00000000
      6.05351171     -0.00000000     -0.00000000      0.00000000      0.00000000      0.03407606     -2.88363868      0.00042310     26.78874202      0.09435195      0.00000000      0.99981572      0.17374922      0.55410909      0.55410909      0.34073525      0.96401420      2.00000000    -10.00000000
      6.22073579     -0.00000000     -0.00000000      0.00000000      0.00000000      0.03178139     -2.96275258      0.00040329     27.66983718      0.09642856      0.00000000      0.99981572      0.16952523      0.55338613      0.55338613      0.33964660      0.96512014      2.00000000    -10.00000000
      6.38795987     -0.00000000     -0.00000000      0.00000000      0.00000000      0.02961533     -3.04189210      0.00038436     28.51860170      0.09862361      0.00000000      0.99981572      0.16549839      0.55263347      0.55263347      0.33867283      0.96612306      2.00000000    -10.00000000
      6.55518395     -0.00000000     -0.00000000      0.00000000      0.00000000      0.02757434     -3.12104634      0.00036630     29.33074097      0.10094828      0.00000000      0.99981572      0.16169968      0.55185685      0.55185685      0.33779605      0.96703015      2.00000000    -10.00000000
      6.72240803     -0.00000000     -0.00000000      0.00000000      0.00000000      0.02565442     -3.20020434      0.00034913     30.10200926      0.10341450      0.00000000      0.99981572      0.15809235      0.55106130      0.55106130      0.33704635      0.96784774      2.00000000    -10.00000000
      6.88963211     -0.00000000     -0.00000000      0.00000000      0.00000000      0.02385120     -3.27935532      0.00033281     30.82834076      0.10603477      0.00000000      0.99981572      0.15466441      0.55025189      0.55025189      0.33638352      0.96858146      2.00000000    -10.00000000
      7.05685619     -0.00000000     -0.00000000      0.00000000      0.00000000      0.02216002     -3.35848892      0.00031734     31.50599321      0.10882187      0.00000000      0.99981572      0.15141522      0.54943232      0.54943232      0.33581185      0.96923644      2.00000000    -10.00000000
      7.22408027     -0.00000000     -0.00000000      0.00000000      0.00000000      0.02057603     -3.43759538      0.00030269     32.13169242      0.11178858      0.00000000      0.99981572      0.14833851      0.54860676      0.54860676      0.33533238      0.96981742      2.00000000    -10.00000000
      7.39130435     -0.00000000     -0.00000000      0.00000000      0.00000000      0.01909428     -3.51666578      0.00028883     32.70276125      0.11494743      0.00000000      0.99981572      0.14543127      0.54777853      0.54777853      0.33493455      0.97032884      2.00000000    -10.00000000
      7.55852843     -0.00000000     -0.00000000      0.00000000      0.00000000      0.01770976     -3.59569217      0.00027572     33.21725128      0.11831037      0.00000000      0.99981572      0.14268562      0.54695069      0.54695069      0.33461562      0.97077498      2.00000000    -10.00000000
      7.72575251     -0.00000000     -0.00000000      0.00000000      0.00000000      0.01641746     -3.67466755      0.00026334     33.67384763      0.12188910      0.00000000      0.99981572      0.14009809      0.54612614      0.54612614      0.33437116      0.97115982      2.00000000    -10.00000000
      7.89297659     -0.00000000     -0.00000000      0.00000000      0.00000000      0.01521241     -3.75358595      0.00025162     34.07218313      0.12569392      0.00000000      0.99981572      0.13766218      0.54530717      0.54530717      0.33419717      0.97148738      2.00000000    -10.00000000
      8.06020067     -0.00000000     -0.00000000      0.00000000      0.00000000      0.01408975     -3.83244222      0.00024055     34.41249044      0.12973484      0.00000000      0.99981572      0.13537278      0.54449608      0.54449608      0.33408921      0.97176138      2.00000000    -10.00000000
      8.22742475     -0.00000000     -0.00000000      0.00000000      0.00000000      0.01304473     -3.91123190      0.00023006     34.69566865      0.13402116      0.00000000      0.99981572      0.13321416      0.54369533      0.54369533      0.33404367      0.97198540      2.00000000    -10.00000000
      8.39464883     -0.00000000     -0.00000000      0.00000000      0.00000000      0.01207273     -3.98995095      0.00022013     34.92313552      0.13856176      0.00000000      0.99981572      0.13121666      0.54290977      0.54290977      0.33405618      0.97216279      2.00000000    -10.00000000
      8.56187291     -0.00000000     -0.00000000      0.00000000      0.00000000      0.01116931     -4.06859553      0.00021072     35.09669355      0.14336540      0.00000000      0.99981572      0.12932766      0.54212571      0.54212571      0.33412445      0.97229663      2.00000000    -10.00000000
      8.72909699     -0.00000000     -0.00000000      0.00000000      0.00000000      0.01033018     -4.14716168      0.00020179     35.21839666      0.14844100      0.00000000      0.99981572      0.12756342      0.54135505      0.54135505      0.33424424      0.97238972      2.00000000    -10.00000000
      8.89632107     -0.00000000     -0.00000000      0.00000000      0.00000000      0.00955128     -4.22564511      0.00019331     35.29042920      0.15379797      0.00000000      0.99981572      0.12591880      0.54059846      0.54059846      0.33441175      0.97244453      2.00000000    -10.00000000
      9.06354515     -0.00000000     -0.00000000      0.00000000      0.00000000      0.00882868     -4.30404103      0.00018525     35.31500552      0.15944652      0.00000000      0.99981572      0.12438890      0.53985660      0.53985660      0.33462498      0.97246317      2.00000000    -10.00000000
      9.23076923     -0.00000000     -0.00000000      0.00000000      0.00000000      0.00815868     -4.38234397      0.00017758     35.29430177      0.16539784      0.00000000      0.99981572      0.12296910      0.53913024      0.53913024      0.33488060      0.97244747      2.00000000    -10.00000000
      9.39799331     -0.00000000     -0.00000000      0.00000000      0.00000000      0.00753776     -4.46054765      0.00017028     35.23038738      0.17166449      0.00000000      0.99981572      0.12165471      0.53841987      0.53841987      0.33517559      0.97239886      2.00000000    -10.00000000
      9.56521739     -0.00000000     -0.00000000      0.00000000      0.00000000      0.00696261     -4.53864509      0.00016333     35.12528418      0.17826008      0.00000000      0.99981572      0.12044163      0.53772591      0.53772591      0.33550768      0.97231856      2.00000000    -10.00000000
      9.73244147     -0.00000000     -0.00000000      0.00000000      0.00000000      0.00643006     -4.61662832      0.00015671     34.98081062      0.18520021      0.00000000      0.99981572      0.11932494      0.53704872      0.53704872      0.33587397      0.97220741      2.00000000    -10.00000000
      9.89966555     -0.00000000     -0.00000000      0.00000000      0.00000000      0.00593717     -4.69448866      0.00015040     34.79873813      0.19250171      0.00000000      0.99981572      0.11831967      0.53638901      0.53638901      0.33627292      0.97206605      2.00000000    -10.00000000
     10.06688963     -0.00000000     -0.00000000      0.00000000      0.00000000      0.00548116     -4.77221424      0.00014439     34.58196398      0.20017587      0.00000000      0.99981572      0.11737001      0.53575045      0.53575045      0.33695651      0.97189587      2.00000000    -10.00000000
     10.23411371     -0.00000000     -0.00000000      0.00000000      0.00000000      0.00505940     -4.84979952      0.00013866     34.32956743      0.20825755      0.00000000      0.99981572      0.11652137      0.53512161      0.53512161      0.33715791      0.97169510      2.00000000    -10.00000000
     10.40133779     -0.00000000     -0.00000000      0.00000000      0.00000000      0.00466946     -4.92723137      0.00013320     34.04427774      0.21676207      0.00000000      0.99981572      0.11575466      0.53451203      0.53451203      0.33762290      0.97146467      2.00000000    -10.00000000
     10.56856187     -0.00000000     -0.00000000      0.00000000      0.00000000      0.00430904     -5.00449788      0.00012799     33.72773629      0.22571236      0.00000000      0.99981572      0.11502831      0.53390903      0.53390903      0.33814628      0.97120457      2.00000000    -10.00000000
     10.73578595     -0.00000000     -0.00000000      0.00000000      0.00000000      0.00397599     -5.08158670      0.00012303     33.38144290      0.23513381      0.00000000      0.99981572      0.11442687      0.53332102      0.53332102      0.33867451      0.97091454      2.00000000    -10.00000000
     10.90301003     -0.00000000     -0.00000000      0.00000000      0.00000000      0.00366831     -5.15848483      0.00011829     33.00689445      0.24505364      0.00000000      0.99981572      0.11386780      0.53274892      0.53274892      0.33922323      0.97059420      2.00000000    -10.00000000
     11.07023411     -0.00000000     -0.00000000      0.00000000      0.00000000      0.00338414     -5.23517860      0.00011378     32.60559241      0.25550089      0.00000000      0.99981572      0.11338116      0.53219219      0.53219219      0.33979943      0.97024305      2.00000000    -10.00000000
     11.23745819     -0.00000000     -0.00000000      0.00000000      0.00000000      0.00312174     -5.31165372      0.00010948     32.17905359      0.26650647      0.00000000      0.99981572      0.11295732      0.53165121      0.53165121      0.34037640      0.96986050      2.00000000    -10.00000000
     11.40468227     -0.00000000     -0.00000000      0.00000000      0.00000000      0.00287948     -5.38789518      0.00010538     31.72879744      0.27810332      0.00000000      0.99981572      0.11259523      0.53112491      0.53112491      0.34097781      0.96944587      2.00000000    -10.00000000
     11.57190635     -0.00000000     -0.00000000      0.00000000      0.00000000      0.00265587     -5.46388733      0.00010147     31.25636967      0.29032634      0.00000000      0.99981572      0.11229232      0.53061316      0.53061316      0.34159363      0.96899837      2.00000000    -10.00000000
     11.73913043     -0.00000000     -0.00000000      0.00000000      0.00000000      0.00244949     -5.53961377      0.00009774     30.76332092      0.30321262      0.00000000      0.99981572      0.11204584      0.53011560      0.53011560      0.34222320      0.96851715      2.00000000    -10.00000000
     11.90635452     -0.00000000     -0.00000000      0.00000000      0.00000000      0.00225906     -5.61505739      0.00009418     30.25121227      0.31680142      0.00000000      0.99981572      0.11185334      0.52963184      0.52963184      0.34286500      0.96800124      2.00000000    -10.00000000
     12.07357860     -0.00000000     -0.00000000      0.00000000      0.00000000      0.00208335     -5.69020026      0.00009078     29.72161021      0.33113438      0.00000000      0.99981572      0.11171243      0.52916151      0.52916151      0.34351803      0.96744962      2.00000000    -10.00000000
     12.24080268     -0.00000000     -0.00000000      0.00000000      0.00000000      0.00192126     -5.76502364      0.00008754     29.17608206      0.34625553      0.00000000      0.99981572      0.11162083      0.52870423      0.52870423      0.34418138      0.96686117      2.00000000    -10.00000000
     12.40802676     -0.00000000     -0.00000000      0.00000000      0.00000000      0.00177175     -5.83950795      0.00008445     28.61618980      0.36221148      0.00000000      0.99981572      0.11157637      0.52825962      0.52825962      0.34485370      0.96623468      2.00000000    -10.00000000
     12.57525084     -0.00000000     -0.00000000      0.00000000      0.00000000      0.00163385     -5.91363267      0.00008150     28.04348565      0.37905149      0.00000000      0.99981572      0.11157682      0.52782730      0.52782730      0.34553478      0.96556887      2.00000000    -10.00000000
     12.74247492     -0.00000000     -0.00000000      0.00000000      0.00000000      0.00150668     -5.98737632      0.00007868     27.45950618      0.39682763      0.00000000      0.99981572      0.11162057      0.52740687      0.52740687      0.34622346      0.96486236      2.00000000    -10.00000000
     12.90969900     -0.00000000     -0.00000000      0.00000000      0.00000000      0.00138940     -6.06071643      0.00007599     26.86576693      0.41559489      0.00000000      0.99981572      0.11170494      0.52699804      0.52699804      0.34691767      0.96411367      2.00000000    -10.00000000
     13.07692308     -0.00000000     -0.00000000      0.00000000      0.00000000      0.00128126     -6.13362944      0.00007341     26.26375759      0.43541132      0.00000000      0.99981572      0.11183441      0.52660037      0.52660037      0.34761888      0.96332127      2.00000000    -10.00000000
     13.24414716     -0.00000000     -0.00000000      0.00000000      0.00000000      0.00118156     -6.20609067      0.00007095     25.65493655      0.45633817      0.00000000      0.99981572      0.11199227      0.52621353      0.52621353      0.34832548      0.96248350      2.00000000    -10.00000000
     13.41137124     -0.00000000     -0.00000000      0.00000000      0.00000000      0.00108963     -6.27807426      0.00006860     25.04072394      0.47844005      0.00000000      0.99981572      0.11219031      0.52583717      0.52583717      0.34903622      0.96159861      2.00000000    -10.00000000
     13.57859532     -0.00000000     -0.00000000      0.00000000      0.00000000      0.00100488     -6.34955311      0.00006635     24.42250185      0.50178500      0.00000000      0.99981572      0.11242303      0.52547098      0.52547098      0.34975096      0.96066477      2.00000000    -10.00000000
     13.74581940     -0.00000000     -0.00000000      0.00000000      0.00000000      0.00092675     -6.42049880      0.00006420     23.80160539      0.52644475      0.00000000      0.99981572      0.11268897      0.52511454      0.52511454      0.35046881      0.95968003      2.00000000    -10.00000000
     13.91304348     -0.00000000     -0.00000000      0.00000000      0.00000000      0.00085473     -6.49088154      0.00006214     23.17932342      0.55249471      0.00000000      0.99981572      0.11298681      0.52476761      0.52476761      0.35118997      0.95864235      2.00000000    -10.00000000
     14.08026756     -0.00000000     -0.00000000      0.00000000      0.00000000      0.00078834     -6.56067012      0.00006017     22.55689176      0.58001424      0.00000000      0.99981572      0.11331431      0.52442986      0.52442986      0.35201163      0.95754958      2.00000000    -10.00000000
     14.24749164     -0.00000000     -0.00000000      0.00000000      0.00000000      0.00072714     -6.62983180      0.00005828     21.93549207      0.60908675      0.00000000      0.99981572      0.11367146      0.52410097      0.52410097      0.35263882      0.95639945      2.00000000    -10.00000000
     14.41471572     -0.00000000     -0.00000000      0.00000000      0.00000000      0.00067073     -6.69833226      0.00005647     21.31624988      0.63979977      0.00000000      0.99981572      0.11406390      0.52378064      0.52378064      0.35336366      0.95518960      2.00000000    -10.00000000
     14.58193980     -0.00000000     -0.00000000      0.00000000      0.00000000      0.00061873     -6.76613555      0.00005473     20.70023195      0.67224516      0.00000000      0.99981572      0.11446716      0.52346860      0.52346860      0.35409187      0.95391754      2.00000000    -10.00000000
     14.74916388     -0.00000000     -0.00000000      0.00000000      0.00000000      0.00057080     -6.83320396      0.00005307     20.08844123      0.70651931      0.00000000      0.99981572      0.11490380      0.52316456      0.52316456      0.35481975      0.95258066      2.00000000    -10.00000000
     14.91638796     -0.00000000     -0.00000000      0.00000000      0.00000000      0.00052661     -6.89949803      0.00005147     19.48182693      0.74272291      0.00000000      0.99981572      0.11536527      0.52286826      0.52286826      0.35550336      0.95117623      2.00000000    -10.00000000
     15.08361204     -0.00000000     -0.00000000      0.00000000      0.00000000      0.00048589     -6.96497641      0.00004994     18.88127100      0.78096143      0.00000000      0.99981572      0.11584985      0.52257943      0.52257943      0.35627570      0.94970140      2.00000000    -10.00000000
     15.25083612     -0.00000000     -0.00000000      0.00000000      0.00000000      0.00044835     -7.02959580      0.00004846     18.28759542      0.82134499      0.00000000      0.99981572      0.11635690      0.52229782      0.52229782      0.35700315      0.94815321      2.00000000    -10.00000000
     15.41806020     -0.00000000     -0.00000000      0.00000000      0.00000000      0.00041375     -7.09331087      0.00004704     17.70155730      0.86398862      0.00000000      0.99981572      0.11690718      0.52202319      0.52202319      0.35772982      0.94652852      2.00000000    -10.00000000
     15.58528428     -0.00000000     -0.00000000      0.00000000      0.00000000      0.00038186     -7.15607422      0.00004568     17.12385639      0.90901197      0.00000000      0.99981572      0.11743453      0.52175531      0.52175531      0.35845523      0.94482410      2.00000000    -10.00000000
     15.75250836     -0.00000000     -0.00000000      0.00000000      0.00000000      0.00035246     -7.21783628      0.00004437     16.55513074      0.95653959      0.00000000      0.99981572      0.11800362      0.52149394      0.52149394      0.35929238      0.94303660      2.00000000    -10.00000000
     15.91973244     -0.00000000     -0.00000000      0.00000000      0.00000000      0.00032536     -7.27854524      0.00004310     15.99595640      1.00670093      0.00000000      0.99981572      0.11859147      0.52123888      0.52123888      0.35990211      0.94116248      2.00000000    -10.00000000
     16.08695652     -0.00000000     -0.00000000      0.00000000      0.00000000      0.00030038     -7.33814696      0.00004188     15.44685307      1.05963014      0.00000000      0.99981572      0.11919745      0.52098991      0.52098991      0.36062077      0.93919809      2.00000000    -10.00000000
     16.25418060     -0.00000000     -0.00000000      0.00000000      0.00000000      0.00027735     -7.39658495      0.00004071     14.90828282      1.11546612      0.00000000      0.99981572      0.11982091      0.52074683      0.52074683      0.36134183      0.93713966      2.00000000    -10.00000000
     16.42140468     -0.00000000     -0.00000000      0.00000000      0.00000000      0.00025611     -7.45380028      0.00003958     14.38065304      1.17435231      0.00000000      0.99981572      0.12046076      0.52050944      0.52050944      0.36205802      0.93498325      2.00000000    -10.00000000
     16.58862876     -0.00000000     -0.00000000      0.00000000      0.00000000      0.00023654     -7.50973152      0.00003849     13.86431783      1.23643652      0.00000000      0.99981572      0.12111642      0.52027756      0.52027756      0.36277127      0.93272480      2.00000000    -10.00000000
     16.75585284     -0.00000000     -0.00000000      0.00000000      0.00000000      0.00021849     -7.56431470      0.00003743     13.35958014      1.30187077      0.00000000      0.99981572      0.12178790      0.52005101      0.52005101      0.36348355      0.93036008      2.00000000    -10.00000000
     16.92307692     -0.00000000     -0.00000000      0.00000000      0.00000000      0.00020185     -7.61748324      0.00003641     12.86669393      1.37081091      0.00000000      0.99981572      0.12247386      0.51982961      0.51982961      0.36419304      0.92788476      2.00000000    -10.00000000
     17.09030100     -0.00000000     -0.00000000      0.00000000      0.00000000      0.00018651     -7.66916793      0.00003543     12.38586597      1.44341638      0.00000000      0.99981572      0.12317369      0.51961320      0.51961320      0.36489927      0.92529434      2.00000000    -10.00000000
     17.25752508     -0.00000000     -0.00000000      0.00000000      0.00000000      0.00017236     -7.71929692      0.00003447     11.91725967      1.51984955      0.00000000      0.99981572      0.12388701      0.51940161      0.51940161      0.36560205      0.92258420      2.00000000    -10.00000000
     17.42474916     -0.00000000     -0.00000000      0.00000000      0.00000000      0.00015931     -7.76779565      0.00003355     11.46099564      1.60027546      0.00000000      0.99981572      0.12461317      0.51919469      0.51919469      0.36630174      0.91974959      2.00000000    -10.00000000
     17.59197324     -0.00000000     -0.00000000      0.00000000      0.00000000      0.00014728     -7.81458691      0.00003265     11.01715549      1.68486101      0.00000000      0.99981572      0.12535171      0.51899229      0.51899229      0.36699835      0.91678563      2.00000000    -10.00000000
     17.75919732     -0.00000000     -0.00000000      0.00000000      0.00000000      0.00013618     -7.85959074      0.00003179     10.58578295      1.77377443      0.00000000      0.99981572      0.12610261      0.51879427      0.51879427      0.36769130      0.91368732      2.00000000    -10.00000000
     17.92642140     -0.00000000     -0.00000000      0.00000000      0.00000000      0.00012595     -7.90272459      0.00003095     10.16688781      1.86718424      0.00000000      0.99981572      0.12686362      0.51860049      0.51860049      0.36838122      0.91044953      2.00000000    -10.00000000
     18.09364548     -0.00000000     -0.00000000      0.00000000      0.00000000      0.00011650     -7.94390326      0.00003013      9.76044741      1.96525847      0.00000000      0.99981572      0.12763603      0.51841082      0.51841082      0.36906716      0.90706706      2.00000000    -10.00000000
     18.26086957     -0.00000000     -0.00000000      0.00000000      0.00000000      0.00010779     -7.98303899      0.00002934      9.36640899      2.06816361      0.00000000      0.99981572      0.12841859      0.51822512      0.51822512      0.36974957      0.90353458      2.00000000    -10.00000000
     18.42809365     -0.00000000     -0.00000000      0.00000000      0.00000000      0.00009976     -8.02004152      0.00002857      8.98469231      2.17606335      0.00000000      0.99981572      0.12921137      0.51804328      0.51804328      0.37043040      0.89984669      2.00000000    -10.00000000
     18.59531773     -0.00000000     -0.00000000      0.00000000      0.00000000      0.00009234     -8.05481825      0.00002782      8.61519194      2.28911727      0.00000000      0.99981572      0.13001685      0.51786518      0.51786518      0.37110331      0.89599792      2.00000000    -10.00000000
     18.76254181     -0.00000000     -0.00000000      0.00000000      0.00000000      0.00008550     -8.08727427      0.00002709      8.25777921      2.40747944      0.00000000      0.99981572      0.13082422      0.51769070      0.51769070      0.37177417      0.89198273      2.00000000    -10.00000000
     18.92976589     -0.00000000     -0.00000000      0.00000000      0.00000000      0.00007919     -8.11731262      0.00002638      7.91230454      2.53129674      0.00000000      0.99981572      0.13164380      0.51751974      0.51751974      0.37244122      0.88779558      2.00000000    -10.00000000
     19.09698997     -0.00000000     -0.00000000      0.00000000      0.00000000      0.00007336     -8.14483440      0.00002569      7.57859949      2.66070711      0.00000000      0.99981572      0.13246964      0.51735218      0.51735218      0.37310429      0.88343086      2.00000000    -10.00000000
     19.26421405     -0.00000000     -0.00000000      0.00000000      0.00000000      0.00006798     -8.16973904      0.00002501      7.25647888      2.79583761      0.00000000      0.99981572      0.13330728      0.51718794      0.51718794      0.37376055      0.87888299      2.00000000    -10.00000000
     19.43143813     -0.00000000     -0.00000000      0.00000000      0.00000000      0.00006302     -8.19192443      0.00002435      6.94574140      2.93680272      0.00000000      0.99981572      0.13415084      0.51702690      0.51702690      0.37441846      0.87414642      2.00000000    -10.00000000
     19.59866221     -0.00000000     -0.00000000      0.00000000      0.00000000      0.00005843     -8.21128745      0.00002371      6.64617437      3.08370120      0.00000000      0.99981572      0.13500062      0.51686898      0.51686898      0.37506472      0.86921564      2.00000000    -10.00000000
     19.76588629     -0.00000000     -0.00000000      0.00000000      0.00000000      0.00005420     -8.22772404      0.00002308      6.35755220      3.23661475      0.00000000      0.99981572      0.13585759      0.51671408      0.51671408      0.37571603      0.86408523      2.00000000    -10.00000000
     19.93311037     -0.00000000     -0.00000000      0.00000000      0.00000000      0.00005029     -8.24112970      0.00002247      6.07963979      3.39560496      0.00000000      0.99981572      0.13672101      0.51656213      0.51656213      0.37655375      0.85874988      2.00000000    -10.00000000
     20.10033445     -0.00000000     -0.00000000      0.00000000      0.00000000      0.00004668     -8.25139986      0.00002187      5.81219348      3.56071089      0.00000000      0.99981572      0.13759058      0.51641302      0.51641302      0.37699700      0.85320440      2.00000000    -10.00000000
     20.26755853     -0.00000000     -0.00000000      0.00000000      0.00000000      0.00004334     -8.25843034      0.00002129      5.55496276      3.73194622      0.00000000      0.99981572      0.13846598      0.51626669      0.51626669      0.37763117      0.84744383      2.00000000    -10.00000000
     20.43478261     -0.00000000     -0.00000000      0.00000000      0.00000000      0.00004026     -8.26211784      0.00002071      5.30769139      3.90929654      0.00000000      0.99981572      0.13934688      0.51612306      0.51612306      0.37826085      0.84146339      2.00000000    -10.00000000
     20.60200669     -0.00000000     -0.00000000      0.00000000      0.00000000      0.00003742     -8.26236045      0.00002015      5.07011873      4.09271642      0.00000000      0.99981572      0.14017694      0.51598204      0.51598204      0.37892492      0.83525858      2.00000000    -10.00000000
     20.76923077     -0.00000000     -0.00000000      0.00000000      0.00000000      0.00003478     -8.25905827      0.00001960      4.84198081      4.28212662      0.00000000      0.99981572      0.14112417      0.51584357      0.51584357      0.37950806      0.82882518      2.00000000    -10.00000000
     20.93645485     -0.00000000     -0.00000000      0.00000000      0.00000000      0.00003235     -8.25211400      0.00001906      4.62301150      4.47741111      0.00000000      0.99981572      0.14201956      0.51570758      0.51570758      0.38013405      0.82215935      2.00000000    -10.00000000
     21.10367893     -0.00000000     -0.00000000      0.00000000      0.00000000      0.00003010     -8.24143359      0.00001853      4.41294339      4.67841432      0.00000000      0.99981572      0.14291984      0.51557400      0.51557400      0.38074434      0.81525763      2.00000000    -10.00000000
     21.27090301     -0.00000000     -0.00000000      0.00000000      0.00000000      0.00002802     -8.22692700      0.00001801      4.21150879      4.88493833      0.00000000      0.99981572      0.14382392      0.51544276      0.51544276      0.38135840      0.80811699      2.00000000    -10.00000000
     21.43812709     -0.00000000     -0.00000000      0.00000000      0.00000000      0.00002610     -8.20850886      0.00001751      4.01844050      5.09674035      0.00000000      0.99981572      0.14461651      0.51531380      0.51531380      0.38195079      0.80073491      2.00000000    -10.00000000
     21.60535117     -0.00000000     -0.00000000      0.00000000      0.00000000      0.00002432     -8.18609926      0.00001701      3.83347252      5.31353038      0.00000000      0.99981572      0.14564391      0.51518707      0.51518707      0.38255069      0.79310941      2.00000000    -10.00000000
     21.77257525     -0.00000000     -0.00000000      0.00000000      0.00000000      0.00002267     -8.15962458      0.00001651      3.65634082      5.53496902      0.00000000      0.99981572      0.14655917      0.51506250      0.51506250      0.38314737      0.78523909      2.00000000    -10.00000000
     21.93979933     -0.00000000     -0.00000000      0.00000000      0.00000000      0.00002115     -8.12901826      0.00001603      3.48678387      5.76066577      0.00000000      0.99981572      0.14747765      0.51494003      0.51494003      0.38373799      0.77712321      2.00000000    -10.00000000
     22.10702341     -0.00000000     -0.00000000      0.00000000      0.00000000      0.00001974     -8.09422161      0.00001556      3.32454325      5.99017766      0.00000000      0.99981572      0.14839914      0.51481962      0.51481962      0.38432490      0.76876171      2.00000000    -10.00000000
     22.27424749     -0.00000000     -0.00000000      0.00000000      0.00000000      0.00001843     -8.05518472      0.00001510      3.16936412      6.22300830      0.00000000      0.99981572      0.14943800      0.51470121      0.51470121      0.38490738      0.76015527      2.00000000    -10.00000000
     22.44147157     -0.00000000     -0.00000000      0.00000000      0.00000000      0.00001722     -8.01186719      0.00001464      3.02099562      6.45860757      0.00000000      0.99981572      0.15025029      0.51458474      0.51458474      0.38548592      0.75130537      2.00000000    -10.00000000
     22.60869565     -0.00000000     -0.00000000      0.00000000      0.00000000      0.00001610     -7.96423900      0.00001419      2.87919128      6.69637182      0.00000000      0.99981572      0.15117934      0.51447018      0.51447018      0.38606069      0.74221431      2.00000000    -10.00000000
     22.77591973     -0.00000000     -0.00000000      0.00000000      0.00000000      0.00001506     -7.91228130      0.00001375      2.74370936      6.93564480      0.00000000      0.99981572      0.15211098      0.51435746      0.51435746      0.38663021      0.73288525      2.00000000    -10.00000000
     22.94314381     -0.00000000     -0.00000000      0.00000000      0.00000000      0.00001410     -7.85598713      0.00001332      2.61431311      7.17571921      0.00000000      0.99981572      0.15304550      0.51424656      0.51424656      0.38719670      0.72332226      2.00000000    -10.00000000
     23.11036789     -0.00000000     -0.00000000      0.00000000      0.00000000      0.00001321     -7.79536217      0.00001289      2.49077104      7.41583907      0.00000000      0.99981572      0.15397913      0.51413741      0.51413741      0.38775861      0.71353034      2.00000000    -10.00000000
     23.27759197     -0.00000000     -0.00000000      0.00000000      0.00000000      0.00001238     -7.73042531      0.00001247      2.37285706      7.65520296      0.00000000      0.99981572      0.15491662      0.51402998      0.51402998      0.38831592      0.70351545      2.00000000    -10.00000000
     23.44481605     -0.00000000     -0.00000000      0.00000000      0.00000000      0.00001161     -7.66120932      0.00001206      2.26035072      7.89296788      0.00000000      0.99981572      0.15583308      0.51392423      0.51392423      0.38886921      0.69328453      2.00000000    -10.00000000
     23.61204013     -0.00000000     -0.00000000      0.00000000      0.00000000      0.00001090     -7.58776124      0.00001166      2.15303729      8.12825409      0.00000000      0.99981572      0.15679498      0.51382012      0.51382012      0.38941841      0.68284549      2.00000000    -10.00000000
     23.77926421     -0.00000000     -0.00000000      0.00000000      0.00000000      0.00001024     -7.51014284      0.00001127      2.05070787      8.36015070      0.00000000      0.99981572      0.15773553      0.51371761      0.51371761      0.38996342      0.67220722      2.00000000    -10.00000000
     23.94648829     -0.00000000     -0.00000000      0.00000000      0.00000000      0.00000962     -7.42843084      0.00001088      1.95315946      8.58772200      0.00000000      0.99981572      0.15867870      0.51361665      0.51361665      0.39050462      0.66137961      2.00000000    -10.00000000
     24.11371237     -0.00000000     -0.00000000      0.00000000      0.00000000      0.00000905     -7.34271709      0.00001050      1.86019500      8.81001457      0.00000000      0.99981572      0.16000247      0.51351722      0.51351722      0.39104125      0.65037349      2.00000000    -10.00000000
     24.28093645     -0.00000000     -0.00000000      0.00000000      0.00000000      0.00000852     -7.25310857      0.00001012      1.77162340      9.02606504      0.00000000      0.99981572      0.16056434      0.51341928      0.51341928      0.39156616      0.63920062      2.00000000    -10.00000000
     24.44816054     -0.00000000     -0.00000000      0.00000000      0.00000000      0.00000803     -7.15972731      0.00000976      1.68725950      9.23490835      0.00000000      0.99981572      0.16150850      0.51332279      0.51332279      0.39210278      0.62787368      2.00000000    -10.00000000
     24.61538462     -0.00000000     -0.00000000      0.00000000      0.00000000      0.00000757     -7.06271004      0.00000940      1.60692410      9.43558647      0.00000000      0.99981572      0.16245286      0.51322773      0.51322773      0.39262751      0.61640617      2.00000000    -10.00000000
     24.78260870     -0.00000000     -0.00000000      0.00000000      0.00000000      0.00000714     -6.96220784      0.00000905      1.53044385      9.62715752      0.00000000      0.99981572      0.16339875      0.51313405      0.51313405      0.39314885      0.60481241      2.00000000    -10.00000000
     24.94983278     -0.00000000     -0.00000000      0.00000000      0.00000000      0.00000675     -6.85838548      0.00000871      1.45765123      9.80870490      0.00000000      0.99981572      0.16434311      0.51304173      0.51304173      0.39366568      0.59310744      2.00000000    -10.00000000
     25.11705686     -0.00000000     -0.00000000      0.00000000      0.00000000      0.00000638     -6.75142070      0.00000837      1.38838447      9.97934655      0.00000000      0.99981572      0.16528819      0.51295074      0.51295074      0.39417891      0.58130694      2.00000000    -10.00000000
     25.28428094     -0.00000000     -0.00000000      0.00000000      0.00000000      0.00000603     -6.64150325      0.00000804      1.32248743     10.13824390      0.00000000      0.99981572      0.16623337      0.51286104      0.51286104      0.39468669      0.56942716      2.00000000    -10.00000000
     25.45150502     -0.00000000     -0.00000000      0.00000000      0.00000000      0.00000571     -6.52883377      0.00000773      1.25980951     10.28461050      0.00000000      0.99981572      0.16718434      0.51277262      0.51277262      0.39519147      0.55748483      2.00000000    -10.00000000
     25.61872910     -0.00000000     -0.00000000      0.00000000      0.00000000      0.00000541     -6.41362251      0.00000741      1.20020551     10.41772008      0.00000000      0.99981572      0.16812654      0.51268544      0.51268544      0.39569282      0.54549700      2.00000000    -10.00000000
     25.78595318     -0.00000000     -0.00000000      0.00000000      0.00000000      0.00000513     -6.29608780      0.00000711      1.14353547     10.53691367      0.00000000      0.99981572      0.16906730      0.51259947      0.51259947      0.39619004      0.53348101      2.00000000    -10.00000000
     25.95317726     -0.00000000     -0.00000000      0.00000000      0.00000000      0.00000487     -6.17645435      0.00000681      1.08966453     10.64160583      0.00000000      0.99981572      0.17001185      0.51251470      0.51251470      0.39696075      0.52145429      2.00000000    -10.00000000
     26.12040134     -0.00000000     -0.00000000      0.00000000      0.00000000      0.00000462     -6.05495127      0.00000653      1.03846271     10.73128938      0.00000000      0.99981572      0.17095454      0.51243108      0.51243108      0.39717360      0.50943424      2.00000000    -10.00000000
     26.28762542     -0.00000000     -0.00000000      0.00000000      0.00000000      0.00000439     -5.93180978      0.00000625      0.98980472     10.80553868      0.00000000      0.99981572      0.17176295      0.51234861      0.51234861      0.39765906      0.49743812      2.00000000    -10.00000000
     26.45484950     -0.00000000     -0.00000000      0.00000000      0.00000000      0.00000418     -5.80726059      0.00000597      0.94356962     10.86401080      0.00000000      0.99981572      0.17283897      0.51226726      0.51226726      0.39814123      0.48548280      2.00000000    -10.00000000
     26.62207358     -0.00000000     -0.00000000      0.00000000      0.00000000      0.00000398     -5.68153067      0.00000571      0.89964058     10.90644429      0.00000000      0.99981572      0.17377922      0.51218699      0.51218699      0.39861974      0.47358463      2.00000000    -10.00000000
     26.78929766     -0.00000000     -0.00000000      0.00000000      0.00000000      0.00000379     -5.55483939      0.00000545      0.85790439     10.93265474      0.00000000      0.99981572      0.17471903      0.51210780      0.51210780      0.39909449      0.46175917      2.00000000    -10.00000000
     26.95652174     -0.00000000     -0.00000000      0.00000000      0.00000000      0.00000362     -5.42739351      0.00000521      0.81825097     10.94252640      0.00000000      0.99981572      0.17566007      0.51202966      0.51202966      0.39956576      0.45002092      2.00000000    -10.00000000
     27.12374582     -0.00000000     -0.00000000      0.00000000      0.00000000      0.00000345     -5.29938065      0.00000497      0.78057262     10.93599808      0.00000000      0.99981572      0.17656857      0.51195254      0.51195254      0.40003570      0.43838292      2.00000000    -10.00000000
     27.29096990     -0.00000000     -0.00000000      0.00000000      0.00000000      0.00000330     -5.17096039      0.00000473      0.74476307     10.91304132      0.00000000      0.99981572      0.17753172      0.51187643      0.51187643      0.40049692      0.42685628      2.00000000    -10.00000000
     27.45819398     -0.00000000     -0.00000000      0.00000000      0.00000000      0.00000315     -5.04225161      0.00000451      0.71071601     10.87362709      0.00000000      0.99981572      0.17846682      0.51180130      0.51180130      0.40095745      0.41544944      2.00000000    -10.00000000
     27.62541806     -0.00000000     -0.00000000      0.00000000      0.00000000      0.00000301     -4.91331415      0.00000429      0.67832315     10.81767520      0.00000000      0.99981572      0.17940050      0.51172715      0.51172715      0.40141423      0.40416719      2.00000000    -10.00000000
     27.79264214     -0.00000000     -0.00000000      0.00000000      0.00000000      0.00000289     -4.78412142      0.00000408      0.64747114     10.74497674      0.00000000      0.99981572      0.18033275      0.51165394      0.51165394      0.40186600      0.39300909      2.00000000    -10.00000000
     27.95986622     -0.00000000     -0.00000000      0.00000000      0.00000000      0.00000276     -4.65451864      0.00000388      0.61803715     10.65507421      0.00000000      0.99981572      0.18126285      0.51158166      0.51158166      0.40231736      0.38196722      2.00000000    -10.00000000
     28.12709030     -0.00000000     -0.00000000      0.00000000      0.00000000      0.00000265     -4.52415866      0.00000368      0.58988206     10.54707363      0.00000000      0.99981572      0.18218926      0.51151029      0.51151029      0.40276374      0.37102253      2.00000000    -10.00000000
     28.29431438     -0.00000000     -0.00000000      0.00000000      0.00000000      0.00000254     -4.39240260      0.00000348      0.56284036     10.41934829      0.00000000      0.99981572      0.18311995      0.51143981      0.51143981      0.40320649      0.36013938      2.00000000    -10.00000000
     28.46153846     -0.00000000     -0.00000000      0.00000000      0.00000000      0.00000244     -4.25816768      0.00000329      0.53670525     10.26907168      0.00000000      0.99981572      0.18404564      0.51137021      0.51137021      0.40364624      0.34925712      2.00000000    -10.00000000
     28.62876254     -0.00000000     -0.00000000      0.00000000      0.00000000      0.00000234     -4.11970097      0.00000311      0.51120778     10.09149347      0.00000000      0.99981572      0.18498314      0.51130147      0.51130147      0.40408245      0.33827763      2.00000000    -10.00000000
     28.79598662     -0.00000000     -0.00000000      0.00000000      0.00000000      0.00000224     -3.97426681      0.00000292      0.48599119      9.87886729      0.00000000      0.99981572      0.18589168      0.51123358      0.51123358      0.40451528      0.32704850      2.00000000    -10.00000000
     28.96321070     -0.00000000     -0.00000000      0.00000000      0.00000000      0.00000215     -3.81778417      0.00000273      0.46058864      9.61902457      0.00000000      0.99981572      0.18681170      0.51116651      0.51116651      0.40494487      0.31534453      2.00000000    -10.00000000
     29.13043478     -0.00000000     -0.00000000      0.00000000      0.00000000      0.00000206     -3.64459632      0.00000252      0.43443051      9.29394407      0.00000000      0.99981572      0.18772966      0.51110026      0.51110026      0.40537108      0.30285922      2.00000000    -10.00000000
     29.29765886     -0.00000000     -0.00000000      0.00000000      0.00000000      0.00000198     -3.44786981      0.00000231      0.40693932      8.87960341      0.00000000      0.99981572      0.18864615      0.51103481      0.51103481      0.40579410      0.28923729      2.00000000    -10.00000000
     29.46488294     -0.00000000     -0.00000000      0.00000000      0.00000000      0.00000189     -3.22150645      0.00000207      0.37779223      8.35000038      0.00000000      0.99981572      0.18956053      0.51097013      0.51097013      0.40621371      0.27420116      2.00000000    -10.00000000
     29.63210702     -0.00000000     -0.00000000      0.00000000      0.00000000      0.00000180     -2.96422085      0.00000182      0.34735680      7.68894617      0.00000000      0.99981572      0.19047229      0.51090623      0.51090623      0.40663097      0.25780610      2.00000000    -10.00000000
     29.79933110     -0.00000000     -0.00000000      0.00000000      0.00000000      0.00000171     -2.68433715      0.00000156      0.31704149      6.90843269      0.00000000      0.99981572      0.19138232      0.51084309      0.51084309      0.40704388      0.24072248      2.00000000    -10.00000000
     29.96655518     -0.00000000     -0.00000000      0.00000000      0.00000000      0.00000163     -2.40170586      0.00000130      0.28915170      6.06366766      0.00000000      0.99981572      0.19228994      0.51078066      0.51078066      0.40746283      0.22429610      2.00000000    -10.00000000
     30.13377926     -0.00000000     -0.00000000      0.00000000      0.00000000      0.00000156     -2.13660304      0.00000107      0.26558231      5.22480463      0.00000000      0.99981572      0.19319585      0.51071896      0.51071896      0.40786137      0.20984989      2.00000000    -10.00000000
     30.30100334     -0.00000000     -0.00000000      0.00000000      0.00000000      0.00000150     -1.90747375      0.00000088      0.24751979      4.46816000      0.00000000      0.99981572      0.19409787      0.51065797      0.51065797      0.40817765      0.19840951      2.00000000    -10.00000000
     30.46822742     -0.00000000     -0.00000000      0.00000000      0.00000000      0.00000144     -1.72058206      0.00000073      0.23476363      3.83302339      0.00000000      0.99981572      0.19499790      0.51059770      0.51059770      0.40866644      0.19012840      2.00000000    -10.00000000
     30.63545151     -0.00000000     -0.00000000      0.00000000      0.00000000      0.00000139     -1.57352523      0.00000061      0.22632347      3.32536518      0.00000000      0.99981572      0.19589704      0.51053811      0.51053811      0.40906450      0.18455446      2.00000000    -10.00000000
     30.80267559     -0.00000000     -0.00000000      0.00000000      0.00000000      0.00000135     -1.45964347      0.00000052      0.22098125      2.93062108      0.00000000      0.99981572      0.19679148      0.51047920      0.51047920      0.40945949      0.18098660      2.00000000    -10.00000000
     30.96989967     -0.00000000     -0.00000000      0.00000000      0.00000000      0.00000131     -1.37153293      0.00000045      0.21765384      2.62704584      0.00000000      0.99981572      0.19765562      0.51042096      0.51042096      0.40985153      0.17874854      2.00000000    -10.00000000
     31.13712375     -0.00000000     -0.00000000      0.00000000      0.00000000      0.00000127     -1.30274133      0.00000040      0.21552571      2.39352959      0.00000000      0.99981572      0.19857555      0.51036338      0.51036338      0.41024043      0.17731070      2.00000000    -10.00000000
     31.30434783     -0.00000000     -0.00000000      0.00000000      0.00000000      0.00000124     -1.24822371      0.00000036      0.21404457      2.21259608      0.00000000      0.99981572      0.19956876      0.51030644      0.51030644      0.41062678      0.17630701      2.00000000    -10.00000000
     31.47157191     -0.00000000     -0.00000000      0.00000000      0.00000000      0.00000121     -1.20423635      0.00000033      0.21286448      2.07081725      0.00000000      0.99981572      0.20035118      0.51025013      0.51025013      0.41101001      0.17550558      2.00000000    -10.00000000
     31.63879599     -0.00000000     -0.00000000      0.00000000      0.00000000      0.00000118     -1.16806555      0.00000030      0.21178291      1.95823594      0.00000000      0.99981572      0.20123580      0.51019445      0.51019445      0.41139051      0.17476968      2.00000000    -10.00000000
     31.80602007     -0.00000000     -0.00000000      0.00000000      0.00000000      0.00000115     -1.13775870      0.00000028      0.21068968      1.86757727      0.00000000      0.99981572      0.20211530      0.51013937      0.51013937      0.41176796      0.17402451      2.00000000    -10.00000000
     31.97324415     -0.00000000     -0.00000000      0.00000000      0.00000000      0.00000112     -1.11190841      0.00000026      0.20953077      1.79354275      0.00000000      0.99981572      0.20299165      0.51008490      0.51008490      0.41214269      0.17323310      2.00000000    -10.00000000
     32.14046823     -0.00000000     -0.00000000      0.00000000      0.00000000      0.00000109     -1.08949308      0.00000025      0.20828476      1.73225956      0.00000000      0.99981572      0.20386904      0.51003102      0.51003102      0.41251472      0.17238052      2.00000000    -10.00000000
     32.30769231     -0.00000000     -0.00000000      0.00000000      0.00000000      0.00000107     -1.06976380      0.00000024      0.20694820      1.68087590      0.00000000      0.99981572      0.20474092      0.50997773      0.50997773      0.41288382      0.17146403      2.00000000    -10.00000000
     32.47491639     -0.00000000     -0.00000000      0.00000000      0.00000000      0.00000104     -1.05216521      0.00000022      0.20552687      1.63727178      0.00000000      0.99981572      0.20561080      0.50992500      0.50992500      0.41324987      0.17048717      2.00000000    -10.00000000
     32.64214047     -0.00000000     -0.00000000      0.00000000      0.00000000      0.00000102     -1.03628045      0.00000021      0.20403076      1.59985447      0.00000000      0.99981572      0.20647791      0.50987284      0.50987284      0.41361401      0.16945643      2.00000000    -10.00000000
     32.80936455     -0.00000000     -0.00000000      0.00000000      0.00000000      0.00000100     -1.02179274      0.00000021      0.20247126      1.56741414      0.00000000      0.99981572      0.20737006      0.50982123      0.50982123      0.41404723      0.16837929      2.00000000    -10.00000000
     32.97658863     -0.00000000     -0.00000000      0.00000000      0.00000000      0.00000098     -1.00845843      0.00000020      0.20085969      1.53902161      0.00000000      0.99981572      0.20820333      0.50977017      0.50977017      0.41433331      0.16726325      2.00000000    -10.00000000
     33.14381271     -0.00000000     -0.00000000      0.00000000      0.00000000      0.00000095     -0.99608783      0.00000019      0.19920657      1.51395553      0.00000000      0.99981572      0.20905883      0.50971964      0.50971964      0.41468900      0.16611531      2.00000000    -10.00000000
     33.31103679     -0.00000000     -0.00000000      0.00000000      0.00000000      0.00000093     -0.98453165      0.00000018      0.19752131      1.49164996      0.00000000      0.99981572      0.20991798      0.50966964      0.50966964      0.41504211      0.16494179      2.00000000    -10.00000000
     33.47826087     -0.00000000     -0.00000000      0.00000000      0.00000000      0.00000091     -0.97367103      0.00000018      0.19581212      1.47165642      0.00000000      0.99981572      0.21077081      0.50962016      0.50962016      0.41539268      0.16374823      2.00000000    -10.00000000
     33.64548495     -0.00000000     -0.00000000      0.00000000      0.00000000      0.00000089     -0.96341038      0.00000017      0.19408610      1.45361609      0.00000000      0.99981572      0.21162105      0.50957119      0.50957119      0.41574034      0.16253945      2.00000000    -10.00000000
     33.81270903     -0.00000000     -0.00000000      0.00000000      0.00000000      0.00000087     -0.95367206      0.00000017      0.19234928      1.43723926      0.00000000      0.99981572      0.21246806      0.50952272      0.50952272      0.41608596      0.16131957      2.00000000    -10.00000000
     33.97993311     -0.00000000     -0.00000000      0.00000000      0.00000000      0.00000086     -0.94439240      0.00000016      0.19060677      1.42228996      0.00000000      0.99981572      0.21331258      0.50947475      0.50947475      0.41642875      0.16009213      2.00000000    -10.00000000
     34.14715719     -0.00000000     -0.00000000      0.00000000      0.00000000      0.00000084     -0.93551873      0.00000016      0.18886291      1.40857447      0.00000000      0.99981572      0.21415391      0.50942726      0.50942726      0.41676948      0.15886012      2.00000000    -10.00000000
     34.31438127     -0.00000000     -0.00000000      0.00000000      0.00000000      0.00000082     -0.92700711      0.00000015      0.18712130      1.39593245      0.00000000      0.99981572      0.21499038      0.50938025      0.50938025      0.41710706      0.15762610      2.00000000    -10.00000000
     34.48160535     -0.00000000     -0.00000000      0.00000000      0.00000000      0.00000080     -0.91882057      0.00000015      0.18538500      1.38423027      0.00000000      0.99981572      0.21549365      0.50933372      0.50933372      0.41744249      0.15639222      2.00000000    -10.00000000
     34.64882943     -0.00000000     -0.00000000      0.00000000      0.00000000      0.00000079     -0.91092778      0.00000014      0.18365652      1.37335575      0.00000000      0.99981572      0.21666020      0.50928765      0.50928765      0.41777954      0.15516032      2.00000000    -10.00000000
     34.81605351     -0.00000000     -0.00000000      0.00000000      0.00000000      0.00000077     -0.90330200      0.00000014      0.18193799      1.36321410      0.00000000      0.99981572      0.21749031      0.50924205      0.50924205      0.41810597      0.15393192      2.00000000    -10.00000000
     34.98327759     -0.00000000     -0.00000000      0.00000000      0.00000000      0.00000075     -0.89592025      0.00000013      0.18023115      1.35372475      0.00000000      0.99981572      0.21831368      0.50919689      0.50919689      0.41843432      0.15270835      2.00000000    -10.00000000
     35.15050167     -0.00000000     -0.00000000      0.00000000      0.00000000      0.00000074     -0.88876263      0.00000013      0.17853744      1.34481879      0.00000000      0.99981572      0.21914108      0.50915217      0.50915217      0.41876017      0.15149068      2.00000000    -10.00000000
     35.31772575     -0.00000000     -0.00000000      0.00000000      0.00000000      0.00000072     -0.88181184      0.00000013      0.17685807      1.33643696      0.00000000      0.99981572      0.21996040      0.50910790      0.50910790      0.41908369      0.15027986      2.00000000    -10.00000000
     35.48494983     -0.00000000     -0.00000000      0.00000000      0.00000000      0.00000071     -0.87505273      0.00000012      0.17519400      1.32852802      0.00000000      0.99981572      0.22077787      0.50906405      0.50906405      0.41940510      0.14907666      2.00000000    -10.00000000
     35.65217391     -0.00000000     -0.00000000      0.00000000      0.00000000      0.00000070     -0.86847194      0.00000012      0.17354602      1.32104747      0.00000000      0.99981572      0.22159168      0.50902064      0.50902064      0.41972378      0.14788174      2.00000000    -10.00000000
     35.81939799     -0.00000000     -0.00000000      0.00000000      0.00000000      0.00000068     -0.86205767      0.00000012      0.17191476      1.31395645      0.00000000      0.99981572      0.22240377      0.50897764      0.50897764      0.42004869      0.14669562      2.00000000    -10.00000000
     35.98662207     -0.00000000     -0.00000000      0.00000000      0.00000000      0.00000067     -0.85579941      0.00000011      0.17030073      1.30722087      0.00000000      0.99981572      0.22321205      0.50893505      0.50893505      0.42002739      0.14551877      2.00000000    -10.00000000
     36.15384615     -0.00000000     -0.00000000      0.00000000      0.00000000      0.00000066     -0.84968778      0.00000011      0.16870430      1.30081073      0.00000000      0.99981572      0.22403955      0.50889287      0.50889287      0.42066597      0.14435157      2.00000000    -10.00000000
     36.32107023     -0.00000000     -0.00000000      0.00000000      0.00000000      0.00000064     -0.84371436      0.00000011      0.16712577      1.29469949      0.00000000      0.99981572      0.22481915      0.50885109      0.50885109      0.42097700      0.14319431      2.00000000    -10.00000000
     36.48829431     -0.00000000     -0.00000000      0.00000000      0.00000000      0.00000063     -0.83787153      0.00000011      0.16556534      1.28886359      0.00000000      0.99981572      0.22562107      0.50880971      0.50880971      0.42128537      0.14204724      2.00000000    -10.00000000
     36.65551839     -0.00000000     -0.00000000      0.00000000      0.00000000      0.00000062     -0.83215244      0.00000010      0.16402316      1.28328203      0.00000000      0.99981572      0.22641532      0.50876871      0.50876871      0.42157038      0.14091056      2.00000000    -10.00000000
     36.82274247     -0.00000000     -0.00000000      0.00000000      0.00000000      0.00000061     -0.82655083      0.00000010      0.16249931      1.27793605      0.00000000      0.99981572      0.22720854      0.50872810      0.50872810      0.42189411      0.13978443      2.00000000    -10.00000000
     36.98996656     -0.00000000     -0.00000000      0.00000000      0.00000000      0.00000059     -0.82106100      0.00000010      0.16099381      1.27280880      0.00000000      0.99981572      0.22799864      0.50868787      0.50868787      0.42219478      0.13866897      2.00000000    -10.00000000
     37.15719064     -0.00000000     -0.00000000      0.00000000      0.00000000      0.00000058     -0.81567775      0.00000010      0.15950667      1.26788514      0.00000000      0.99981572      0.22878551      0.50864801      0.50864801      0.42249394      0.13756425      2.00000000    -10.00000000
     37.32441472     -0.00000000     -0.00000000      0.00000000      0.00000000      0.00000057     -0.81039630      0.00000010      0.15803781      1.26315136      0.00000000      0.99981572      0.22956899      0.50860852      0.50860852      0.42279100      0.13647034      2.00000000    -10.00000000
     37.49163880     -0.00000000     -0.00000000      0.00000000      0.00000000      0.00000056     -0.80521223      0.00000009      0.15658718      1.25859509      0.00000000      0.99981572      0.23035051      0.50856939      0.50856939      0.42310479      0.13538727      2.00000000    -10.00000000
     37.65886288     -0.00000000     -0.00000000      0.00000000      0.00000000      0.00000055     -0.80012147      0.00000009      0.15515465      1.25420507      0.00000000      0.99981572      0.23112837      0.50853062      0.50853062      0.42337894      0.13431505      2.00000000    -10.00000000
     37.82608696     -0.00000000     -0.00000000      0.00000000      0.00000000      0.00000054     -0.79512027      0.00000009      0.15374012      1.24997107      0.00000000      0.99981572      0.23190294      0.50849220      0.50849220      0.42366977      0.13325368      2.00000000    -10.00000000
     37.99331104     -0.00000000     -0.00000000      0.00000000      0.00000000      0.00000053     -0.79020513      0.00000009      0.15234341      1.24588374      0.00000000      0.99981572      0.23291979      0.50845413      0.50845413      0.42395873      0.13220314      2.00000000    -10.00000000
     38.16053512     -0.00000000     -0.00000000      0.00000000      0.00000000      0.00000052     -0.78537279      0.00000009      0.15096439      1.24193453      0.00000000      0.99981572      0.23344332      0.50841640      0.50841640      0.42424612      0.13116339      2.00000000    -10.00000000
     38.32775920     -0.00000000     -0.00000000      0.00000000      0.00000000      0.00000051     -0.78062022      0.00000008      0.14960286      1.23811559      0.00000000      0.99981572      0.23420718      0.50837902      0.50837902      0.42453054      0.13013439      2.00000000    -10.00000000
     38.49498328     -0.00000000     -0.00000000      0.00000000      0.00000000      0.00000050     -0.77594457      0.00000008      0.14825865      1.23441973      0.00000000      0.99981572      0.23497161      0.50834196      0.50834196      0.42481298      0.12911608      2.00000000    -10.00000000
     38.66220736     -0.00000000     -0.00000000      0.00000000      0.00000000      0.00000049     -0.77134319      0.00000008      0.14693156      1.23084031      0.00000000      0.99981572      0.23573903      0.50830524      0.50830524      0.42509447      0.12810840      2.00000000    -10.00000000
     38.82943144     -0.00000000     -0.00000000      0.00000000      0.00000000      0.00000048     -0.76681358      0.00000008      0.14562139      1.22737120      0.00000000      0.99981572      0.23648979      0.50826884      0.50826884      0.42537347      0.12711127      2.00000000    -10.00000000
     38.99665552     -0.00000000     -0.00000000      0.00000000      0.00000000      0.00000048     -0.76235339      0.00000008      0.14432793      1.22400674      0.00000000      0.99981572      0.23724341      0.50823276      0.50823276      0.42565071      0.12612462      2.00000000    -10.00000000
     39.16387960     -0.00000000     -0.00000000      0.00000000      0.00000000      0.00000047     -0.75796042      0.00000008      0.14305096      1.22074168      0.00000000      0.99981572      0.23799002      0.50819700      0.50819700      0.42592593      0.12514837      2.00000000    -10.00000000
     39.33110368     -0.00000000     -0.00000000      0.00000000      0.00000000      0.00000046     -0.75363256      0.00000007      0.14179028      1.21757115      0.00000000      0.99981572      0.23873941      0.50816154      0.50816154      0.42619225      0.12418242      2.00000000    -10.00000000
     39.49832776     -0.00000000     -0.00000000      0.00000000      0.00000000      0.00000045     -0.74936785      0.00000007      0.14054566      1.21449063      0.00000000      0.99981572      0.23948166      0.50812640      0.50812640      0.42647095      0.12322669      2.00000000    -10.00000000
     39.66555184     -0.00000000     -0.00000000      0.00000000      0.00000000      0.00000044     -0.74516441      0.00000007      0.13931689      1.21149590      0.00000000      0.99981572      0.24022307      0.50809156      0.50809156      0.42674059      0.12228107      2.00000000    -10.00000000
     39.83277592     -0.00000000     -0.00000000      0.00000000      0.00000000      0.00000043     -0.74102047      0.00000007      0.13810373      1.20858303      0.00000000      0.99981572      0.24096112      0.50805703      0.50805703      0.42700856      0.12134547      2.00000000    -10.00000000
     40.00000000     -0.00000000     -0.00000000      0.00000000      0.00000000      0.00000043     -0.73693435      0.00000007      0.13690598      1.20574836      0.00000000      0.99981572      0.24169598      0.50802278      0.50802278      0.42727427      0.12041979      2.00000000    -10.00000000
