    -10.00000000      0.00000000      0.00000000      0.00000000      0.00000000      0.02953640      0.00000170      0.01357563      0.00000000      1.70376628      0.99982945      0.99982945      0.50002580      0.50003406      0.50003406      0.49999585      0.00000000      4.10000000    -10.00000000
    -10.16722408      0.00000000      0.00000000      0.00000000      0.00000000      0.02944879     -0.04580947      0.01354880      0.00037402      1.70545882      1.00323262      0.99982945      0.49885762      0.50028116      0.50028116      0.49959762      0.00037388      4.10000000    -10.00000000
    -10.33444816      0.00000000      0.00000000      0.00000000      0.00000000      0.02949568     -0.09145898      0.01351788      0.00149664      1.69886143      1.00646913      0.99982945      0.49742992      0.50056376      0.50056376      0.49883330      0.00149440      4.10000000    -10.00000000
    -10.50167224      0.00000000      0.00000000      0.00000000      0.00000000      0.02958332     -0.13657746      0.01346668      0.00336015      1.68741247      1.00971304      0.99982945      0.49501310      0.50084389      0.50084389      0.49822262      0.00334889      4.10000000    -10.00000000
    -10.66889632      0.00000000      0.00000000      0.00000000      0.00000000      0.02969987     -0.18099339      0.01339550      0.00595573      1.67190717      1.01296803      0.99982945      0.49325168      0.50112136      0.50112136      0.49816239      0.00592047      4.10000000    -10.00000000
    -10.83612040      0.00000000      0.00000000      0.00000000      0.00000000      0.02984528     -0.22450371      0.01330483      0.00927101      1.65249979      1.01623781      0.99982945      0.49297169      0.50139537      0.50139537      0.49793013      0.00918585      4.10000000    -10.00000000
    -11.00334448      0.00000000      0.00000000      0.00000000      0.00000000      0.03002021     -0.26690474      0.01319527      0.01328990      1.62934194      1.01952605      0.99982945      0.49221602      0.50166431      0.50166431      0.49766763      0.01311560      4.10000000    -10.00000000
    -11.17056856      0.00000000      0.00000000      0.00000000      0.00000000      0.03022505     -0.30800067      0.01306753      0.01799246      1.60263353      1.02283644      0.99982945      0.49137211      0.50192704      0.50192704      0.49738118      0.01767446      4.10000000    -10.00000000
    -11.33779264      0.00000000      0.00000000      0.00000000      0.00000000      0.03045996     -0.34760791      0.01292245      0.02335487      1.57261809      1.02617266      0.99982945      0.49052308      0.50219314      0.50219314      0.49712290      0.02282187      4.10000000    -10.00000000
    -11.50501672      0.00000000      0.00000000      0.00000000      0.00000000      0.03072490     -0.38555760      0.01276095      0.02934945      1.53957212      1.02953838      0.99982945      0.48967779      0.50245336      0.50245336      0.49684870      0.02851262      4.10000000    -10.00000000
    -11.67224080      0.00000000      0.00000000      0.00000000      0.00000000      0.03101974     -0.42169716      0.01258402      0.03594463      1.50379580      1.03293726      0.99982945      0.48884461      0.50270462      0.50270462      0.49658173      0.03469744      4.10000000    -10.00000000
    -11.83946488      0.00000000      0.00000000      0.00000000      0.00000000      0.03134427     -0.45589128      0.01239275      0.04310494      1.46560515      1.03637296      0.99982945      0.48802388      0.50294925      0.50294925      0.49632382      0.04132369      4.10000000    -10.00000000
    -12.00668896      0.00000000      0.00000000      0.00000000      0.00000000      0.03169823     -0.48802239      0.01218825      0.05079103      1.42532519      1.03984911      0.99982945      0.48726374      0.50318549      0.50318549      0.49608260      0.04833600      4.10000000    -10.00000000
    -12.17391304      0.00000000      0.00000000      0.00000000      0.00000000      0.03208129     -0.51799086      0.01197169      0.05895958      1.38328391      1.04336934      0.99982945      0.48651306      0.50341355      0.50341355      0.49584109      0.05567689      4.10000000    -10.00000000
    -12.34113712      0.00000000      0.00000000      0.00000000      0.00000000      0.03249311     -0.54571474      0.01174426      0.06756327      1.33980690      1.04693726      0.99982945      0.48582378      0.50363209      0.50363209      0.49562042      0.06328737      4.10000000    -10.00000000
    -12.50836120      0.00000000      0.00000000      0.00000000      0.00000000      0.03293326     -0.57112941      0.01150716      0.07655076      1.29521250      1.05055647      0.99982945      0.48521232      0.50383795      0.50383795      0.49541379      0.07110743      4.10000000    -10.00000000
    -12.67558528      0.00000000      0.00000000      0.00000000      0.00000000      0.03340129     -0.59418688      0.01126157      0.08586663      1.24980775      1.05423053      0.99982945      0.48469241      0.50403771      0.50403771      0.49534282      0.07907659      4.10000000    -10.00000000
    -12.84280936      0.00000000      0.00000000      0.00000000      0.00000000      0.03389671     -0.61485507      0.01100867      0.09545135      1.20388486      1.05796300      0.99982945      0.48431931      0.50422389      0.50422389      0.49507044      0.08713427      4.10000000    -10.00000000
    -13.01003344      0.00000000      0.00000000      0.00000000      0.00000000      0.03441894     -0.63311685      0.01074961      0.10524132      1.15771843      1.06175739      0.99982945      0.48400049      0.50439775      0.50439775      0.49485233      0.09522022      4.10000000    -10.00000000
    -13.17725753      0.00000000      0.00000000      0.00000000      0.00000000      0.03496739     -0.64896897      0.01048552      0.11516889      1.11156328      1.06561720      0.99982945      0.48430135      0.50455940      0.50455940      0.49477225      0.10327484      4.10000000    -10.00000000
    -13.34448161      0.00000000      0.00000000      0.00000000      0.00000000      0.03554140     -0.66242098      0.01021745      0.12516240      1.06565294      1.06954589      0.99982945      0.48378110      0.50470573      0.50470573      0.49459936      0.11123941      4.10000000    -10.00000000
    -13.51170569      0.00000000      0.00000000      0.00000000      0.00000000      0.03614023     -0.67349444      0.00994645      0.13514652      1.02019850      1.07354687      0.99982945      0.48307606      0.50483954      0.50483954      0.49456221      0.11905645      4.10000000    -10.00000000
    -13.67892977      0.00000000      0.00000000      0.00000000      0.00000000      0.03676312     -0.68222061      0.00967347      0.14504192      0.97538855      1.07762351      0.99982945      0.48250142      0.50495805      0.50495805      0.49451441      0.12666953      4.10000000    -10.00000000
    -13.84615385      0.00000000      0.00000000      0.00000000      0.00000000      0.03740922     -0.68864020      0.00939944      0.15476587      0.93138890      1.08177916      0.99982945      0.48203263      0.50505818      0.50505818      0.49447664      0.13402359      4.10000000    -10.00000000
    -14.01337793      0.00000000      0.00000000      0.00000000      0.00000000      0.03807763     -0.69280231      0.00912521      0.16423265      0.88834294      1.08601709      0.99982945      0.48166771      0.50514343      0.50514343      0.49447337      0.14106515      4.10000000    -10.00000000
    -14.18060201      0.00000000      0.00000000      0.00000000      0.00000000      0.03876739     -0.69476254      0.00885157      0.17335353      0.84637264      1.09034052      0.99982945      0.48140654      0.50521143      0.50521143      0.49449671      0.14774194      4.10000000    -10.00000000
    -14.34782609      0.00000000      0.00000000      0.00000000      0.00000000      0.03947746     -0.69458226      0.00857926      0.18203736      0.80557940      1.09475260      0.99982945      0.48125074      0.50526209      0.50526209      0.49455340      0.15400305      4.10000000    -10.00000000
    -14.51505017      0.00000000      0.00000000      0.00000000      0.00000000      0.04020675     -0.69232750      0.00830894      0.19019110      0.76604533      1.09925642      0.99982945      0.48119807      0.50529237      0.50529237      0.49464506      0.15979880      4.10000000    -10.00000000
    -14.68227425      0.00000000      0.00000000      0.00000000      0.00000000      0.04095408     -0.68806790      0.00804123      0.19772037      0.72783458      1.10385501      0.99982945      0.48124240      0.50530542      0.50530542      0.49477303      0.16508058      4.10000000    -10.00000000
    -14.84949833      0.00000000      0.00000000      0.00000000      0.00000000      0.04171823     -0.68187589      0.00777666      0.20453018      0.69099482      1.10855128      0.99982945      0.48141763      0.50529949      0.50529949      0.49493830      0.16980079      4.10000000    -10.00000000
    -15.01672241      0.00000000      0.00000000      0.00000000      0.00000000      0.04249790     -0.67382579      0.00751573      0.21052572      0.65555874      1.11334808      0.99982945      0.48168532      0.50527194      0.50527194      0.49515842      0.17391264      4.10000000    -10.00000000
    -15.18394649      0.00000000      0.00000000      0.00000000      0.00000000      0.04329170     -0.66399310      0.00725889      0.21561335      0.62154559      1.11824815      0.99982945      0.48206200      0.50522368      0.50522368      0.49550286      0.17737001      4.10000000    -10.00000000
    -15.35117057      0.00000000      0.00000000      0.00000000      0.00000000      0.04409821     -0.65245382      0.00700650      0.21970165      0.58896264      1.12325414      0.99982945      0.48255654      0.50514657      0.50514657      0.49575022      0.18012737      4.10000000    -10.00000000
    -15.51839465      0.00000000      0.00000000      0.00000000      0.00000000      0.04491590     -0.63928387      0.00675890      0.22270261      0.55780668      1.12836856      0.99982945      0.48314959      0.50506066      0.50506066      0.49592154      0.18213963      4.10000000    -10.00000000
    -15.68561873      0.00000000      0.00000000      0.00000000      0.00000000      0.04574321     -0.62455865      0.00651638      0.22453305      0.52806538      1.13359384      0.99982945      0.48383964      0.50494119      0.50494119      0.49613256      0.18336218      4.10000000    -10.00000000
    -15.85284281      0.00000000      0.00000000      0.00000000      0.00000000      0.04657848     -0.60835254      0.00627918      0.22511614      0.49971861      1.13893224      0.99982945      0.48465289      0.50480759      0.50480759      0.49638538      0.18375086      4.10000000    -10.00000000
    -16.02006689      0.00000000      0.00000000      0.00000000      0.00000000      0.04742001     -0.59073858      0.00604750      0.22438309      0.47273967      1.14438591      0.99982945      0.48557724      0.50464618      0.50464618      0.49667749      0.18326216      4.10000000    -10.00000000
    -16.18729097      0.00000000      0.00000000      0.00000000      0.00000000      0.04826600     -0.57178819      0.00582150      0.22227505      0.44709638      1.14995684      0.99982945      0.48660099      0.50445946      0.50445946      0.49701484      0.18185354      4.10000000    -10.00000000
    -16.35451505      0.00000000      0.00000000      0.00000000      0.00000000      0.04911462     -0.55157090      0.00560130      0.21874513      0.42275213      1.15564688      0.99982945      0.48773892      0.50424901      0.50424901      0.49738974      0.17948390      4.10000000    -10.00000000
    -16.52173913      0.00000000      0.00000000      0.00000000      0.00000000      0.04996397     -0.53015417      0.00538700      0.21376067      0.39966679      1.16145768      0.99982945      0.48898883      0.50401759      0.50401759      0.49781546      0.17611435      4.10000000    -10.00000000
    -16.68896321      0.00000000      0.00000000      0.00000000      0.00000000      0.05081206     -0.50760322      0.00517867      0.20730566      0.37779751      1.16739076      0.99982945      0.49034523      0.50375860      0.50375860      0.49826372      0.17170934      4.10000000    -10.00000000
    -16.85618729      0.00000000      0.00000000      0.00000000      0.00000000      0.05165690     -0.48398094      0.00497634      0.19938331      0.35709949      1.17344742      0.99982945      0.49180808      0.50347626      0.50347626      0.49876081      0.16623819      4.10000000    -10.00000000
    -17.02341137      0.00000000      0.00000000      0.00000000      0.00000000      0.05249640     -0.45934776      0.00478002      0.19001887      0.33752658      1.17962881      0.99982945      0.49337530      0.50316934      0.50316934      0.49929746      0.15967719      4.10000000    -10.00000000
    -17.19063545      0.00000000      0.00000000      0.00000000      0.00000000      0.05332845     -0.43376161      0.00458971      0.17926260      0.31903186      1.18593582      0.99982945      0.49504928      0.50283550      0.50283550      0.49987368      0.15201245      4.10000000    -10.00000000
    -17.35785953      0.00000000      0.00000000      0.00000000      0.00000000      0.05415091     -0.40727789      0.00440538      0.16719289      0.30156808      1.19236920      0.99982945      0.49682249      0.50248039      0.50248039      0.50048869      0.14324358      4.10000000    -10.00000000
    -17.52508361      0.00000000      0.00000000      0.00000000      0.00000000      0.05496158     -0.37994944      0.00422699      0.15391961      0.28508815      1.19892941      0.99982945      0.49869335      0.50209611      0.50209611      0.50114485      0.13338850      4.10000000    -10.00000000
    -17.69230769      0.00000000      0.00000000      0.00000000      0.00000000      0.05575828     -0.35182655      0.00405447      0.13958759      0.26954540      1.20561674      0.99982945      0.50064167      0.50168677      0.50168677      0.50183361      0.12248957      4.10000000    -10.00000000
    -17.85953177      0.00000000      0.00000000      0.00000000      0.00000000      0.05653877     -0.32295704      0.00388775      0.12438029      0.25489390      1.21243121      0.99982945      0.50260513      0.50125893      0.50125893      0.50243624      0.11062119      4.10000000    -10.00000000
    -18.02675585      0.00000000      0.00000000      0.00000000      0.00000000      0.05730085     -0.29338620      0.00372675      0.10852354      0.24108873      1.21937262      0.99982945      0.50480913      0.50080456      0.50080456      0.50332713      0.09789918      4.10000000    -10.00000000
    -18.19397993      0.00000000      0.00000000      0.00000000      0.00000000      0.05804228     -0.26315696      0.00357138      0.09228952      0.22808611      1.22644051      0.99982945      0.50717659      0.50032680      0.50032680      0.50412761      0.08449181      4.10000000    -10.00000000
    -18.36120401      0.00000000      0.00000000      0.00000000      0.00000000      0.05876088     -0.23230987      0.00342153      0.07600071      0.21584360      1.23363415      0.99982945      0.50963773      0.49982621      0.49982621      0.50496257      0.07063259      4.10000000    -10.00000000
    -18.52842809      0.00000000      0.00000000      0.00000000      0.00000000      0.05945446     -0.20088324      0.00327709      0.06003405      0.20432019      1.24095257      0.99982945      0.51218014      0.49930344      0.49930344      0.50583096      0.05663407      4.10000000    -10.00000000
    -18.69565217      0.00000000      0.00000000      0.00000000      0.00000000      0.06012089     -0.16891317      0.00313795      0.04482502      0.19347641      1.24839452      0.99982945      0.51447000      0.49875905      0.49875905      0.50673190      0.04290194      4.10000000    -10.00000000
    -18.86287625      0.00000000      0.00000000      0.00000000      0.00000000      0.06075805     -0.13643369      0.00300399      0.03087188      0.18327434      1.25595849      0.99982945      0.51758097      0.49819375      0.49819375      0.50766374      0.02994735      4.10000000    -10.00000000
    -19.03010033      0.00000000      0.00000000      0.00000000      0.00000000      0.06136390     -0.10347680      0.00287508      0.01873973      0.17367769      1.26364268      0.99982945      0.52029808      0.49760862      0.49760862      0.50862572      0.01839502      4.10000000    -10.00000000
    -19.19732441      0.00000000      0.00000000      0.00000000      0.00000000      0.06193647     -0.07007259      0.00275109      0.00906466      0.16465179      1.27144501      0.99982945      0.52316050      0.49699668      0.49699668      0.50961528      0.00898323      4.10000000    -10.00000000
    -19.36454849      0.00000000      0.00000000      0.00000000      0.00000000      0.06247385     -0.03624933      0.00263191      0.00255765      0.15616362      1.27936315      0.99982945      0.52609504      0.49638179      0.49638179      0.51062922      0.00255113      4.10000000    -10.00000000
    -19.53177258      0.00000000      0.00000000      0.00000000      0.00000000      0.06297421     -0.00203356      0.00251739      0.00000848      0.14818173      1.28739444      0.99982945      0.52910344      0.49574261      0.49574261      0.51167232      0.00000848      4.10000000    -10.00000000
    -19.69899666      0.00000000      0.00000000      0.00000000      0.00000000      0.06343584      0.03254983      0.00240740      0.00228927      0.14067629      1.29553599      0.99982945      0.53217624      0.49508566      0.49508566      0.51273426      0.00228405      4.10000000    -10.00000000
    -19.86622074      0.00000000      0.00000000      0.00000000      0.00000000      0.06385710      0.06747749      0.00230181      0.01035788      0.13361901      1.30378461      0.99982945      0.53531078      0.49441698      0.49441698      0.51380464      0.01025170      4.10000000    -10.00000000
    -20.03344482      0.00000000      0.00000000      0.00000000      0.00000000      0.06423649      0.10272754      0.00220049      0.02526094      0.12698308      1.31213682      0.99982945      0.53850602      0.49373245      0.49373245      0.51490867      0.02463854      4.10000000    -10.00000000
    -20.20066890      0.00000000      0.00000000      0.00000000      0.00000000      0.06457261      0.13827949      0.00210331      0.04813649      0.12074319      1.32058889      0.99982945      0.54175676      0.49303601      0.49303601      0.51607823      0.04592578      4.10000000    -10.00000000
    -20.36789298      0.00000000      0.00000000      0.00000000      0.00000000      0.06486422      0.17411415      0.00201013      0.08021627      0.11487543      1.32913682      0.99982945      0.54505750      0.49232998      0.49232998      0.51725410      0.07425946      4.10000000    -10.00000000
    -20.53511706      0.00000000      0.00000000      0.00000000      0.00000000      0.06511017      0.21021351      0.00192083      0.12282741      0.10935722      1.33777634      0.99982945      0.54840194      0.49163468      0.49163468      0.51844120      0.10939117      4.10000000    -10.00000000
    -20.70234114      0.00000000      0.00000000      0.00000000      0.00000000      0.06530951      0.24656074      0.00183527      0.17739356      0.10416733      1.34650293      0.99982945      0.55179182      0.49088786      0.49088786      0.51961550      0.15066632      4.10000000    -10.00000000
    -20.86956522      0.00000000      0.00000000      0.00000000      0.00000000      0.06546138      0.28314004      0.00175333      0.24543544      0.09928573      1.35531185      0.99982945      0.55521906      0.49015818      0.49015818      0.52087539      0.19706798      4.10000000    -10.00000000
    -21.03678930      0.00000000      0.00000000      0.00000000      0.00000000      0.06556513      0.31993662      0.00167489      0.32857062      0.09469361      1.36419809      0.99982945      0.55896967      0.48941871      0.48941871      0.52207213      0.24731137      4.10000000    -10.00000000
    -21.20401338      0.00000000      0.00000000      0.00000000      0.00000000      0.06562022      0.35693657      0.00159982      0.42851239      0.09037332      1.37315645      0.99982945      0.56216591      0.48867928      0.48867928      0.52336043      0.29997107      4.10000000    -10.00000000
    -21.37123746      0.00000000      0.00000000      0.00000000      0.00000000      0.06562630      0.39412683      0.00152800      0.54706783      0.08630825      1.38218149      0.99982945      0.56567864      0.48793968      0.48793968      0.52449036      0.35361593      4.10000000    -10.00000000
    -21.53846154      0.00000000      0.00000000      0.00000000      0.00000000      0.06558319      0.43149511      0.00145931      0.68613468      0.08248290      1.39126760      0.99982945      0.56920950      0.48721893      0.48721893      0.52587798      0.40692757      4.10000000    -10.00000000
    -21.70568562      0.00000000      0.00000000      0.00000000      0.00000000      0.06549085      0.46902982      0.00139365      0.84769700      0.07888270      1.40040899      0.99982945      0.57267125      0.48645104      0.48645104      0.52714755      0.45878572      4.10000000    -10.00000000
    -21.87290970      0.00000000      0.00000000      0.00000000      0.00000000      0.06534942      0.50672000      0.00133090      1.03381937      0.07549409      1.40959968      0.99982945      0.57623443      0.48571065      0.48571065      0.52841169      0.50831425      4.10000000    -10.00000000
    -22.04013378      0.00000000      0.00000000      0.00000000      0.00000000      0.06515919      0.54455529      0.00127096      1.24663952      0.07230438      1.41883355      0.99982945      0.57987659      0.48497468      0.48497468      0.52967874      0.55489076      4.10000000    -10.00000000
    -22.20735786      0.00000000      0.00000000      0.00000000      0.00000000      0.06492064      0.58252590      0.00121372      1.48835909      0.06930176      1.42810438      0.99982945      0.58344044      0.48424040      0.48424040      0.53094521      0.59812874      4.10000000    -10.00000000
    -22.37458194      0.00000000      0.00000000      0.00000000      0.00000000      0.06463435      0.62062261      0.00115909      1.76123271      0.06647525      1.43740578      0.99982945      0.58700073      0.48351918      0.48351918      0.53220864      0.63784291      4.10000000    -10.00000000
    -22.54180602      0.00000000      0.00000000      0.00000000      0.00000000      0.06430107      0.65883677      0.00110696      2.06755533      0.06381460      1.44673132      0.99982945      0.59055908      0.48280367      0.48280367      0.53346646      0.67400751      4.10000000    -10.00000000
    -22.70903010      0.00000000      0.00000000      0.00000000      0.00000000      0.06392169      0.69716040      0.00105724      2.40964862      0.06131027      1.45607446      0.99982945      0.59427632      0.48209747      0.48209747      0.53471746      0.70671465      4.10000000    -10.00000000
    -22.87625418      0.00000000      0.00000000      0.00000000      0.00000000      0.06349719      0.73558628      0.00100985      2.78984709      0.05895333      1.46542862      0.99982945      0.59763478      0.48140174      0.48140174      0.53595922      0.73613711      4.10000000    -10.00000000
    -23.04347826      0.00000000      0.00000000      0.00000000      0.00000000      0.06302867      0.77410800      0.00096468      3.21048516      0.05673538      1.47478717      0.99982945      0.60114660      0.48071803      0.48071803      0.53719297      0.76249768      4.10000000    -10.00000000
    -23.21070234      0.00000000      0.00000000      0.00000000      0.00000000      0.06251734      0.81272005      0.00092166      3.67388612      0.05464844      1.48414348      0.99982945      0.60463632      0.48004773      0.48004773      0.53842389      0.78604528      4.10000000    -10.00000000
    -23.37792642      0.00000000      0.00000000      0.00000000      0.00000000      0.06196449      0.85141773      0.00088069      4.18235307      0.05268490      1.49349092      0.99982945      0.60808481      0.47939176      0.47939176      0.53962038      0.80703746      4.10000000    -10.00000000
    -23.54515050      0.00000000      0.00000000      0.00000000      0.00000000      0.06137153      0.89019714      0.00084167      4.73816142      0.05083748      1.50282287      0.99982945      0.61153370      0.47875168      0.47875168      0.54081231      0.82572815      4.10000000    -10.00000000
    -23.71237458      0.00000000      0.00000000      0.00000000      0.00000000      0.06073997      0.92905487      0.00080453      5.34355129      0.04909918      1.51213277      0.99982945      0.61492133      0.47812774      0.47812774      0.54198990      0.84235959      4.10000000    -10.00000000
    -23.87959866      0.00000000      0.00000000      0.00000000      0.00000000      0.06007140      0.96798788      0.00076916      6.00071877      0.04746332      1.52141411      0.99982945      0.61830258      0.47752203      0.47752203      0.54314913      0.85715752      4.10000000    -10.00000000
    -24.04682274      0.00000000      0.00000000      0.00000000      0.00000000      0.05936756      1.00699329      0.00073549      6.71180548      0.04592353      1.53066048      0.99982945      0.62163130      0.47693477      0.47693477      0.54428822      0.87032868      4.10000000    -10.00000000
    -24.21404682      0.00000000      0.00000000      0.00000000      0.00000000      0.05863025      1.04606824      0.00070343      7.47888713      0.04447383      1.53986556      0.99982945      0.62491495      0.47636429      0.47636429      0.54540881      0.88205999      4.10000000    -10.00000000
    -24.38127090      0.00000000      0.00000000      0.00000000      0.00000000      0.05786135      1.08520989      0.00067289      8.30396223      0.04310857      1.54902315      0.99982945      0.62815313      0.47581478      0.47581478      0.54650919      0.89251891      4.10000000    -10.00000000
    -24.54849498      0.00000000      0.00000000      0.00000000      0.00000000      0.05706281      1.12441540      0.00064381      9.18894169      0.04182246      1.55812717      0.99982945      0.63134951      0.47528398      0.47528398      0.54758632      0.90185438      4.10000000    -10.00000000
    -24.71571906      0.00000000      0.00000000      0.00000000      0.00000000      0.05623662      1.16368195      0.00061610     10.13563974      0.04061056      1.56717172      0.99982945      0.63449133      0.47477666      0.47477666      0.54864026      0.91019824      4.10000000    -10.00000000
    -24.88294314      0.00000000      0.00000000      0.00000000      0.00000000      0.05538482      1.20300680      0.00058970     11.14576559      0.03946824      1.57615103      0.99982945      0.63771688      0.47429319      0.47429319      0.54966821      0.91766678      4.10000000    -10.00000000
    -25.05016722      0.00000000      0.00000000      0.00000000      0.00000000      0.05450946      1.24238729      0.00056454     12.22091573      0.03839121      1.58505956      0.99982945      0.64063072      0.47383270      0.47383270      0.55067235      0.92436227      4.10000000    -10.00000000
    -25.21739130      0.00000000      0.00000000      0.00000000      0.00000000      0.05361258      1.28182088      0.00054056     13.36256601      0.03737544      1.59389192      0.99982945      0.64361813      0.47339371      0.47339371      0.55165453      0.93037456      4.10000000    -10.00000000
    -25.38461538      0.00000000      0.00000000      0.00000000      0.00000000      0.05269625      1.32130512      0.00051770     14.57206358      0.03641721      1.60264294      0.99982945      0.64654874      0.47297710      0.47297710      0.55260768      0.93578244      4.10000000    -10.00000000
    -25.55183946      0.00000000      0.00000000      0.00000000      0.00000000      0.05176252      1.36083768      0.00049590     15.85061862      0.03551305      1.61130767      0.99982945      0.64940526      0.47258341      0.47258341      0.55353372      0.94065500      4.10000000    -10.00000000
    -25.71906355      0.00000000      0.00000000      0.00000000      0.00000000      0.05081340      1.40041632      0.00047511     17.19929584      0.03465973      1.61988139      0.99982945      0.65223867      0.47221242      0.47221242      0.55443249      0.94505282      4.10000000    -10.00000000
    -25.88628763      0.00000000      0.00000000      0.00000000      0.00000000      0.04985091      1.44003891      0.00045528     18.61900620      0.03385427      1.62835959      0.99982945      0.65499015      0.47186209      0.47186209      0.55530305      0.94902902      4.10000000    -10.00000000
    -26.05351171      0.00000000      0.00000000      0.00000000      0.00000000      0.04887700      1.47970342      0.00043636     20.11049860      0.03309391      1.63673804      0.99982945      0.65770385      0.47153942      0.47153942      0.55614713      0.95263020      4.10000000    -10.00000000
    -26.22073579      0.00000000      0.00000000      0.00000000      0.00000000      0.04789361      1.51940791      0.00041831     21.67435188      0.03237607      1.64501273      0.99982945      0.66037130      0.47123684      0.47123684      0.55695942      0.95589731      4.10000000    -10.00000000
    -26.38795987      0.00000000      0.00000000      0.00000000      0.00000000      0.04690261      1.55915054      0.00040108     23.31096710      0.03169840      1.65317991      0.99982945      0.66283634      0.47095715      0.47095715      0.55774435      0.95886630      4.10000000    -10.00000000
    -26.55518395      0.00000000      0.00000000      0.00000000      0.00000000      0.04590582      1.59892954      0.00038463     25.02055958      0.03105869      1.66123607      0.99982945      0.66529574      0.47069457      0.47069457      0.55850014      0.96156885      4.10000000    -10.00000000
    -26.72240803      0.00000000      0.00000000      0.00000000      0.00000000      0.04490503      1.63874324      0.00036893     26.80315185      0.03045492      1.66917799      0.99982945      0.66769304      0.47046506      0.47046506      0.55922689      0.96403285      4.10000000    -10.00000000
    -26.88963211      0.00000000      0.00000000      0.00000000      0.00000000      0.04390193      1.67859002      0.00035394     28.65856588      0.02988521      1.67700269      0.99982945      0.67003699      0.47025275      0.47025275      0.55992357      0.96628293      4.10000000    -10.00000000
    -27.05685619      0.00000000      0.00000000      0.00000000      0.00000000      0.04289816      1.71846837      0.00033963     30.58641573      0.02934783      1.68470744      0.99982945      0.67230944      0.47005946      0.47005946      0.56059330      0.96834082      4.10000000    -10.00000000
    -27.22408027      0.00000000      0.00000000      0.00000000      0.00000000      0.04189531      1.75837681      0.00032596     32.58610030      0.02884118      1.69228978      0.99982945      0.67451594      0.46989081      0.46989081      0.56119991      0.97022578      4.10000000    -10.00000000
    -27.39130435      0.00000000      0.00000000      0.00000000      0.00000000      0.04089486      1.79831397      0.00031291     34.65679570      0.02836378      1.69974752      0.99982945      0.67665468      0.46974157      0.46974157      0.56184296      0.97195486      4.10000000    -10.00000000
    -27.55852843      0.00000000      0.00000000      0.00000000      0.00000000      0.03989825      1.83827850      0.00030045     36.79744813      0.02791428      1.70707868      0.99982945      0.67872566      0.46961253      0.46961253      0.56242454      0.97354319      4.10000000    -10.00000000
    -27.72575251      0.00000000      0.00000000      0.00000000      0.00000000      0.03890683      1.87826914      0.00028855     39.00676706      0.02749142      1.71428158      0.99982945      0.68072878      0.46950352      0.46950352      0.56297743      0.97500423      4.10000000    -10.00000000
    -27.89297659      0.00000000      0.00000000      0.00000000      0.00000000      0.03792188      1.91828468      0.00027718     41.28321886      0.02709406      1.72135474      0.99982945      0.68266430      0.46941349      0.46941349      0.56350658      0.97634996      4.10000000    -10.00000000
    -28.06020067      0.00000000      0.00000000      0.00000000      0.00000000      0.03694460      1.95832393      0.00026632     43.62502005      0.02672114      1.72829696      0.99982945      0.68453222      0.46934225      0.46934225      0.56399766      0.97759105      4.10000000    -10.00000000
    -28.22742475      0.00000000      0.00000000      0.00000000      0.00000000      0.03597609      1.99838580      0.00025594     46.03018456      0.02637166      1.73510724      0.99982945      0.68633240      0.46928934      0.46928934      0.56446370      0.97873706      4.10000000    -10.00000000
    -28.39464883      0.00000000      0.00000000      0.00000000      0.00000000      0.03501742      2.03846922      0.00024603     48.49649989      0.02604470      1.74178481      0.99982945      0.68806441      0.46925343      0.46925343      0.56490497      0.97979655      4.10000000    -10.00000000
    -28.56187291      0.00000000      0.00000000      0.00000000      0.00000000      0.03406955      2.07857316      0.00023657     51.02085849      0.02573975      1.74832915      0.99982945      0.68973160      0.46923443      0.46923443      0.56532328      0.98077694      4.10000000    -10.00000000
    -28.72909699      0.00000000      0.00000000      0.00000000      0.00000000      0.03313337      2.11869666      0.00022753     53.60110129      0.02545572      1.75473991      0.99982945      0.69133293      0.46923226      0.46923226      0.56571138      0.98168535      4.10000000    -10.00000000
    -28.89632107      0.00000000      0.00000000      0.00000000      0.00000000      0.03220971      2.15883879      0.00021890     56.23392172      0.02519205      1.76101697      0.99982945      0.69286333      0.46924642      0.46924642      0.56607333      0.98252784      4.10000000    -10.00000000
    -29.06354515      0.00000000      0.00000000      0.00000000      0.00000000      0.03129922      2.19900377      0.00021062     58.92421502      0.02494478      1.76716039      0.99982945      0.69433845      0.46927577      0.46927577      0.56665397      0.98331226      4.10000000    -10.00000000
    -29.23076923      0.00000000      0.00000000      0.00000000      0.00000000      0.03040282      2.23917541      0.00020278     61.64376668      0.02472342      1.77317043      0.99982945      0.69574487      0.46931941      0.46931941      0.56672102      0.98403672      4.10000000    -10.00000000
    -29.39799331      0.00000000      0.00000000      0.00000000      0.00000000      0.02952087      2.27936827      0.00019525     64.41354630      0.02451734      1.77904751      0.99982945      0.69708729      0.46937681      0.46937681      0.56700742      0.98471265      4.10000000    -10.00000000
    -29.56521739      0.00000000      0.00000000      0.00000000      0.00000000      0.02865401      2.31957647      0.00018807     67.22100075      0.02432954      1.78479223      0.99982945      0.69836727      0.46944745      0.46944745      0.56727081      0.98534176      4.10000000    -10.00000000
    -29.73244147      0.00000000      0.00000000      0.00000000      0.00000000      0.02780270      2.35979931      0.00018120     70.06227956      0.02415947      1.79040535      0.99982945      0.69958536      0.46953064      0.46953064      0.56751177      0.98592784      4.10000000    -10.00000000
    -29.89966555      0.00000000      0.00000000      0.00000000      0.00000000      0.02696736      2.40003611      0.00017465     72.93286432      0.02400677      1.79588776      0.99982945      0.70074352      0.46962580      0.46962580      0.56772718      0.98647422      4.10000000    -10.00000000
    -30.06688963      0.00000000      0.00000000      0.00000000      0.00000000      0.02614835      2.44028625      0.00016839     75.82838963      0.02387103      1.80124051      0.99982945      0.70183969      0.46973206      0.46973206      0.56792219      0.98698398      4.10000000    -10.00000000
    -30.23411371      0.00000000      0.00000000      0.00000000      0.00000000      0.02534595      2.48054917      0.00016241     78.74412177      0.02375194      1.80646477      0.99982945      0.70287792      0.46984877      0.46984877      0.56809441      0.98745989      4.10000000    -10.00000000
    -30.40133779      0.00000000      0.00000000      0.00000000      0.00000000      0.02456043      2.52082433      0.00015669     81.67544809      0.02364913      1.81156184      0.99982945      0.70385874      0.46997582      0.46997582      0.56825179      0.98790451      4.10000000    -10.00000000
    -30.56856187      0.00000000      0.00000000      0.00000000      0.00000000      0.02379196      2.56111125      0.00015123     84.61780645      0.02356224      1.81653313      0.99982945      0.70478197      0.47011275      0.47011275      0.56837687      0.98832019      4.10000000    -10.00000000
    -30.73578595      0.00000000      0.00000000      0.00000000      0.00000000      0.02304070      2.60140949      0.00014601     87.56653524      0.02349096      1.82138015      0.99982945      0.70564809      0.47025850      0.47025850      0.56847969      0.98870905      4.10000000    -10.00000000
    -30.90301003      0.00000000      0.00000000      0.00000000      0.00000000      0.02230675      2.64171867      0.00014102     90.51705882      0.02343496      1.82610450      0.99982945      0.70646263      0.47041206      0.47041206      0.56858046      0.98907308      4.10000000    -10.00000000
    -31.07023411      0.00000000      0.00000000      0.00000000      0.00000000      0.02159017      2.68203845      0.00013625     93.46492667      0.02339391      1.83070788      0.99982945      0.70722121      0.47057367      0.47057367      0.56865464      0.98941406      4.10000000    -10.00000000
    -31.23745819      0.00000000      0.00000000      0.00000000      0.00000000      0.02089098      2.72236852      0.00013169     96.40597165      0.02336745      1.83519205      0.99982945      0.70792929      0.47074256      0.47074256      0.56871006      0.98973369      4.10000000    -10.00000000
    -31.40468227      0.00000000      0.00000000      0.00000000      0.00000000      0.02020915      2.76270862      0.00012733     99.33603297      0.02335527      1.83955887      0.99982945      0.70858646      0.47091819      0.47091819      0.56874816      0.99003349      4.10000000    -10.00000000
    -31.57190635      0.00000000      0.00000000      0.00000000      0.00000000      0.01954464      2.80305852      0.00012315    102.25131444      0.02335699      1.84381022      0.99982945      0.70918903      0.47110004      0.47110004      0.56876941      0.99031489      4.10000000    -10.00000000
    -31.73913043      0.00000000      0.00000000      0.00000000      0.00000000      0.01889736      2.84341804      0.00011915    105.14822716      0.02337227      1.84794807      0.99982945      0.70974794      0.47128763      0.47128763      0.56880380      0.99057921      4.10000000    -10.00000000
    -31.90635452      0.00000000      0.00000000      0.00000000      0.00000000      0.01826719      2.88378701      0.00011532    108.02350686      0.02340074      1.85197443      0.99982945      0.71024220      0.47148055      0.47148055      0.56876387      0.99082767      4.10000000    -10.00000000
    -32.07357860      0.00000000      0.00000000      0.00000000      0.00000000      0.01765401      2.92416529      0.00011164    110.87412683      0.02344203      1.85589134      0.99982945      0.71072020      0.47167826      0.47167826      0.56873591      0.99106138      4.10000000    -10.00000000
    -32.24080268      0.00000000      0.00000000      0.00000000      0.00000000      0.01705764      2.96455277      0.00010812    113.69740070      0.02349575      1.85970089      0.99982945      0.71113779      0.47188036      0.47188036      0.56869830      0.99128141      4.10000000    -10.00000000
    -32.40802676      0.00000000      0.00000000      0.00000000      0.00000000      0.01647790      3.00494934      0.00010474    116.49092379      0.02356154      1.86340519      0.99982945      0.71151098      0.47208642      0.47208642      0.56864335      0.99148870      4.10000000    -10.00000000
    -32.57525084      0.00000000      0.00000000      0.00000000      0.00000000      0.01591458      3.04535492      0.00010149    119.25258662      0.02363902      1.86700637      0.99982945      0.71184000      0.47229604      0.47229604      0.56857580      0.99168417      4.10000000    -10.00000000
    -32.74247492      0.00000000      0.00000000      0.00000000      0.00000000      0.01536746      3.08576941      0.00009837    121.98055634      0.02372782      1.87050659      0.99982945      0.71212979      0.47250884      0.47250884      0.56849616      0.99186863      4.10000000    -10.00000000
    -32.90969900      0.00000000      0.00000000      0.00000000      0.00000000      0.01483629      3.12619273      0.00009537    124.67325907      0.02382757      1.87390800      0.99982945      0.71237696      0.47272441      0.47272441      0.56840359      0.99204286      4.10000000    -10.00000000
    -33.07692308      0.00000000      0.00000000      0.00000000      0.00000000      0.01432083      3.16662480      0.00009248    127.32935164      0.02393791      1.87721279      0.99982945      0.71258755      0.47294240      0.47294240      0.56829910      0.99220755      4.10000000    -10.00000000
    -33.24414716      0.00000000      0.00000000      0.00000000      0.00000000      0.01382079      3.20706553      0.00008970    129.94770348      0.02405850      1.88042312      0.99982945      0.71275641      0.47316247      0.47316247      0.56818355      0.99236336      4.10000000    -10.00000000
    -33.41137124      0.00000000      0.00000000      0.00000000      0.00000000      0.01333591      3.24751551      0.00008702    132.53110731      0.02418834      1.88354116      0.99982945      0.71288999      0.47338423      0.47338423      0.56805788      0.99251111      4.10000000    -10.00000000
    -33.57859532      0.00000000      0.00000000      0.00000000      0.00000000      0.01286590      3.28797336      0.00008444    135.07286568      0.02432820      1.88656910      0.99982945      0.71298614      0.47360729      0.47360729      0.56792081      0.99265100      4.10000000    -10.00000000
    -33.74581940      0.00000000      0.00000000      0.00000000      0.00000000      0.01241046      3.32843864      0.00008195    137.56760444      0.02447859      1.88950907      0.99982945      0.71304738      0.47383108      0.47383108      0.56777528      0.99278331      4.10000000    -10.00000000
    -33.91304348      0.00000000      0.00000000      0.00000000      0.00000000      0.01196928      3.36891345      0.00007955    140.03014162      0.02463654      1.89236323      0.99982945      0.71307273      0.47405453      0.47405453      0.56761840      0.99290932      4.10000000    -10.00000000
    -34.08026756      0.00000000      0.00000000      0.00000000      0.00000000      0.01154207      3.40939399      0.00007722    142.46312591      0.02480124      1.89513371      0.99982945      0.71307061      0.47428213      0.47428213      0.56745409      0.99302957      4.10000000    -10.00000000
    -34.24749164      0.00000000      0.00000000      0.00000000      0.00000000      0.01112851      3.44988430      0.00007499    144.83852458      0.02497736      1.89782263      0.99982945      0.71324365      0.47451022      0.47451022      0.56728056      0.99314310      4.10000000    -10.00000000
    -34.41471572      0.00000000      0.00000000      0.00000000      0.00000000      0.01072827      3.49038380      0.00007283    147.15899697      0.02516408      1.90043206      0.99982945      0.71297009      0.47473847      0.47473847      0.56709933      0.99325049      4.10000000    -10.00000000
    -34.58193980      0.00000000      0.00000000      0.00000000      0.00000000      0.01034105      3.53088786      0.00007075    149.43373134      0.02535950      1.90296408      0.99982945      0.71287382      0.47496672      0.47496672      0.56693624      0.99335255      4.10000000    -10.00000000
    -34.74916388      0.00000000      0.00000000      0.00000000      0.00000000      0.00996653      3.57140074      0.00006872    151.68456531      0.02555979      1.90542073      0.99982945      0.71275308      0.47519475      0.47519475      0.56671440      0.99345055      4.10000000    -10.00000000
    -34.91638796      0.00000000      0.00000000      0.00000000      0.00000000      0.00960439      3.61192070      0.00006675    153.91760110      0.02576378      1.90780402      0.99982945      0.71260393      0.47542238      0.47542238      0.56651339      0.99354496      4.10000000    -10.00000000
    -35.08361204      0.00000000      0.00000000      0.00000000      0.00000000      0.00925431      3.65244756      0.00006487    156.05603490      0.02598417      1.91011594      0.99982945      0.71242246      0.47564940      0.47564940      0.56649482      0.99363285      4.10000000    -10.00000000
    -35.25083612      0.00000000      0.00000000      0.00000000      0.00000000      0.00891596      3.69298108      0.00006304    158.17651628      0.02620799      1.91235844      0.99982945      0.71222151      0.47587568      0.47587568      0.56608753      0.99371767      4.10000000    -10.00000000
    -35.41806020      0.00000000      0.00000000      0.00000000      0.00000000      0.00858905      3.73352102      0.00006126    160.25290614      0.02643947      1.91453344      0.99982945      0.71199380      0.47610104      0.47610104      0.56586661      0.99379856      4.10000000    -10.00000000
    -35.58528428      0.00000000      0.00000000      0.00000000      0.00000000      0.00827325      3.77406712      0.00005954    162.28484614      0.02667858      1.91664284      0.99982945      0.71174289      0.47632535      0.47632535      0.56564044      0.99387573      4.10000000    -10.00000000
    -35.75250836      0.00000000      0.00000000      0.00000000      0.00000000      0.00796825      3.81461914      0.00005788    164.27190685      0.02692530      1.91868848      0.99982945      0.71146841      0.47654853      0.47654853      0.56540815      0.99394936      4.10000000    -10.00000000
    -35.91973244      0.00000000      0.00000000      0.00000000      0.00000000      0.00767374      3.85517683      0.00005627    166.21387173      0.02717959      1.92067218      0.99982945      0.71117235      0.47677023      0.47677023      0.56517089      0.99401963      4.10000000    -10.00000000
    -36.08695652      0.00000000      0.00000000      0.00000000      0.00000000      0.00738943      3.89573989      0.00005470    168.12539121      0.02743899      1.92259574      0.99982945      0.71085527      0.47699053      0.47699053      0.56493246      0.99408723      4.10000000    -10.00000000
    -36.25418060      0.00000000      0.00000000      0.00000000      0.00000000      0.00711502      3.93630811      0.00005318    169.97439497      0.02770870      1.92446089      0.99982945      0.71048205      0.47720925      0.47720925      0.56468773      0.99415117      4.10000000    -10.00000000
    -36.42140468      0.00000000      0.00000000      0.00000000      0.00000000      0.00685020      3.97688116      0.00005172    171.76309745      0.02798832      1.92626934      0.99982945      0.71015992      0.47742622      0.47742622      0.56443924      0.99421173      4.10000000    -10.00000000
    -36.58862876      0.00000000      0.00000000      0.00000000      0.00000000      0.00659469      4.01745880      0.00005030    173.51913977      0.02827333      1.92802276      0.99982945      0.70978452      0.47764131      0.47764131      0.56418755      0.99426997      4.10000000    -10.00000000
    -36.75585284      0.00000000      0.00000000      0.00000000      0.00000000      0.00634821      4.05804077      0.00004892    175.22772980      0.02856614      1.92972280      0.99982945      0.70939151      0.47785426      0.47785426      0.56393165      0.99432552      4.10000000    -10.00000000
    -36.92307692      0.00000000      0.00000000      0.00000000      0.00000000      0.00611048      4.09862680      0.00004758    176.88822638      0.02886685      1.93137105      0.99982945      0.70897626      0.47806400      0.47806400      0.56367342      0.99437849      4.10000000    -10.00000000
    -37.09030100      0.00000000      0.00000000      0.00000000      0.00000000      0.00588122      4.13921661      0.00004629    178.50024636      0.02917555      1.93296906      0.99982945      0.70855071      0.47827353      0.47827353      0.56341095      0.99442898      4.10000000    -10.00000000
    -37.25752508      0.00000000      0.00000000      0.00000000      0.00000000      0.00566016      4.17980991      0.00004503    180.07223916      0.02949089      1.93451837      0.99982945      0.70811052      0.47848228      0.47848228      0.56314858      0.99447734      4.10000000    -10.00000000
    -37.42474916      0.00000000      0.00000000      0.00000000      0.00000000      0.00544705      4.22040681      0.00004381    181.58170459      0.02981660      1.93602045      0.99982945      0.70765266      0.47868871      0.47868871      0.56288227      0.99452300      4.10000000    -10.00000000
    -37.59197324      0.00000000      0.00000000      0.00000000      0.00000000      0.00524163      4.26100601      0.00004263    183.04754606      0.03014962      1.93747675      0.99982945      0.70718292      0.47889240      0.47889240      0.56261360      0.99456662      4.10000000    -10.00000000
    -37.75919732      0.00000000      0.00000000      0.00000000      0.00000000      0.00504364      4.30160853      0.00004149    184.45689658      0.03049217      1.93888869      0.99982945      0.70669545      0.47909350      0.47909350      0.56234364      0.99460791      4.10000000    -10.00000000
    -37.92642140      0.00000000      0.00000000      0.00000000      0.00000000      0.00485285      4.34221293      0.00004038    185.82071537      0.03084250      1.94025763      0.99982945      0.70620051      0.47929518      0.47929518      0.56207165      0.99464727      4.10000000    -10.00000000
    -38.09364548      0.00000000      0.00000000      0.00000000      0.00000000      0.00466900      4.38281980      0.00003930    187.12427846      0.03120316      1.94158491      0.99982945      0.70569067      0.47949461      0.47949461      0.56178426      0.99468436      4.10000000    -10.00000000
    -38.26086957      0.00000000      0.00000000      0.00000000      0.00000000      0.00449189      4.42342859      0.00003826    188.38839063      0.03157079      1.94287184      0.99982945      0.70527664      0.47969179      0.47969179      0.56152317      0.99471985      4.10000000    -10.00000000
    -38.42809365      0.00000000      0.00000000      0.00000000      0.00000000      0.00432126      4.46403905      0.00003724    189.59402660      0.03194867      1.94411969      0.99982945      0.70464022      0.47988672      0.47988672      0.56124686      0.99475325      4.10000000    -10.00000000
    -38.59531773      0.00000000      0.00000000      0.00000000      0.00000000      0.00415692      4.50465091      0.00003626    190.74211637      0.03233681      1.94532967      0.99982945      0.70409833      0.48007927      0.48007927      0.56096985      0.99478466      4.10000000    -10.00000000
    -38.76254181      0.00000000      0.00000000      0.00000000      0.00000000      0.00399864      4.54526392      0.00003531    191.84682820      0.03273295      1.94650300      0.99982945      0.70354611      0.48026954      0.48026954      0.56069181      0.99481454      4.10000000    -10.00000000
    -38.92976589      0.00000000      0.00000000      0.00000000      0.00000000      0.00384621      4.58587783      0.00003439    192.89327400      0.03313976      1.94764082      0.99982945      0.70298515      0.48045749      0.48045749      0.56041336      0.99484252      4.10000000    -10.00000000
    -39.09698997      0.00000000      0.00000000      0.00000000      0.00000000      0.00369943      4.62649238      0.00003349    193.88590288      0.03355668      1.94874428      0.99982945      0.70241461      0.48064311      0.48064311      0.56013349      0.99486879      4.10000000    -10.00000000
    -39.26421405      0.00000000      0.00000000      0.00000000      0.00000000      0.00355811      4.66710733      0.00003262    194.82446401      0.03398393      1.94981447      0.99982945      0.70183636      0.48082641      0.48082641      0.55979695      0.99489339      4.10000000    -10.00000000
    -39.43143813      0.00000000      0.00000000      0.00000000      0.00000000      0.00342205      4.70772243      0.00003178    195.70866450      0.03442177      1.95085245      0.99982945      0.70124831      0.48100737      0.48100737      0.55957356      0.99491634      4.10000000    -10.00000000
    -39.59866221      0.00000000      0.00000000      0.00000000      0.00000000      0.00329107      4.74833741      0.00003096    196.53815425      0.03487047      1.95185926      0.99982945      0.70066354      0.48118600      0.48118600      0.55929626      0.99493769      4.10000000    -10.00000000
    -39.76588629      0.00000000      0.00000000      0.00000000      0.00000000      0.00316500      4.78895205      0.00003017    197.31279198      0.03533029      1.95283590      0.99982945      0.69982623      0.48136230      0.48136230      0.55901259      0.99495746      4.10000000    -10.00000000
    -39.93311037      0.00000000      0.00000000      0.00000000      0.00000000      0.00304365      4.82956610      0.00002940    198.03231247      0.03580154      1.95378334      0.99982945      0.69944265      0.48153629      0.48153629      0.55873235      0.99497569      4.10000000    -10.00000000
    -40.10033445      0.00000000      0.00000000      0.00000000      0.00000000      0.00292685      4.87017930      0.00002865    198.69658230      0.03628449      1.95470253      0.99982945      0.69882866      0.48170797      0.48170797      0.55845186      0.99499240      4.10000000    -10.00000000
    -40.26755853      0.00000000      0.00000000      0.00000000      0.00000000      0.00281446      4.91079141      0.00002792    199.30545749      0.03677946      1.95559438      0.99982945      0.69820947      0.48187734      0.48187734      0.55817206      0.99500762      4.10000000    -10.00000000
    -40.43478261      0.00000000      0.00000000      0.00000000      0.00000000      0.00270630      4.95140219      0.00002722    199.85881392      0.03728676      1.95645978      0.99982945      0.69757999      0.48204443      0.48204443      0.55789164      0.99502138      4.10000000    -10.00000000
    -40.60200669      0.00000000      0.00000000      0.00000000      0.00000000      0.00260223      4.99201139      0.00002654    200.35655107      0.03780673      1.95729958      0.99982945      0.69695109      0.48220925      0.48220925      0.55767642      0.99503369      4.10000000    -10.00000000
    -40.76923077      0.00000000      0.00000000      0.00000000      0.00000000      0.00250209      5.03261878      0.00002588    200.79866911      0.03833970      1.95811462      0.99982945      0.69631514      0.48237182      0.48237182      0.55733375      0.99504457      4.10000000    -10.00000000
    -40.93645485      0.00000000      0.00000000      0.00000000      0.00000000      0.00240575      5.07322410      0.00002524    201.18516284      0.03888603      1.95890571      0.99982945      0.69567456      0.48253214      0.48253214      0.55705543      0.99505404      4.10000000    -10.00000000
    -41.10367893      0.00000000      0.00000000      0.00000000      0.00000000      0.00231306      5.11382711      0.00002461    201.51602197      0.03944609      1.95967362      0.99982945      0.69503032      0.48269023      0.48269023      0.55677781      0.99506212      4.10000000    -10.00000000
    -41.27090301      0.00000000      0.00000000      0.00000000      0.00000000      0.00222389      5.15442756      0.00002401    201.79130019      0.04002026      1.96041911      0.99982945      0.69437716      0.48284613      0.48284613      0.55650955      0.99506882      4.10000000    -10.00000000
    -41.43812709      0.00000000      0.00000000      0.00000000      0.00000000      0.00213812      5.19502522      0.00002342    202.01114321      0.04060893      1.96114292      0.99982945      0.69373042      0.48299985      0.48299985      0.55622480      0.99507416      4.10000000    -10.00000000
    -41.60535117      0.00000000      0.00000000      0.00000000      0.00000000      0.00205561      5.23561983      0.00002285    202.17566979      0.04121249      1.96184575      0.99982945      0.69308944      0.48315140      0.48315140      0.55594860      0.99507815      4.10000000    -10.00000000
    -41.77257525      0.00000000      0.00000000      0.00000000      0.00000000      0.00197625      5.27621114      0.00002230    202.28505382      0.04183137      1.96252829      0.99982945      0.69241794      0.48330083      0.48330083      0.55567460      0.99508080      4.10000000    -10.00000000
    -41.93979933      0.00000000      0.00000000      0.00000000      0.00000000      0.00189992      5.31679890      0.00002177    202.33946197      0.04246600      1.96319119      0.99982945      0.69175104      0.48344811      0.48344811      0.55528255      0.99508212      4.10000000    -10.00000000
    -42.10702341      0.00000000      0.00000000      0.00000000      0.00000000      0.00182651      5.35738287      0.00002125    202.33923285      0.04311683      1.96383512      0.99982945      0.69109533      0.48359331      0.48359331      0.55512949      0.99508211      4.10000000    -10.00000000
    -42.27424749      0.00000000      0.00000000      0.00000000      0.00000000      0.00175591      5.39796279      0.00002074    202.28458205      0.04378431      1.96446067      0.99982945      0.69043077      0.48373645      0.48373645      0.55485826      0.99508079      4.10000000    -10.00000000
    -42.44147157      0.00000000      0.00000000      0.00000000      0.00000000      0.00168801      5.43853841      0.00002025    202.17586128      0.04446892      1.96506847      0.99982945      0.68976403      0.48387754      0.48387754      0.55458809      0.99507816      4.10000000    -10.00000000
    -42.60869565      0.00000000      0.00000000      0.00000000      0.00000000      0.00162271      5.47910947      0.00001977    202.01343027      0.04517116      1.96565908      0.99982945      0.68909655      0.48401661      0.48401661      0.55431919      0.99507422      4.10000000    -10.00000000
    -42.77591973      0.00000000      0.00000000      0.00000000      0.00000000      0.00155992      5.51967571      0.00001931    201.79766966      0.04589152      1.96623307      0.99982945      0.68842797      0.48415370      0.48415370      0.55405142      0.99506898      4.10000000    -10.00000000
    -42.94314381      0.00000000      0.00000000      0.00000000      0.00000000      0.00149955      5.56023688      0.00001886    201.52903495      0.04663054      1.96679098      0.99982945      0.68775672      0.48428880      0.48428880      0.55378496      0.99506244      4.10000000    -10.00000000
    -43.11036789      0.00000000      0.00000000      0.00000000      0.00000000      0.00144149      5.60079270      0.00001843    201.20798126      0.04738876      1.96733334      0.99982945      0.68706942      0.48442197      0.48442197      0.55351980      0.99505460      4.10000000    -10.00000000
    -43.27759197      0.00000000      0.00000000      0.00000000      0.00000000      0.00138566      5.64134291      0.00001801    200.83502974      0.04816672      1.96786066      0.99982945      0.68593547      0.48455322      0.48455322      0.55325627      0.99504546      4.10000000    -10.00000000
    -43.44481605      0.00000000      0.00000000      0.00000000      0.00000000      0.00133199      5.68188724      0.00001759    200.41072655      0.04896500      1.96837342      0.99982945      0.68627285      0.48468258      0.48468258      0.55299336      0.99503502      4.10000000    -10.00000000
    -43.61204013      0.00000000      0.00000000      0.00000000      0.00000000      0.00128038      5.72242541      0.00001720    199.93564717      0.04978420      1.96887211      0.99982945      0.68506831      0.48481008      0.48481008      0.55273223      0.99502328      4.10000000    -10.00000000
    -43.77926421      0.00000000      0.00000000      0.00000000      0.00000000      0.00123077      5.76295716      0.00001681    199.41041492      0.05062493      1.96935718      0.99982945      0.68439542      0.48493574      0.48493574      0.55247252      0.99501024      4.10000000    -10.00000000
    -43.94648829      0.00000000      0.00000000      0.00000000      0.00000000      0.00118306      5.80348219      0.00001643    198.83567298      0.05148782      1.96982907      0.99982945      0.68372378      0.48505959      0.48505959      0.55221416      0.99499589      4.10000000    -10.00000000
    -44.11371237      0.00000000      0.00000000      0.00000000      0.00000000      0.00113720      5.84400023      0.00001607    198.21211547      0.05237352      1.97028822      0.99982945      0.68304953      0.48518166      0.48518166      0.55195728      0.99498022      4.10000000    -10.00000000
    -44.28093645      0.00000000      0.00000000      0.00000000      0.00000000      0.00109311      5.88451098      0.00001571    197.54045549      0.05328270      1.97073503      0.99982945      0.68237678      0.48530197      0.48530197      0.55170189      0.99496324      4.10000000    -10.00000000
    -44.44816054      0.00000000      0.00000000      0.00000000      0.00000000      0.00105072      5.92501415      0.00001537    196.82144356      0.05421605      1.97116992      0.99982945      0.68170514      0.48542055      0.48542055      0.55144803      0.99494494      4.10000000    -10.00000000
    -44.61538462      0.00000000      0.00000000      0.00000000      0.00000000      0.00100997      5.96550944      0.00001503    196.05586456      0.05517429      1.97159325      0.99982945      0.68103379      0.48553743      0.48553743      0.55119677      0.99492530      4.10000000    -10.00000000
    -44.78260870      0.00000000      0.00000000      0.00000000      0.00000000      0.00097080      6.00599656      0.00001471    195.24452090      0.05615815      1.97200542      0.99982945      0.68036325      0.48565263      0.48565263      0.55094480      0.99490432      4.10000000    -10.00000000
    -44.94983278      0.00000000      0.00000000      0.00000000      0.00000000      0.00093314      6.04647518      0.00001439    194.38827898      0.05716839      1.97240677      0.99982945      0.67969341      0.48576622      0.48576622      0.55069900      0.99488199      4.10000000    -10.00000000
    -45.11705686      0.00000000      0.00000000      0.00000000      0.00000000      0.00089695      6.08694500      0.00001408    193.48797119      0.05820580      1.97279767      0.99982945      0.67902431      0.48587810      0.48587810      0.55012266      0.99485829      4.10000000    -10.00000000
    -45.28428094      0.00000000      0.00000000      0.00000000      0.00000000      0.00086215      6.12740569      0.00001379    192.54452430      0.05927118      1.97317843      0.99982945      0.67835797      0.48598842      0.48598842      0.55019389      0.99483323      4.10000000    -10.00000000
    -45.45150502      0.00000000      0.00000000      0.00000000      0.00000000      0.00082870      6.16785693      0.00001350    191.55885607      0.06036537      1.97354940      0.99982945      0.67781512      0.48609717      0.48609717      0.54995685      0.99480678      4.10000000    -10.00000000
    -45.61872910      0.00000000      0.00000000      0.00000000      0.00000000      0.00079655      6.20829840      0.00001321    190.53192251      0.06148921      1.97391089      0.99982945      0.67702592      0.48620437      0.48620437      0.54971379      0.99477894      4.10000000    -10.00000000
    -45.78595318      0.00000000      0.00000000      0.00000000      0.00000000      0.00076564      6.24872974      0.00001294    189.46468148      0.06264360      1.97426319      0.99982945      0.67636207      0.48631005      0.48631005      0.54947250      0.99474968      4.10000000    -10.00000000
    -45.95317726      0.00000000      0.00000000      0.00000000      0.00000000      0.00073594      6.28915062      0.00001267    188.35813584      0.06382945      1.97460660      0.99982945      0.67570033      0.48641423      0.48641423      0.54923244      0.99471900      4.10000000    -10.00000000
    -46.12040134      0.00000000      0.00000000      0.00000000      0.00000000      0.00070738      6.32956069      0.00001241    187.21329859      0.06504770      1.97494141      0.99982945      0.67504000      0.48651693      0.48651693      0.54899407      0.99468688      4.10000000    -10.00000000
    -46.28762542      0.00000000      0.00000000      0.00000000      0.00000000      0.00067993      6.36995957      0.00001216    186.03120811      0.06629932      1.97526789      0.99982945      0.67438136      0.48661819      0.48661819      0.54875728      0.99465330      4.10000000    -10.00000000
    -46.45484950      0.00000000      0.00000000      0.00000000      0.00000000      0.00065355      6.41034692      0.00001192    184.81291348      0.06758530      1.97558630      0.99982945      0.67372461      0.48671802      0.48671802      0.54852243      0.99461824      4.10000000    -10.00000000
    -46.62207358      0.00000000      0.00000000      0.00000000      0.00000000      0.00062820      6.45072234      0.00001168    183.55949070      0.06890669      1.97589690      0.99982945      0.67306962      0.48681645      0.48681645      0.54828894      0.99458169      4.10000000    -10.00000000
    -46.78929766      0.00000000      0.00000000      0.00000000      0.00000000      0.00060382      6.49108547      0.00001145    182.27203682      0.07026453      1.97619994      0.99982945      0.67241692      0.48691350      0.48691350      0.54805792      0.99454363      4.10000000    -10.00000000
    -46.95652174      0.00000000      0.00000000      0.00000000      0.00000000      0.00058040      6.53143590      0.00001122    180.95161353      0.07165993      1.97649565      0.99982945      0.67176551      0.48700920      0.48700920      0.54782665      0.99450403      4.10000000    -10.00000000
    -47.12374582      0.00000000      0.00000000      0.00000000      0.00000000      0.00055788      6.57177325      0.00001100    179.59937214      0.07309402      1.97678427      0.99982945      0.67111696      0.48710357      0.48710357      0.54759817      0.99446288      4.10000000    -10.00000000
    -47.29096990      0.00000000      0.00000000      0.00000000      0.00000000      0.00053624      6.61209709      0.00001079    178.21641686      0.07456796      1.97706601      0.99982945      0.67047065      0.48719663      0.48719663      0.54737014      0.99442015      4.10000000    -10.00000000
    -47.45819398      0.00000000      0.00000000      0.00000000      0.00000000      0.00051544      6.65240701      0.00001058    176.80389546      0.07608294      1.97734109      0.99982945      0.66982597      0.48728840      0.48728840      0.54714569      0.99437583      4.10000000    -10.00000000
    -47.62541806      0.00000000      0.00000000      0.00000000      0.00000000      0.00049545      6.69270259      0.00001038    175.36294169      0.07764022      1.97760973      0.99982945      0.66918380      0.48737891      0.48737891      0.54691969      0.99432987      4.10000000    -10.00000000
    -47.79264214      0.00000000      0.00000000      0.00000000      0.00000000      0.00047623      6.73298338      0.00001018    173.89470303      0.07924105      1.97787211      0.99982945      0.66872650      0.48746817      0.48746817      0.54669939      0.99428227      4.10000000    -10.00000000
    -47.95986622      0.00000000      0.00000000      0.00000000      0.00000000      0.00045777      6.77324894      0.00000999    172.40033591      0.08088677      1.97812843      0.99982945      0.66790681      0.48755622      0.48755622      0.54647796      0.99423300      4.10000000    -10.00000000
    -48.12709030      0.00000000      0.00000000      0.00000000      0.00000000      0.00044002      6.81349881      0.00000980    170.88099732      0.08257871      1.97837888      0.99982945      0.66727224      0.48764307      0.48764307      0.54625994      0.99418202      4.10000000    -10.00000000
    -48.29431438      0.00000000      0.00000000      0.00000000      0.00000000      0.00042296      6.85373251      0.00000962    169.33784375      0.08431829      1.97862364      0.99982945      0.66663937      0.48772873      0.48772873      0.54603188      0.99412931      4.10000000    -10.00000000
    -48.46153846      0.00000000      0.00000000      0.00000000      0.00000000      0.00040656      6.89394957      0.00000944    167.77203724      0.08610694      1.97886289      0.99982945      0.66600927      0.48781324      0.48781324      0.54582658      0.99407485      4.10000000    -10.00000000
    -48.62876254      0.00000000      0.00000000      0.00000000      0.00000000      0.00039080      6.93414949      0.00000927    166.18473963      0.08794614      1.97909678      0.99982945      0.66538155      0.48789661      0.48789661      0.54561247      0.99401859      4.10000000    -10.00000000
    -48.79598662      0.00000000      0.00000000      0.00000000      0.00000000      0.00037565      6.97433178      0.00000910    164.57710668      0.08983742      1.97932550      0.99982945      0.66475743      0.48797886      0.48797886      0.54539959      0.99396052      4.10000000    -10.00000000
    -48.96321070      0.00000000      0.00000000      0.00000000      0.00000000      0.00036110      7.01449590      0.00000894    162.95029400      0.09178238      1.97954918      0.99982945      0.66413588      0.48806001      0.48806001      0.54518832      0.99390059      4.10000000    -10.00000000
    -49.13043478      0.00000000      0.00000000      0.00000000      0.00000000      0.00034711      7.05464133      0.00000878    161.30545115      0.09378262      1.97976799      0.99982945      0.66351585      0.48814008      0.48814008      0.54497871      0.99383878      4.10000000    -10.00000000
    -49.29765886      0.00000000      0.00000000      0.00000000      0.00000000      0.00033366      7.09476753      0.00000863    159.64372309      0.09583982      1.97998207      0.99982945      0.66289925      0.48821909      0.48821909      0.54477077      0.99377504      4.10000000    -10.00000000
    -49.46488294      0.00000000      0.00000000      0.00000000      0.00000000      0.00032074      7.13487393      0.00000848    157.96624617      0.09795572      1.98019157      0.99982945      0.66228529      0.48829706      0.48829706      0.54460397      0.99370936      4.10000000    -10.00000000
    -49.63210702      0.00000000      0.00000000      0.00000000      0.00000000      0.00030831      7.17495997      0.00000833    156.27415151      0.10013210      1.98039661      0.99982945      0.66167397      0.48837400      0.48837400      0.54435915      0.99364168      4.10000000    -10.00000000
    -49.79933110      0.00000000      0.00000000      0.00000000      0.00000000      0.00029638      7.21502506      0.00000818    154.56855655      0.10237079      1.98059733      0.99982945      0.66106569      0.48844994      0.48844994      0.54415551      0.99357197      4.10000000    -10.00000000
    -49.96655518      0.00000000      0.00000000      0.00000000      0.00000000      0.00028490      7.25506860      0.00000804    152.85056868      0.10467368      1.98079387      0.99982945      0.66045978      0.48852488      0.48852488      0.54395364      0.99350019      4.10000000    -10.00000000
    -50.13377926      0.00000000      0.00000000      0.00000000      0.00000000      0.00027387      7.29508997      0.00000791    151.12128650      0.10704273      1.98098634      0.99982945      0.65985737      0.48859886      0.48859886      0.54375314      0.99342630      4.10000000    -10.00000000
    -50.30100334      0.00000000      0.00000000      0.00000000      0.00000000      0.00026327      7.33508854      0.00000778    149.38179374      0.10947994      1.98117486      0.99982945      0.65925771      0.48867188      0.48867188      0.54355420      0.99335026      4.10000000    -10.00000000
    -50.46822742      0.00000000      0.00000000      0.00000000      0.00000000      0.00025309      7.37506366      0.00000765    147.63315990      0.11198739      1.98135955      0.99982945      0.65865932      0.48874396      0.48874396      0.54335620      0.99327203      4.10000000    -10.00000000
    -50.63545151      0.00000000      0.00000000      0.00000000      0.00000000      0.00024330      7.41501466      0.00000752    145.87644036      0.11456722      1.98154052      0.99982945      0.65806694      0.48881512      0.48881512      0.54313418      0.99319156      4.10000000    -10.00000000
    -50.80267559      0.00000000      0.00000000      0.00000000      0.00000000      0.00023389      7.45494090      0.00000740    144.11279680      0.11722153      1.98171788      0.99982945      0.65747492      0.48888537      0.48888537      0.54296640      0.99310881      4.10000000    -10.00000000
    -50.96989967      0.00000000      0.00000000      0.00000000      0.00000000      0.00022484      7.49484155      0.00000728    142.34288676      0.11995287      1.98189173      0.99982945      0.65688656      0.48895473      0.48895473      0.54277041      0.99302372      4.10000000    -10.00000000
    -51.13712375      0.00000000      0.00000000      0.00000000      0.00000000      0.00021615      7.53471603      0.00000716    140.56808021      0.12276331      1.98206217      0.99982945      0.65630105      0.48902319      0.48902319      0.54258149      0.99293626      4.10000000    -10.00000000
    -51.30434783      0.00000000      0.00000000      0.00000000      0.00000000      0.00020779      7.57456354      0.00000704    138.78924308      0.12565533      1.98222930      0.99982945      0.65572810      0.48909084      0.48909084      0.54240397      0.99284637      4.10000000    -10.00000000
    -51.47157191      0.00000000      0.00000000      0.00000000      0.00000000      0.00019976      7.61438333      0.00000693    137.00734379      0.12863144      1.98239321      0.99982945      0.65513893      0.48915762      0.48915762      0.54220255      0.99275401      4.10000000    -10.00000000
    -51.63879599      0.00000000      0.00000000      0.00000000      0.00000000      0.00019205      7.65417463      0.00000682    135.22333089      0.13169419      1.98255401      0.99982945      0.65456250      0.48922357      0.48922357      0.54201514      0.99265911      4.10000000    -10.00000000
    -51.80602007      0.00000000      0.00000000      0.00000000      0.00000000      0.00018463      7.69393662      0.00000672    133.43813331      0.13484621      1.98271176      0.99982945      0.65398859      0.48928871      0.48928871      0.54182884      0.99256163      4.10000000    -10.00000000
    -51.97324415      0.00000000      0.00000000      0.00000000      0.00000000      0.00017750      7.73366850      0.00000661    131.65265866      0.13809024      1.98286656      0.99982945      0.65341686      0.48935311      0.48935311      0.54166351      0.99246152      4.10000000    -10.00000000
    -52.14046823      0.00000000      0.00000000      0.00000000      0.00000000      0.00017064      7.77336942      0.00000651    129.86779270      0.14142906      1.98301849      0.99982945      0.65285014      0.48941659      0.48941659      0.54146165      0.99235870      4.10000000    -10.00000000
    -52.30769231      0.00000000      0.00000000      0.00000000      0.00000000      0.00016406      7.81303851      0.00000641    128.08440044      0.14486558      1.98316763      0.99982945      0.65228548      0.48947935      0.48947935      0.54127989      0.99225313      4.10000000    -10.00000000
    -52.47491639      0.00000000      0.00000000      0.00000000      0.00000000      0.00015773      7.85267486      0.00000631    126.30327383      0.14840281      1.98331406      0.99982945      0.65172372      0.48954136      0.48954136      0.54110196      0.99214474      4.10000000    -10.00000000
    -52.64214047      0.00000000      0.00000000      0.00000000      0.00000000      0.00015164      7.89228445      0.00000622    124.53889992      0.15202743      1.98345785      0.99982945      0.65118778      0.48960263      0.48960263      0.54091366      0.99203434      4.10000000    -10.00000000
    -52.80936455      0.00000000      0.00000000      0.00000000      0.00000000      0.00014579      7.93184581      0.00000613    122.75137710      0.15579147      1.98359907      0.99982945      0.65060837      0.48966315      0.48966315      0.54074275      0.99191928      4.10000000    -10.00000000
    -52.97658863      0.00000000      0.00000000      0.00000000      0.00000000      0.00014017      7.97137847      0.00000604    120.98207846      0.15964941      1.98373779      0.99982945      0.65005559      0.48972296      0.48972296      0.54056657      0.99180207      4.10000000    -10.00000000
    -53.14381271      0.00000000      0.00000000      0.00000000      0.00000000      0.00013477      8.01087461      0.00000595    119.21823731      0.16362086      1.98387408      0.99982945      0.64950535      0.48978205      0.48978205      0.54039139      0.99168179      4.10000000    -10.00000000
    -53.31103679      0.00000000      0.00000000      0.00000000      0.00000000      0.00012957      8.05033322      0.00000586    117.46058079      0.16770927      1.98400801      0.99982945      0.64844990      0.48984044      0.48984044      0.54021744      0.99155837      4.10000000    -10.00000000
    -53.47826087      0.00000000      0.00000000      0.00000000      0.00000000      0.00012458      8.08975327      0.00000578    115.70981211      0.17191821      1.98413964      0.99982945      0.64857037      0.48989815      0.48989815      0.54004524      0.99143174      4.10000000    -10.00000000
    -53.64548495      0.00000000      0.00000000      0.00000000      0.00000000      0.00011978      8.12913367      0.00000570    113.96661078      0.17625133      1.98426902      0.99982945      0.64868926      0.48995518      0.48995518      0.53987416      0.99130182      4.10000000    -10.00000000
    -53.81270903      0.00000000      0.00000000      0.00000000      0.00000000      0.00011517      8.16847330      0.00000561    112.23165340      0.18071239      1.98439623      0.99982945      0.64733488      0.49001155      0.49001155      0.53970427      0.99116855      4.10000000    -10.00000000
    -53.97993311      0.00000000      0.00000000      0.00000000      0.00000000      0.00011074      8.20777112      0.00000554    110.50550835      0.18530539      1.98452130      0.99982945      0.64679984      0.49006726      0.49006726      0.53953572      0.99103183      4.10000000    -10.00000000
    -54.14715719      0.00000000      0.00000000      0.00000000      0.00000000      0.00010647      8.24702386      0.00000546    108.79049303      0.19003127      1.98464431      0.99982945      0.64626825      0.49012233      0.49012233      0.53936832      0.99089174      4.10000000    -10.00000000
    -54.31438127      0.00000000      0.00000000      0.00000000      0.00000000      0.00010238      8.28623642      0.00000538    107.08223096      0.19490310      1.98476531      0.99982945      0.64573816      0.49017677      0.49017677      0.53920232      0.99074779      4.10000000    -10.00000000
    -54.48160535      0.00000000      0.00000000      0.00000000      0.00000000      0.00009844      8.32540151      0.00000531    105.38622178      0.19991623      1.98488434      0.99982945      0.64521161      0.49023059      0.49023059      0.53903092      0.99060029      4.10000000    -10.00000000
    -54.64882943      0.00000000      0.00000000      0.00000000      0.00000000      0.00009466      8.36451991      0.00000524    103.70135533      0.20507802      1.98500145      0.99982945      0.64469104      0.49028380      0.49028380      0.53861496      0.99044903      4.10000000    -10.00000000
    -54.81605351      0.00000000      0.00000000      0.00000000      0.00000000      0.00009102      8.40359031      0.00000517    102.02814572      0.21039299      1.98511670      0.99982945      0.64416772      0.49033641      0.49033641      0.53864242      0.99029391      4.10000000    -10.00000000
    -54.98327759      0.00000000      0.00000000      0.00000000      0.00000000      0.00008752      8.44261139      0.00000510    100.36708310      0.21586578      1.98523013      0.99982945      0.64364969      0.49038842      0.49038842      0.53866952      0.99013486      4.10000000    -10.00000000
    -55.15050167      0.00000000      0.00000000      0.00000000      0.00000000      0.00008416      8.48158179      0.00000503     98.71863142      0.22150120      1.98534179      0.99982945      0.64317300      0.49043986      0.49043986      0.53839104      0.98997178      4.10000000    -10.00000000
    -55.31772575      0.00000000      0.00000000      0.00000000      0.00000000      0.00008093      8.52050011      0.00000496     97.08323660      0.22730419      1.98545172      0.99982945      0.64262290      0.49049072      0.49049072      0.53823156      0.98980458      4.10000000    -10.00000000
    -55.48494983      0.00000000      0.00000000      0.00000000      0.00000000      0.00007782      8.55936492      0.00000490     95.46132108      0.23327981      1.98555996      0.99982945      0.64211316      0.49054102      0.49054102      0.53807398      0.98963315      4.10000000    -10.00000000
    -55.65217391      0.00000000      0.00000000      0.00000000      0.00000000      0.00007483      8.59817472      0.00000483     93.85328311      0.23943331      1.98566656      0.99982945      0.64160753      0.49059077      0.49059077      0.53791749      0.98945740      4.10000000    -10.00000000
    -55.81939799      0.00000000      0.00000000      0.00000000      0.00000000      0.00007196      8.63692729      0.00000477     92.25988663      0.24576901      1.98577155      0.99982945      0.64110393      0.49063997      0.49063997      0.53776239      0.98927728      4.10000000    -10.00000000
    -55.98662207      0.00000000      0.00000000      0.00000000      0.00000000      0.00006920      8.67562325      0.00000471     90.68032754      0.25229567      1.98587498      0.99982945      0.64060636      0.49068865      0.49068865      0.53760801      0.98909253      4.10000000    -10.00000000
    -56.15384615      0.00000000      0.00000000      0.00000000      0.00000000      0.00006655      8.71425882      0.00000465     89.11610592      0.25901578      1.98597688      0.99982945      0.64010582      0.49073679      0.49073679      0.53745460      0.98890320      4.10000000    -10.00000000
    -56.32107023      0.00000000      0.00000000      0.00000000      0.00000000      0.00006400      8.75283306      0.00000459     87.56712948      0.26593634      1.98607729      0.99982945      0.63961106      0.49078441      0.49078441      0.53730309      0.98870913      4.10000000    -10.00000000
    -56.48829431      0.00000000      0.00000000      0.00000000      0.00000000      0.00006155      8.79134430      0.00000453     86.03371262      0.27306336      1.98617625      0.99982945      0.63911877      0.49083153      0.49083153      0.53712111      0.98851020      4.10000000    -10.00000000
    -56.65551839      0.00000000      0.00000000      0.00000000      0.00000000      0.00005919      8.82979081      0.00000448     84.51611866      0.28040309      1.98627378      0.99982945      0.63862941      0.49087814      0.49087814      0.53700254      0.98830630      4.10000000    -10.00000000
    -56.82274247      0.00000000      0.00000000      0.00000000      0.00000000      0.00005693      8.86817080      0.00000442     83.01460391      0.28796195      1.98636992      0.99982945      0.63814288      0.49092426      0.49092426      0.53685411      0.98809731      4.10000000    -10.00000000
    -56.98996656      0.00000000      0.00000000      0.00000000      0.00000000      0.00005475      8.90648244      0.00000437     81.52940016      0.29574656      1.98646471      0.99982945      0.63767703      0.49096989      0.49096989      0.53670651      0.98788311      4.10000000    -10.00000000
    -57.15719064      0.00000000      0.00000000      0.00000000      0.00000000      0.00005266      8.94472386      0.00000431     80.06072341      0.30376370      1.98655817      0.99982945      0.63717799      0.49101504      0.49101504      0.53656007      0.98766357      4.10000000    -10.00000000
    -57.32441472      0.00000000      0.00000000      0.00000000      0.00000000      0.00005064      8.98289312      0.00000426     78.60877036      0.31202039      1.98665034      0.99982945      0.63670008      0.49105972      0.49105972      0.53641478      0.98743857      4.10000000    -10.00000000
    -57.49163880      0.00000000      0.00000000      0.00000000      0.00000000      0.00004871      9.02098824      0.00000421     77.17372002      0.32052382      1.98674125      0.99982945      0.63622396      0.49110394      0.49110394      0.53627036      0.98720798      4.10000000    -10.00000000
    -57.65886288      0.00000000      0.00000000      0.00000000      0.00000000      0.00004685      9.05900718      0.00000416     75.75573404      0.32928141      1.98683091      0.99982945      0.63575128      0.49114770      0.49114770      0.53612710      0.98697166      4.10000000    -10.00000000
    -57.82608696      0.00000000      0.00000000      0.00000000      0.00000000      0.00004506      9.09694786      0.00000411     74.35495646      0.33830078      1.98691937      0.99982945      0.63528043      0.49119101      0.49119101      0.53598497      0.98672947      4.10000000    -10.00000000
    -57.99331104      0.00000000      0.00000000      0.00000000      0.00000000      0.00004334      9.13480812      0.00000406     72.97151586      0.34758978      1.98700665      0.99982945      0.63481365      0.49123388      0.49123388      0.53584360      0.98648128      4.10000000    -10.00000000
    -58.16053512      0.00000000      0.00000000      0.00000000      0.00000000      0.00004168      9.17258576      0.00000402     71.60552383      0.35715649      1.98709277      0.99982945      0.63434884      0.49127632      0.49127632      0.53570343      0.98622694      4.10000000    -10.00000000
    -58.32775920      0.00000000      0.00000000      0.00000000      0.00000000      0.00004009      9.21027835      0.00000397     70.25711866      0.36700898      1.98717776      0.99982945      0.63388668      0.49131832      0.49131832      0.53558836      0.98596631      4.10000000    -10.00000000
    -58.49498328      0.00000000      0.00000000      0.00000000      0.00000000      0.00003857      9.24788405      0.00000392     68.92625566      0.37715648      1.98726165      0.99982945      0.63342716      0.49135990      0.49135990      0.53542603      0.98569922      4.10000000    -10.00000000
    -58.66220736      0.00000000      0.00000000      0.00000000      0.00000000      0.00003710      9.28539998      0.00000388     67.61312744      0.38760709      1.98734445      0.99982945      0.63297028      0.49140107      0.49140107      0.53528893      0.98542553      4.10000000    -10.00000000
    -58.82943144      0.00000000      0.00000000      0.00000000      0.00000000      0.00003568      9.32282387      0.00000383     66.31774635      0.39837008      1.98742619      0.99982945      0.63251499      0.49144183      0.49144183      0.53515278      0.98514508      4.10000000    -10.00000000
    -58.99665552      0.00000000      0.00000000      0.00000000      0.00000000      0.00003433      9.36015318      0.00000379     65.04014937      0.40945473      1.98750690      0.99982945      0.63207567      0.49148218      0.49148218      0.53501724      0.98485770      4.10000000    -10.00000000
    -59.16387960      0.00000000      0.00000000      0.00000000      0.00000000      0.00003302      9.39738533      0.00000375     63.78036258      0.42087061      1.98758659      0.99982945      0.63161559      0.49152214      0.49152214      0.53488320      0.98456322      4.10000000    -10.00000000
    -59.33110368      0.00000000      0.00000000      0.00000000      0.00000000      0.00003176      9.43451766      0.00000371     62.53839939      0.43262753      1.98766529      0.99982945      0.63116734      0.49156170      0.49156170      0.53474979      0.98426149      4.10000000    -10.00000000
    -59.49832776      0.00000000      0.00000000      0.00000000      0.00000000      0.00003056      9.47154746      0.00000367     61.31426038      0.44473560      1.98774302      0.99982945      0.63072448      0.49160088      0.49160088      0.53461614      0.98395231      4.10000000    -10.00000000
    -59.66555184      0.00000000      0.00000000      0.00000000      0.00000000      0.00002939      9.50847191      0.00000363     60.10793504      0.45720520      1.98781980      0.99982945      0.63028366      0.49163968      0.49163968      0.53448575      0.98363551      4.10000000    -10.00000000
    -59.83277592      0.00000000      0.00000000      0.00000000      0.00000000      0.00002828      9.54528808      0.00000359     58.91940596      0.47004694      1.98789564      0.99982945      0.62984439      0.49167810      0.49167810      0.53435513      0.98331092      4.10000000    -10.00000000
    -60.00000000      0.00000000      0.00000000      0.00000000      0.00000000      0.00002720      9.58199323      0.00000355     57.74862522      0.48327194      1.98797057      0.99982945      0.62940849      0.49171615      0.49171615      0.53422778      0.98297833      4.10000000    -10.00000000
