    -10.00000000      0.00000000      0.00000000      0.00000000      0.00000000      0.00891832      0.00000171      0.00278272      0.00000000      2.78951667      0.99981503      0.99981503      0.50006424      0.50008629      0.50008629      0.49998979      0.00000000      1.70000000    -10.00000000
    -10.16722408      0.00000000      0.00000000      0.00000000      0.00000000      0.00890434     -0.12364450      0.00277967      0.00166509      2.79083076      1.00066894      0.99981503      0.49104247      0.50067964      0.50067964      0.49678864      0.00166232      1.70000000    -10.00000000
    -10.33444816      0.00000000      0.00000000      0.00000000      0.00000000      0.00899353     -0.24562345      0.00278029      0.00663528      2.76377035      1.00134176      0.99981503      0.48205985      0.50134524      0.50134524      0.49354411      0.00659154      1.70000000    -10.00000000
    -10.50167224      0.00000000      0.00000000      0.00000000      0.00000000      0.00907240     -0.36680778      0.00278129      0.01492217      2.74073256      1.00202198      0.99981503      0.47297241      0.50199819      0.50199819      0.48946673      0.01470277      1.70000000    -10.00000000
    -10.66889632      0.00000000      0.00000000      0.00000000      0.00000000      0.00917601     -0.48645280      0.00278260      0.02653163      2.71105914      1.00271334      0.99981503      0.46123133      0.50265673      0.50265673      0.48655624      0.02584590      1.70000000    -10.00000000
    -10.83612040      0.00000000      0.00000000      0.00000000      0.00000000      0.00930895     -0.60397076      0.00278412      0.04146895      2.67380841      1.00341968      0.99981503      0.45345926      0.50332322      0.50332322      0.48354795      0.03981775      1.70000000    -10.00000000
    -11.00334448      0.00000000      0.00000000      0.00000000      0.00000000      0.00947290     -0.71883439      0.00278576      0.05974151      2.62907509      1.00414491      0.99981503      0.44516659      0.50399429      0.50399429      0.48044398      0.05637366      1.70000000    -10.00000000
    -11.17056856      0.00000000      0.00000000      0.00000000      0.00000000      0.00966928     -0.83054163      0.00278737      0.08135825      2.57716786      1.00489306      0.99981503      0.43671076      0.50467096      0.50467096      0.47734569      0.07523709      1.70000000    -10.00000000
    -11.33779264      0.00000000      0.00000000      0.00000000      0.00000000      0.00989964     -0.93861300      0.00278883      0.10632828      2.51852260      1.00566830      0.99981503      0.42786659      0.50535418      0.50535418      0.47422078      0.09610916      1.70000000    -10.00000000
    -11.50501672      0.00000000      0.00000000      0.00000000      0.00000000      0.01016572     -1.04259377      0.00278999      0.13466193      2.45361788      1.00647499      0.99981503      0.42004281      0.50604309      0.50604309      0.47106328      0.11868022      1.70000000    -10.00000000
    -11.67224080      0.00000000      0.00000000      0.00000000      0.00000000      0.01046951     -1.14205712      0.00279069      0.16636805      2.38301756      1.00731765      0.99981503      0.41244313      0.50673987      0.50673987      0.46807467      0.14263769      1.70000000    -10.00000000
    -11.83946488      0.00000000      0.00000000      0.00000000      0.00000000      0.01081325     -1.23660752      0.00279077      0.20145354      2.30733355      1.00820103      0.99981503      0.40461683      0.50744437      0.50744437      0.46510956      0.16767485      1.70000000    -10.00000000
    -12.00668896      0.00000000      0.00000000      0.00000000      0.00000000      0.01119947     -1.32588403      0.00279009      0.23992148      2.22722169      1.00913015      0.99981503      0.39688139      0.50815765      0.50815765      0.46219517      0.19349732      1.70000000    -10.00000000
    -12.17391304      0.00000000      0.00000000      0.00000000      0.00000000      0.01163100     -1.40956328      0.00278851      0.28176901      2.14337141      1.01011026      0.99981503      0.38930927      0.50887980      0.50887980      0.45925836      0.21982823      1.70000000    -10.00000000
    -12.34113712      0.00000000      0.00000000      0.00000000      0.00000000      0.01211094     -1.48736214      0.00278588      0.32698469      2.05649440      1.01114695      0.99981503      0.38193864      0.50960778      0.50960778      0.45637980      0.24641181      1.70000000    -10.00000000
    -12.50836120      0.00000000      0.00000000      0.00000000      0.00000000      0.01264275     -1.55903981      0.00278210      0.37554550      1.96731252      1.01224613      0.99981503      0.37480898      0.51035250      0.51035250      0.45351528      0.27301569      1.70000000    -10.00000000
    -12.67558528      0.00000000      0.00000000      0.00000000      0.00000000      0.01323020     -1.62439932      0.00277704      0.42741326      1.87654556      1.01341408      0.99981503      0.36792969      0.51110339      0.51110339      0.45071109      0.29943204      1.70000000    -10.00000000
    -12.84280936      0.00000000      0.00000000      0.00000000      0.00000000      0.01387741     -1.68328838      0.00277064      0.48253066      1.78489899      1.01465747      0.99981503      0.36136252      0.51186302      0.51186302      0.44796738      0.32547769      1.70000000    -10.00000000
    -13.01003344      0.00000000      0.00000000      0.00000000      0.00000000      0.01458887     -1.73559943      0.00276280      0.54081672      1.69305240      1.01598342      0.99981503      0.35505329      0.51263514      0.51263514      0.44528549      0.35099354      1.70000000    -10.00000000
    -13.17725753      0.00000000      0.00000000      0.00000000      0.00000000      0.01536944     -1.78126909      0.00275349      0.60216188      1.60164890      1.01739949      0.99981503      0.34893585      0.51341530      0.51341530      0.44268506      0.37584334      1.70000000    -10.00000000
    -13.34448161      0.00000000      0.00000000      0.00000000      0.00000000      0.01622435     -1.82027682      0.00274266      0.66642264      1.51128593      1.01891376      0.99981503      0.34347094      0.51420464      0.51420464      0.44015386      0.39991214      1.70000000    -10.00000000
    -13.51170569      0.00000000      0.00000000      0.00000000      0.00000000      0.01715922     -1.85264253      0.00273030      0.73341527      1.42250834      1.02053483      0.99981503      0.33829366      0.51500287      0.51500287      0.43774453      0.42310419      1.70000000    -10.00000000
    -13.67892977      0.00000000      0.00000000      0.00000000      0.00000000      0.01818008     -1.87842503      0.00271641      0.80291094      1.33580131      1.02227187      0.99981503      0.33353090      0.51580838      0.51580838      0.43536682      0.44534143      1.70000000    -10.00000000
    -13.84615385      0.00000000      0.00000000      0.00000000      0.00000000      0.01929333     -1.89771820      0.00270101      0.87462857      1.25158772      1.02413465      0.99981503      0.32931310      0.51661970      0.51661970      0.43312989      0.46656099      1.70000000    -10.00000000
    -14.01337793      0.00000000      0.00000000      0.00000000      0.00000000      0.02050576     -1.91064734      0.00268413      0.94822750      1.17022677      1.02613359      0.99981503      0.32576611      0.51743575      0.51743575      0.43100203      0.48671292      1.70000000    -10.00000000
    -14.18060201      0.00000000      0.00000000      0.00000000      0.00000000      0.02182452     -1.91736622      0.00266581      1.02330228      1.09201276      1.02827978      0.99981503      0.32273604      0.51825535      0.51825535      0.42899987      0.50575848      1.70000000    -10.00000000
    -14.34782609      0.00000000      0.00000000      0.00000000      0.00000000      0.02325710     -1.91805291      0.00264612      1.09937559      1.01717713      1.03058499      0.99981503      0.31865949      0.51907428      0.51907428      0.42712839      0.52366789      1.70000000    -10.00000000
    -14.51505017      0.00000000      0.00000000      0.00000000      0.00000000      0.02481130     -1.91290593      0.00262511      1.17589222      0.94589127      1.03306174      0.99981503      0.31509142      0.51988769      0.51988769      0.42540206      0.54041841      1.70000000    -10.00000000
    -14.68227425      0.00000000      0.00000000      0.00000000      0.00000000      0.02649518     -1.90214038      0.00260287      1.25221347      0.87827044      1.03572329      0.99981503      0.31204498      0.52070138      0.52070138      0.42383256      0.55599235      1.70000000    -10.00000000
    -14.84949833      0.00000000      0.00000000      0.00000000      0.00000000      0.02831698     -1.88598421      0.00257947      1.32761239      0.81437853      1.03858369      0.99981503      0.30952725      0.52149497      0.52149497      0.42243117      0.57037520      1.70000000    -10.00000000
    -15.01672241      0.00000000      0.00000000      0.00000000      0.00000000      0.03028506     -1.86467461      0.00255500      1.40127018      0.75423337      1.04165777      0.99981503      0.30756234      0.52226510      0.52226510      0.42121200      0.58355373      1.70000000    -10.00000000
    -15.18394649      0.00000000      0.00000000      0.00000000      0.00000000      0.03240781     -1.83845465      0.00252956      1.47227414      0.69781238      1.04496115      0.99981503      0.30615754      0.52302342      0.52302342      0.42018536      0.59551411      1.70000000    -10.00000000
    -15.35117057      0.00000000      0.00000000      0.00000000      0.00000000      0.03469347     -1.80757025      0.00250325      1.53961785      0.64505826      1.04851026      0.99981503      0.30536989      0.52375334      0.52375334      0.41936885      0.60623997      1.70000000    -10.00000000
    -15.51839465      0.00000000      0.00000000      0.00000000      0.00000000      0.03715005     -1.77226744      0.00247616      1.60220425      0.59588458      1.05232232      0.99981503      0.30513417      0.52444920      0.52444920      0.41877618      0.61571041      1.70000000    -10.00000000
    -15.68561873      0.00000000      0.00000000      0.00000000      0.00000000      0.03978514     -1.73279026      0.00244841      1.65885274      0.55018110      1.05641529      0.99981503      0.30553214      0.52510308      0.52510308      0.41842273      0.62389794      1.70000000    -10.00000000
    -15.85284281      0.00000000      0.00000000      0.00000000      0.00000000      0.04260568     -1.68937897      0.00242010      1.70831150      0.50781861      1.06080788      0.99981503      0.30654903      0.52570644      0.52570644      0.41832337      0.63076625      1.70000000    -10.00000000
    -16.02006689      0.00000000      0.00000000      0.00000000      0.00000000      0.04561771     -1.64226901      0.00239135      1.74927621      0.46865334      1.06551944      0.99981503      0.30829937      0.52624880      0.52624880      0.41849645      0.63626790      1.70000000    -10.00000000
    -16.18729097      0.00000000      0.00000000      0.00000000      0.00000000      0.04882612     -1.59169016      0.00236225      1.78041608      0.43253082      1.07056997      0.99981503      0.31052593      0.52672043      0.52672043      0.41896130      0.64034160      1.70000000    -10.00000000
    -16.35451505      0.00000000      0.00000000      0.00000000      0.00000000      0.05223428     -1.53786613      0.00233292      1.80040748      0.39928938      1.07597992      0.99981503      0.31348836      0.52710760      0.52710760      0.41973803      0.64290911      1.70000000    -10.00000000
    -16.52173913      0.00000000      0.00000000      0.00000000      0.00000000      0.05584371     -1.48101407      0.00230345      1.80797477      0.36876315      1.08177018      0.99981503      0.31712437      0.52739891      0.52739891      0.42085969      0.64387144      1.70000000    -10.00000000
    -16.68896321      0.00000000      0.00000000      0.00000000      0.00000000      0.05965367     -1.42134402      0.00227392      1.80193748      0.34078479      1.08796188      0.99981503      0.32142669      0.52758184      0.52758184      0.42243815      0.64310410      1.70000000    -10.00000000
    -16.85618729      0.00000000      0.00000000      0.00000000      0.00000000      0.06366076     -1.35905825      0.00224439      1.78126284      0.31518798      1.09457621      0.99981503      0.32640419      0.52764111      0.52764111      0.42423003      0.64045110      1.70000000    -10.00000000
    -17.02341137      0.00000000      0.00000000      0.00000000      0.00000000      0.06785851     -1.29435051      0.00221494      1.74512282      0.29180942      1.10163429      0.99981503      0.33204456      0.52755815      0.52755815      0.42607627      0.63571757      1.70000000    -10.00000000
    -17.19063545      0.00000000      0.00000000      0.00000000      0.00000000      0.07223698     -1.22740538      0.00218559      1.69295467      0.27049063      1.10915687      0.99981503      0.33836452      0.52732971      0.52732971      0.42828437      0.62866066      1.70000000    -10.00000000
    -17.35785953      0.00000000      0.00000000      0.00000000      0.00000000      0.07678236     -1.15839779      0.00215640      1.62452393      0.25107926      1.11716414      0.99981503      0.34533015      0.52693153      0.52693153      0.43087693      0.61897852      1.70000000    -10.00000000
    -17.52508361      0.00000000      0.00000000      0.00000000      0.00000000      0.08147666     -1.08749271      0.00212739      1.53998829      0.23343007      1.12567539      0.99981503      0.35293445      0.52634529      0.52634529      0.43380439      0.60629740      1.70000000    -10.00000000
    -17.69230769      0.00000000      0.00000000      0.00000000      0.00000000      0.08629736     -1.01484518      0.00209858      1.43995966      0.21740562      1.13470874      0.99981503      0.36114730      0.52556210      0.52556210      0.43713683      0.59015716      1.70000000    -10.00000000
    -17.85953177      0.00000000      0.00000000      0.00000000      0.00000000      0.09121726     -0.94060045      0.00206998      1.32556142      0.20287663      1.14428077      0.99981503      0.36992279      0.52455570      0.52455570      0.44084493      0.56999631      1.70000000    -10.00000000
    -18.02675585      0.00000000      0.00000000      0.00000000      0.00000000      0.09620432     -0.86489432      0.00204160      1.19847676      0.18972213      1.15440617      0.99981503      0.37917151      0.52334448      0.52334448      0.44492025      0.54513961      1.70000000    -10.00000000
    -18.19397993      0.00000000      0.00000000      0.00000000      0.00000000      0.10122171     -0.78785348      0.00201342      1.06098380      0.17782945      1.16509736      0.99981503      0.38928799      0.52188813      0.52188813      0.44937031      0.51479483      1.70000000    -10.00000000
    -18.36120401      0.00000000      0.00000000      0.00000000      0.00000000      0.10622795     -0.70959601      0.00198544      0.91597320      0.16709408      1.17636410      0.99981503      0.39990585      0.52018440      0.52018440      0.45418183      0.47807203      1.70000000    -10.00000000
    -18.52842809      0.00000000      0.00000000      0.00000000      0.00000000      0.11117727     -0.63023177      0.00195764      0.76694408      0.15741945      1.18821309      0.99981503      0.41098878      0.51823002      0.51823002      0.45933934      0.43405113      1.70000000    -10.00000000
    -18.69565217      0.00000000      0.00000000      0.00000000      0.00000000      0.11602014     -0.54986288      0.00192997      0.61797502      0.14871658      1.20064760      0.99981503      0.42249454      0.51602145      0.51602145      0.46485650      0.38194349      1.70000000    -10.00000000
    -18.86287625      0.00000000      0.00000000      0.00000000      0.00000000      0.12070398     -0.46858407      0.00190240      0.47366797      0.14090374      1.21366707      0.99981503      0.43436392      0.51355773      0.51355773      0.47064988      0.32142109      1.70000000    -10.00000000
    -19.03010033      0.00000000      0.00000000      0.00000000      0.00000000      0.12517409     -0.38648310      0.00187487      0.33906444      0.13390607      1.22726678      0.99981503      0.44658987      0.51085026      0.51085026      0.47675225      0.25320995      1.70000000    -10.00000000
    -19.19732441      0.00000000      0.00000000      0.00000000      0.00000000      0.12937474     -0.30364107      0.00184733      0.21953520      0.12765516      1.24143758      0.99981503      0.45906141      0.50787248      0.50787248      0.48312474      0.18001547      1.70000000    -10.00000000
    -19.36454849      0.00000000      0.00000000      0.00000000      0.00000000      0.13325041     -0.22013275      0.00181971      0.12064675      0.12208863      1.25616559      0.99981503      0.47175626      0.50471156      0.50471156      0.48973977      0.10765815      1.70000000    -10.00000000
    -19.53177258      0.00000000      0.00000000      0.00000000      0.00000000      0.13674717     -0.13602682      0.00179191      0.04800976      0.11714967      1.27143204      0.99981503      0.48464248      0.50132126      0.50132126      0.49654834      0.04581042      1.70000000    -10.00000000
    -19.69899666      0.00000000      0.00000000      0.00000000      0.00000000      0.13981409     -0.05138614      0.00176387      0.00711632      0.11278669      1.28721316      0.99981503      0.49763004      0.49774330      0.49774330      0.50351750      0.00706604      1.70000000    -10.00000000
    -19.86622074      0.00000000      0.00000000      0.00000000      0.00000000      0.14240469      0.03373206      0.00173548      0.00317445      0.10895285      1.30348018      0.99981503      0.51070260      0.49399605      0.49399605      0.51064620      0.00316441      1.70000000    -10.00000000
    -20.03344482      0.00000000      0.00000000      0.00000000      0.00000000      0.14447827      0.11927594      0.00170666      0.04094869      0.10560568      1.32019936      0.99981503      0.52374577      0.49014607      0.49014607      0.51797164      0.03933785      1.70000000    -10.00000000
    -20.20066890      0.00000000      0.00000000      0.00000000      0.00000000      0.14600120      0.20519889      0.00167731      0.12461567      0.10270672      1.33733220      0.99981503      0.53678575      0.48615895      0.48615895      0.52536984      0.11080734      1.70000000    -10.00000000
    -20.36789298      0.00000000      0.00000000      0.00000000      0.00000000      0.14694797      0.29145930      0.00164733      0.25764279      0.10022114      1.35483568      0.99981503      0.54975586      0.48213671      0.48213671      0.53277663      0.20486166      1.70000000    -10.00000000
    -20.53511706      0.00000000      0.00000000      0.00000000      0.00000000      0.14730199      0.37802044      0.00161664      0.44269631      0.09811743      1.37266267      0.99981503      0.56262985      0.47808210      0.47808210      0.54023918      0.30685343      1.70000000    -10.00000000
    -20.70234114      0.00000000      0.00000000      0.00000000      0.00000000      0.14705611      0.46485019      0.00158515      0.68158317      0.09636707      1.39076234      0.99981503      0.57536971      0.47404121      0.47404121      0.54763893      0.40532231      1.70000000    -10.00000000
    -20.86956522      0.00000000      0.00000000      0.00000000      0.00000000      0.14621289      0.55192085      0.00155279      0.97522826      0.09494428      1.40908078      0.99981503      0.58792931      0.47005297      0.47005297      0.55496826      0.49372940      1.70000000    -10.00000000
    -21.03678930      0.00000000      0.00000000      0.00000000      0.00000000      0.14478445      0.63920886      0.00151950      1.32368621      0.09382575      1.42756157      0.99981503      0.60030554      0.46615508      0.46615508      0.56221582      0.56964929      1.70000000    -10.00000000
    -21.20401338      0.00000000      0.00000000      0.00000000      0.00000000      0.14279208      0.72669455      0.00148525      1.72618426      0.09299041      1.44614652      0.99981503      0.61247130      0.46238048      0.46238048      0.56930838      0.63318694      1.70000000    -10.00000000
    -21.37123746      0.00000000      0.00000000      0.00000000      0.00000000      0.14026554      0.81436176      0.00145001      2.18119079      0.09241928      1.46477636      0.99981503      0.62441316      0.45876277      0.45876277      0.57625935      0.68565230      1.70000000    -10.00000000
    -21.53846154      0.00000000      0.00000000      0.00000000      0.00000000      0.13724206      0.90219753      0.00141378      2.68650265      0.09209531      1.48339152      0.99981503      0.63611862      0.45533426      0.45533426      0.58303368      0.72874019      1.70000000    -10.00000000
    -21.70568562      0.00000000      0.00000000      0.00000000      0.00000000      0.13376524      0.99019164      0.00137659      3.23934342      0.09200322      1.50193290      0.99981503      0.64757254      0.45211694      0.45211694      0.58961203      0.76411442      1.70000000    -10.00000000
    -21.87290970      0.00000000      0.00000000      0.00000000      0.00000000      0.12988376      1.07833620      0.00133848      3.83646506      0.09212948      1.52034262      0.99981503      0.65877447      0.44913317      0.44913317      0.59597659      0.79323742      1.70000000    -10.00000000
    -22.04013378      0.00000000      0.00000000      0.00000000      0.00000000      0.12564994      1.16662522      0.00129952      4.47424614      0.09246223      1.53856474      0.99981503      0.66971000      0.44639872      0.44639872      0.60214998      0.81732645      1.70000000    -10.00000000
    -22.20735786      0.00000000      0.00000000      0.00000000      0.00000000      0.12111840      1.25505414      0.00125982      5.14878191      0.09299122      1.55654590      0.99981503      0.68037077      0.44392932      0.44392932      0.60801554      0.83736616      1.70000000    -10.00000000
    -22.37458194      0.00000000      0.00000000      0.00000000      0.00000000      0.11634470      1.34361949      0.00121949      5.85597376      0.09370764      1.57423597      0.99981503      0.69077692      0.44171603      0.44171603      0.61367068      0.85414180      1.70000000    -10.00000000
    -22.54180602      0.00000000      0.00000000      0.00000000      0.00000000      0.11138401      1.43231786      0.00117862      6.59182914      0.09460071      1.59158851      0.99981503      0.70090119      0.43979113      0.43979113      0.61907465      0.86827944      1.70000000    -10.00000000
    -22.70903010      0.00000000      0.00000000      0.00000000      0.00000000      0.10629004      1.52114953      0.00113747      7.35149617      0.09567304      1.60856125      0.99981503      0.71074742      0.43813136      0.43813136      0.62422405      0.88026098      1.70000000    -10.00000000
    -22.87625418      0.00000000      0.00000000      0.00000000      0.00000000      0.10111397      1.61011252      0.00109613      8.13096457      0.09691520      1.62511637      0.99981503      0.72031436      0.43673894      0.43673894      0.62911755      0.89048255      1.70000000    -10.00000000
    -23.04347826      0.00000000      0.00000000      0.00000000      0.00000000      0.09590367      1.69920696      0.00105475      8.92603475      0.09832308      1.64122077      0.99981503      0.72959976      0.43559988      0.43559988      0.63375573      0.89925484      1.70000000    -10.00000000
    -23.21070234      0.00000000      0.00000000      0.00000000      0.00000000      0.09070311      1.78843411      0.00101348      9.73267034      0.09989308      1.65684618      0.99981503      0.73860147      0.43471823      0.43471823      0.63814050      0.90682654      1.70000000    -10.00000000
    -23.37792642      0.00000000      0.00000000      0.00000000      0.00000000      0.08555190      1.87779615      0.00097246     10.54707455      0.10162168      1.67196919      0.99981503      0.74732096      0.43406800      0.43406800      0.64227528      0.91339798      1.70000000    -10.00000000
    -23.54515050      0.00000000      0.00000000      0.00000000      0.00000000      0.08048506      1.96729569      0.00093183     11.36572959      0.10350551      1.68657122      0.99981503      0.75575361      0.43363919      0.43363919      0.64616464      0.91913134      1.70000000    -10.00000000
    -23.71237458      0.00000000      0.00000000      0.00000000      0.00000000      0.07553293      2.05693501      0.00089170     12.18539273      0.10554146      1.70063834      0.99981503      0.76389701      0.43343945      0.43343945      0.64981420      0.92415850      1.70000000    -10.00000000
    -23.87959866      0.00000000      0.00000000      0.00000000      0.00000000      0.07072123      2.14671522      0.00085218     13.00304974      0.10772715      1.71416110      0.99981503      0.77176267      0.43338186      0.43338186      0.65323020      0.92858699      1.70000000    -10.00000000
    -24.04682274      0.00000000      0.00000000      0.00000000      0.00000000      0.06607114      2.23663553      0.00081340     13.81584023      0.11006130      1.72713427      0.99981503      0.77933418      0.43351982      0.43351982      0.65641971      0.93250467      1.70000000    -10.00000000
    -24.21404682      0.00000000      0.00000000      0.00000000      0.00000000      0.06159954      2.32669281      0.00077546     14.62097421      0.11254425      1.73955651      0.99981503      0.78662198      0.43381273      0.43381273      0.65938942      0.93598351      1.70000000    -10.00000000
    -24.38127090      0.00000000      0.00000000      0.00000000      0.00000000      0.05731930      2.41688134      0.00073846     15.41565497      0.11517817      1.75143004      0.99981503      0.79360556      0.43424034      0.43424034      0.66214939      0.93908254      1.70000000    -10.00000000
    -24.54849498      0.00000000      0.00000000      0.00000000      0.00000000      0.05323957      2.50719281      0.00070251     16.19701525      0.11796739      1.76276029      0.99981503      0.80034935      0.43479048      0.43479048      0.66470579      0.94185037      1.70000000    -10.00000000
    -24.71571906      0.00000000      0.00000000      0.00000000      0.00000000      0.04936617      2.59761643      0.00066770     16.96206771      0.12091850      1.77355552      0.99981503      0.80680544      0.43546697      0.43546697      0.66706750      0.94432712      1.70000000    -10.00000000
    -24.88294314      0.00000000      0.00000000      0.00000000      0.00000000      0.04570194      2.68813908      0.00063410     17.70766870      0.12404052      1.78382645      0.99981503      0.81298704      0.43622790      0.43622790      0.66924259      0.94654599      1.70000000    -10.00000000
    -25.05016722      0.00000000      0.00000000      0.00000000      0.00000000      0.04224713      2.77874543      0.00060178     18.43049551      0.12734504      1.79358588      0.99981503      0.81889880      0.43706888      0.43706888      0.67124081      0.94853451      1.70000000    -10.00000000
    -25.21739130      0.00000000      0.00000000      0.00000000      0.00000000      0.03899980      2.86941812      0.00057080     19.12703979      0.13084629      1.80284835      0.99981503      0.82454664      0.43797537      0.43797537      0.67306916      0.95031559      1.70000000    -10.00000000
    -25.38461538      0.00000000      0.00000000      0.00000000      0.00000000      0.03595614      2.96013793      0.00054119     19.79363722      0.13456118      1.81162983      0.99981503      0.82993326      0.43893590      0.43893590      0.67473149      0.95190837      1.70000000    -10.00000000
    -25.55183946      0.00000000      0.00000000      0.00000000      0.00000000      0.03311084      3.05088199      0.00051296     20.42753753      0.13850208      1.81994737      0.99981503      0.83507201      0.43993967      0.43993967      0.67625101      0.95333108      1.70000000    -10.00000000
    -25.71906355      0.00000000      0.00000000      0.00000000      0.00000000      0.03045737      3.14163161      0.00048617     21.02301094      0.14270432      1.82781885      0.99981503      0.83996341      0.44097725      0.44097725      0.67762043      0.95459295      1.70000000    -10.00000000
    -25.88628763      0.00000000      0.00000000      0.00000000      0.00000000      0.02798829      3.23236317      0.00046080     21.57643233      0.14719131      1.83526268      0.99981503      0.84461568      0.44203966      0.44203966      0.67885264      0.95570602      1.70000000    -10.00000000
    -26.05351171      0.00000000      0.00000000      0.00000000      0.00000000      0.02569546      3.32305206      0.00043684     22.08455319      0.15198726      1.84229762      0.99981503      0.84903012      0.44311540      0.44311540      0.67995511      0.95668099      1.70000000    -10.00000000
    -26.22073579      0.00000000      0.00000000      0.00000000      0.00000000      0.02357027      3.41367446      0.00041424     22.54399498      0.15712122      1.84894257      0.99981503      0.85323534      0.44420854      0.44420854      0.68093505      0.95752632      1.70000000    -10.00000000
    -26.38795987      0.00000000      0.00000000      0.00000000      0.00000000      0.02160384      3.50420719      0.00039298     22.95181655      0.16262376      1.85521636      0.99981503      0.85722019      0.44530236      0.44530236      0.68179948      0.95824951      1.70000000    -10.00000000
    -26.55518395      0.00000000      0.00000000      0.00000000      0.00000000      0.01978717      3.59462812      0.00037300     23.30571317      0.16852605      1.86113763      0.99981503      0.86098143      0.44639473      0.44639473      0.68255501      0.95885741      1.70000000    -10.00000000
    -26.72240803      0.00000000      0.00000000      0.00000000      0.00000000      0.01811125      3.68491671      0.00035424     23.60415063      0.17485920      1.86672470      0.99981503      0.86453606      0.44748111      0.44748111      0.68320808      0.95935645      1.70000000    -10.00000000
    -26.88963211      0.00000000      0.00000000      0.00000000      0.00000000      0.01656720      3.77505429      0.00033663     23.84645153      0.18165366      1.87199548      0.99981503      0.86790234      0.44855847      0.44855847      0.68376477      0.95975280      1.70000000    -10.00000000
    -27.05685619      0.00000000      0.00000000      0.00000000      0.00000000      0.01514634      3.86502417      0.00032010     24.03281694      0.18893885      1.87696735      0.99981503      0.87108535      0.44962052      0.44962052      0.68423095      0.96005244      1.70000000    -10.00000000
    -27.22408027      0.00000000      0.00000000      0.00000000      0.00000000      0.01384027      3.95481148      0.00030458     24.16425194      0.19674320      1.88165712      0.99981503      0.87408286      0.45066634      0.45066634      0.68461198      0.96026109      1.70000000    -10.00000000
    -27.39130435      0.00000000      0.00000000      0.00000000      0.00000000      0.01264092      4.04440283      0.00028999     24.24249749      0.20509400      1.88608100      0.99981503      0.87691699      0.45168690      0.45168690      0.68492033      0.96038427      1.70000000    -10.00000000
    -27.55852843      0.00000000      0.00000000      0.00000000      0.00000000      0.01154057      4.13378572      0.00027627     24.26982606      0.21401823      1.89025452      0.99981503      0.87958476      0.45270204      0.45270204      0.68513977      0.96042711      1.70000000    -10.00000000
    -27.72575251      0.00000000      0.00000000      0.00000000      0.00000000      0.01053188      4.22294791      0.00026334     24.24888842      0.22354302      1.89419254      0.99981503      0.88211859      0.45369511      0.45369511      0.68529592      0.96039430      1.70000000    -10.00000000
    -27.89297659      0.00000000      0.00000000      0.00000000      0.00000000      0.00960793      4.31187671      0.00025115     24.18253897      0.23369654      1.89790922      0.99981503      0.88448298      0.45466523      0.45466523      0.68539323      0.96028995      1.70000000    -10.00000000
    -28.06020067      0.00000000      0.00000000      0.00000000      0.00000000      0.00876220      4.40055845      0.00023964     24.07369033      0.24450876      1.90141802      0.99981503      0.88672355      0.45561135      0.45561135      0.68541603      0.96011756      1.70000000    -10.00000000
    -28.22742475      0.00000000      0.00000000      0.00000000      0.00000000      0.00798857      4.48897793      0.00022876     23.92520783      0.25601224      1.90473173      0.99981503      0.88880497      0.45653282      0.45653282      0.68538773      0.95987997      1.70000000    -10.00000000
    -28.39464883      0.00000000      0.00000000      0.00000000      0.00000000      0.00728130      4.57711807      0.00021847     23.73983614      0.26824277      1.90786241      0.99981503      0.89078402      0.45742902      0.45742902      0.68530523      0.95957936      1.70000000    -10.00000000
    -28.56187291      0.00000000      0.00000000      0.00000000      0.00000000      0.00663507      4.66495975      0.00020873     23.52017153      0.28123983      1.91082150      0.99981503      0.89259586      0.45829959      0.45829959      0.68517324      0.95921725      1.70000000    -10.00000000
    -28.72909699      0.00000000      0.00000000      0.00000000      0.00000000      0.00604489      4.75248164      0.00019950     23.26865028      0.29504701      1.91361975      0.99981503      0.89434751      0.45914364      0.45914364      0.68499315      0.95879458      1.70000000    -10.00000000
    -28.89632107      0.00000000      0.00000000      0.00000000      0.00000000      0.00550616      4.83966025      0.00019075     22.98756215      0.30971222      1.91626730      0.99981503      0.89594986      0.45995472      0.45995472      0.68477071      0.95831173      1.70000000    -10.00000000
    -29.06354515      0.00000000      0.00000000      0.00000000      0.00000000      0.00501460      4.92646990      0.00018246     22.67907164      0.32528790      1.91877368      0.99981503      0.89745827      0.46075396      0.46075396      0.68454486      0.95776861      1.70000000    -10.00000000
    -29.23076923      0.00000000      0.00000000      0.00000000      0.00000000      0.00456625      5.01288281      0.00017459     22.34524105      0.34183110      1.92114783      0.99981503      0.89886345      0.46152724      0.46152724      0.68420416      0.95716472      1.70000000    -10.00000000
    -29.39799331      0.00000000      0.00000000      0.00000000      0.00000000      0.00415746      5.09886915      0.00016714     21.98805422      0.35940362      1.92339814      0.99981503      0.90018170      0.46228627      0.46228627      0.68386616      0.95649915      1.70000000    -10.00000000
    -29.56521739      0.00000000      0.00000000      0.00000000      0.00000000      0.00378485      5.18439706      0.00016006     21.60943420      0.37807210      1.92553246      0.99981503      0.90140744      0.46302140      0.46302140      0.68349498      0.95577068      1.70000000    -10.00000000
    -29.73244147      0.00000000      0.00000000      0.00000000      0.00000000      0.00344533      5.26943270      0.00015335     21.21125828      0.39790812      1.92755816      0.99981503      0.90254528      0.46373325      0.46373325      0.68307680      0.95497779      1.70000000    -10.00000000
    -29.89966555      0.00000000      0.00000000      0.00000000      0.00000000      0.00313604      5.35394020      0.00014697     20.79536675      0.41898836      1.92948211      0.99981503      0.90359914      0.46442247      0.46442247      0.68266176      0.95411869      1.70000000    -10.00000000
    -30.06688963      0.00000000      0.00000000      0.00000000      0.00000000      0.00285435      5.43788165      0.00014093     20.36356944      0.44139469      1.93131074      0.99981503      0.90457338      0.46508968      0.46508968      0.68220432      0.95319134      1.70000000    -10.00000000
    -30.23411371      0.00000000      0.00000000      0.00000000      0.00000000      0.00259785      5.52121703      0.00013518     19.91763940      0.46521454      1.93305007      0.99981503      0.90547168      0.46573549      0.46573549      0.68172114      0.95219346      1.70000000    -10.00000000
    -30.40133779      0.00000000      0.00000000      0.00000000      0.00000000      0.00236434      5.60390419      0.00012973     19.45932808      0.49054073      1.93470569      0.99981503      0.90629763      0.46636082      0.46636082      0.68121522      0.95112254      1.70000000    -10.00000000
    -30.56856187      0.00000000      0.00000000      0.00000000      0.00000000      0.00215179      5.68589869      0.00012455     18.99034570      0.51747202      1.93628286      0.99981503      0.90705471      0.46696610      0.46696610      0.68068782      0.94997585      1.70000000    -10.00000000
    -30.73578595      0.00000000      0.00000000      0.00000000      0.00000000      0.00195835      5.76715370      0.00011963     18.51236593      0.54611315      1.93778644      0.99981503      0.90779446      0.46755209      0.46755209      0.68014024      0.94875045      1.70000000    -10.00000000
    -30.90301003      0.00000000      0.00000000      0.00000000      0.00000000      0.00178233      5.84761998      0.00011495     18.02702051      0.57657504      1.93922099      0.99981503      0.90837469      0.46811945      0.46811945      0.67957420      0.94744316      1.70000000    -10.00000000
    -31.07023411      0.00000000      0.00000000      0.00000000      0.00000000      0.00162217      5.92724557      0.00011050     17.53588514      0.60897527      1.94059077      0.99981503      0.90894311      0.46866886      0.46866886      0.67899103      0.94605059      1.70000000    -10.00000000
    -31.23745819      0.00000000      0.00000000      0.00000000      0.00000000      0.00147646      6.00597592      0.00010626     17.04049376      0.64343771      1.94189972      0.99981503      0.90945568      0.46920094      0.46920094      0.67839202      0.94456914      1.70000000    -10.00000000
    -31.40468227      0.00000000      0.00000000      0.00000000      0.00000000      0.00134391      6.08375353      0.00010223     16.54231381      0.68009327      1.94315154      0.99981503      0.90991314      0.46971635      0.46971635      0.67777816      0.94299498      1.70000000    -10.00000000
    -31.57190635      0.00000000      0.00000000      0.00000000      0.00000000      0.00122334      6.16051791      0.00009840     16.04275161      0.71907982      1.94434968      0.99981503      0.91031856      0.47021571      0.47021571      0.67715076      0.94132403      1.70000000    -10.00000000
    -31.73913043      0.00000000      0.00000000      0.00000000      0.00000000      0.00111368      6.23620545      0.00009474     15.54314683      0.76054232      1.94549732      0.99981503      0.91067418      0.47069960      0.47069960      0.67651097      0.93955201      1.70000000    -10.00000000
    -31.90635452      0.00000000      0.00000000      0.00000000      0.00000000      0.00101393      6.31074923      0.00009126     15.04476858      0.80463301      1.94659748      0.99981503      0.91101093      0.47116863      0.47116863      0.67585960      0.93767439      1.70000000    -10.00000000
    -32.07357860      0.00000000      0.00000000      0.00000000      0.00000000      0.00092322      6.38407895      0.00008793     14.54881287      0.85151137      1.94765292      0.99981503      0.91124496      0.47162335      0.47162335      0.67519765      0.93568641      1.70000000    -10.00000000
    -32.24080268      0.00000000      0.00000000      0.00000000      0.00000000      0.00084071      6.45612072      0.00008476     14.05640052      0.90134421      1.94866626      0.99981503      0.91146400      0.47206431      0.47206431      0.67452569      0.93358306      1.70000000    -10.00000000
    -32.40802676      0.00000000      0.00000000      0.00000000      0.00000000      0.00076567      6.52679699      0.00008173     13.56857571      0.95430556      1.94963990      0.99981503      0.91164130      0.47249205      0.47249205      0.67384556      0.93135911      1.70000000    -10.00000000
    -32.57525084      0.00000000      0.00000000      0.00000000      0.00000000      0.00069743      6.59602636      0.00007884     13.08630470      1.01057662      1.95057611      0.99981503      0.91177860      0.47290708      0.47290708      0.67315702      0.92900906      1.70000000    -10.00000000
    -32.74247492      0.00000000      0.00000000      0.00000000      0.00000000      0.00063537      6.66372353      0.00007607     12.61047628      1.07034543      1.95147700      0.99981503      0.91187773      0.47330989      0.47330989      0.67244503      0.92652719      1.70000000    -10.00000000
    -32.90969900      0.00000000      0.00000000      0.00000000      0.00000000      0.00057892      6.72979911      0.00007342     12.14190094      1.13380672      1.95234454      0.99981503      0.91193983      0.47370095      0.47370095      0.67175850      0.92390751      1.70000000    -10.00000000
    -33.07692308      0.00000000      0.00000000      0.00000000      0.00000000      0.00052758      6.79415961      0.00007088     11.68131313      1.20116131      1.95318055      0.99981503      0.91196667      0.47408071      0.47408071      0.67104989      0.92114381      1.70000000    -10.00000000
    -33.24414716      0.00000000      0.00000000      0.00000000      0.00000000      0.00048089      6.85670728      0.00006845     11.22937150      1.27261570      1.95398675      0.99981503      0.91195963      0.47444963      0.47444963      0.67033596      0.91822965      1.70000000    -10.00000000
    -33.41137124      0.00000000      0.00000000      0.00000000      0.00000000      0.00043841      6.91734008      0.00006612     10.78666080      1.34838137      1.95476475      0.99981503      0.91191855      0.47480810      0.47480810      0.66961701      0.91515833      1.70000000    -10.00000000
    -33.57859532      0.00000000      0.00000000      0.00000000      0.00000000      0.00039978      6.97595165      0.00006389     10.35369444      1.42867383      1.95551604      0.99981503      0.91184914      0.47515655      0.47515655      0.66889379      0.91192294      1.70000000    -10.00000000
    -33.74581940      0.00000000      0.00000000      0.00000000      0.00000000      0.00036463      7.03243126      0.00006174      9.93091640      1.51371172      1.95624201      0.99981503      0.91174830      0.47549534      0.47549534      0.66816692      0.90851636      1.70000000    -10.00000000
    -33.91304348      0.00000000      0.00000000      0.00000000      0.00000000      0.00033266      7.08666382      0.00005967      9.51870441      1.60371551      1.95694397      0.99981503      0.91161809      0.47582486      0.47582486      0.66742998      0.90493126      1.70000000    -10.00000000
    -34.08026756      0.00000000      0.00000000      0.00000000      0.00000000      0.00030357      7.13852996      0.00005769      9.11737275      1.69890609      1.95762316      0.99981503      0.91154369      0.47614546      0.47614546      0.66671033      0.90116011      1.70000000    -10.00000000
    -34.24749164      0.00000000      0.00000000      0.00000000      0.00000000      0.00027710      7.18790608      0.00005578      8.72717531      1.79950309      1.95828070      0.99981503      0.91127534      0.47645747      0.47645747      0.66597593      0.89719523      1.70000000    -10.00000000
    -34.41471572      0.00000000      0.00000000      0.00000000      0.00000000      0.00025302      7.23466448      0.00005393      8.34830912      1.90572300      1.95891768      0.99981503      0.91106873      0.47676122      0.47676122      0.66522709      0.89302878      1.70000000    -10.00000000
    -34.58193980      0.00000000      0.00000000      0.00000000      0.00000000      0.00023110      7.27867352      0.00005216      7.98091768      2.01777696      1.95953510      0.99981503      0.91082919      0.47705702      0.47705702      0.66449134      0.88865280      1.70000000    -10.00000000
    -34.74916388      0.00000000      0.00000000      0.00000000      0.00000000      0.00021115      7.31979788      0.00005044      7.62509433      2.13586829      1.96013390      0.99981503      0.91056968      0.47734516      0.47734516      0.66375087      0.88405924      1.70000000    -10.00000000
    -34.91638796      0.00000000      0.00000000      0.00000000      0.00000000      0.00019298      7.35789881      0.00004879      7.28088593      2.26018977      1.96071497      0.99981503      0.91028731      0.47762594      0.47762594      0.66300971      0.87923997      1.70000000    -10.00000000
    -35.08361204      0.00000000      0.00000000      0.00000000      0.00000000      0.00017645      7.39283447      0.00004719      6.94829625      2.39092056      1.96127913      0.99981503      0.90998151      0.47789962      0.47789962      0.66226724      0.87418687      1.70000000    -10.00000000
    -35.25083612      0.00000000      0.00000000      0.00000000      0.00000000      0.00016139      7.42446037      0.00004564      6.62728929      2.52822294      1.96182716      0.99981503      0.90965471      0.47816647      0.47816647      0.66152500      0.86889182      1.70000000    -10.00000000
    -35.41806020      0.00000000      0.00000000      0.00000000      0.00000000      0.00014768      7.45262992      0.00004414      6.31779380      2.67223823      1.96235979      0.99981503      0.90930701      0.47842672      0.47842672      0.66078253      0.86334679      1.70000000    -10.00000000
    -35.58528428      0.00000000      0.00000000      0.00000000      0.00000000      0.00013519      7.47719474      0.00004269      6.01970358      2.82308391      1.96287772      0.99981503      0.90893920      0.47868063      0.47868063      0.66004031      0.85754384      1.70000000    -10.00000000
    -35.75250836      0.00000000      0.00000000      0.00000000      0.00000000      0.00012382      7.49800573      0.00004128      5.73288505      2.98084787      1.96338159      0.99981503      0.90855193      0.47892840      0.47892840      0.65929853      0.85147526      1.70000000    -10.00000000
    -35.91973244      0.00000000      0.00000000      0.00000000      0.00000000      0.00011345      7.51491345      0.00003992      5.45717686      3.14558515      1.96387200      0.99981503      0.90814582      0.47917028      0.47917028      0.65855786      0.84513356      1.70000000    -10.00000000
    -36.08695652      0.00000000      0.00000000      0.00000000      0.00000000      0.00010400      7.52776911      0.00003859      5.19239438      3.31731275      1.96434954      0.99981503      0.90772166      0.47940645      0.47940645      0.65781702      0.83851158      1.70000000    -10.00000000
    -36.25418060      0.00000000      0.00000000      0.00000000      0.00000000      0.00009539      7.53642547      0.00003730      4.93833221      3.49600484      1.96481474      0.99981503      0.90727974      0.47963712      0.47963712      0.65707837      0.83160255      1.70000000    -10.00000000
    -36.42140468      0.00000000      0.00000000      0.00000000      0.00000000      0.00008754      7.54073788      0.00003605      4.69476693      3.68158779      1.96526812      0.99981503      0.90681206      0.47986249      0.47986249      0.65634069      0.82440019      1.70000000    -10.00000000
    -36.58862876      0.00000000      0.00000000      0.00000000      0.00000000      0.00008038      7.54056532      0.00003483      4.46145966      3.87393520      1.96571015      0.99981503      0.90634567      0.48008272      0.48008272      0.65560473      0.81689877      1.70000000    -10.00000000
    -36.75585284      0.00000000      0.00000000      0.00000000      0.00000000      0.00007385      7.53577168      0.00003364      4.23815839      4.07286288      1.96614130      0.99981503      0.90585454      0.48029800      0.48029800      0.65487604      0.80909321      1.70000000    -10.00000000
    -36.92307692      0.00000000      0.00000000      0.00000000      0.00000000      0.00006789      7.52622698      0.00003249      4.02460023      4.27812416      1.96656199      0.99981503      0.90534797      0.48050850      0.48050850      0.65413816      0.80097919      1.70000000    -10.00000000
    -37.09030100      0.00000000      0.00000000      0.00000000      0.00000000      0.00006245      7.51180877      0.00003136      3.82051352      4.48940530      1.96697262      0.99981503      0.90474299      0.48071437      0.48071437      0.65340761      0.79255322      1.70000000    -10.00000000
    -37.25752508      0.00000000      0.00000000      0.00000000      0.00000000      0.00005749      7.49240354      0.00003026      3.62561971      4.70632138      1.96737359      0.99981503      0.90429090      0.48091576      0.48091576      0.65267864      0.78381275      1.70000000    -10.00000000
    -37.42474916      0.00000000      0.00000000      0.00000000      0.00000000      0.00005296      7.46790821      0.00002919      3.43963517      4.92841273      1.96776526      0.99981503      0.90374134      0.48111283      0.48111283      0.65195244      0.77475627      1.70000000    -10.00000000
    -37.59197324      0.00000000      0.00000000      0.00000000      0.00000000      0.00004882      7.43823164      0.00002815      3.26227274      5.15514209      1.96814797      0.99981503      0.90317812      0.48130571      0.48130571      0.65116356      0.76538339      1.70000000    -10.00000000
    -37.75919732      0.00000000      0.00000000      0.00000000      0.00000000      0.00004503      7.40329621      0.00002713      3.09324334      5.38589243      1.96852205      0.99981503      0.90260191      0.48149454      0.48149454      0.65050837      0.75569495      1.70000000    -10.00000000
    -37.92642140      0.00000000      0.00000000      0.00000000      0.00000000      0.00004158      7.36303934      0.00002614      2.93225723      5.61996597      1.96888781      0.99981503      0.90201325      0.48167945      0.48167945      0.64978923      0.74569314      1.70000000    -10.00000000
    -38.09364548      0.00000000      0.00000000      0.00000000      0.00000000      0.00003841      7.31741503      0.00002516      2.77902518      5.85658435      1.96924555      0.99981503      0.90141185      0.48186055      0.48186055      0.64907422      0.73538149      1.70000000    -10.00000000
    -38.26086957      0.00000000      0.00000000      0.00000000      0.00000000      0.00003552      7.26639535      0.00002422      2.63325979      6.09488968      1.96959555      0.99981503      0.90080906      0.48203797      0.48203797      0.64836093      0.72476507      1.70000000    -10.00000000
    -38.42809365      0.00000000      0.00000000      0.00000000      0.00000000      0.00003287      7.20997183      0.00002329      2.49467608      6.33394783      1.96993808      0.99981503      0.90017489      0.48221183      0.48221183      0.64765342      0.71385045      1.70000000    -10.00000000
    -38.59531773      0.00000000      0.00000000      0.00000000      0.00000000      0.00003045      7.14815675      0.00002239      2.36299269      6.57275229      1.97027338      0.99981503      0.89953979      0.48238223      0.48238223      0.64694413      0.70264580      1.70000000    -10.00000000
    -38.76254181      0.00000000      0.00000000      0.00000000      0.00000000      0.00002823      7.08098441      0.00002151      2.23793259      6.81023007      1.97060170      0.99981503      0.89889380      0.48254927      0.48254927      0.64624041      0.69116096      1.70000000    -10.00000000
    -38.92976589      0.00000000      0.00000000      0.00000000      0.00000000      0.00002620      7.00851195      0.00002064      2.11922349      7.04524963      1.97092328      0.99981503      0.89823748      0.48271306      0.48271306      0.64553976      0.67940739      1.70000000    -10.00000000
    -39.09698997      0.00000000      0.00000000      0.00000000      0.00000000      0.00002433      6.93082035      0.00001981      2.00659874      7.27662941      1.97123833      0.99981503      0.89757124      0.48287369      0.48287369      0.64484260      0.66739825      1.70000000    -10.00000000
    -39.26421405      0.00000000      0.00000000      0.00000000      0.00000000      0.00002262      6.84801491      0.00001899      1.89979761      7.50314893      1.97154705      0.99981503      0.89689513      0.48303126      0.48303126      0.64414915      0.65514835      1.70000000    -10.00000000
    -39.43143813      0.00000000      0.00000000      0.00000000      0.00000000      0.00002105      6.76022556      0.00001819      1.79856571      7.72356089      1.97184966      0.99981503      0.89620977      0.48318586      0.48318586      0.64345853      0.64267410      1.70000000    -10.00000000
    -39.59866221      0.00000000      0.00000000      0.00000000      0.00000000      0.00001961      6.66760704      0.00001741      1.70265542      7.93660446      1.97214634      0.99981503      0.89551538      0.48333757      0.48333757      0.64277207      0.62999353      1.70000000    -10.00000000
    -39.76588629      0.00000000      0.00000000      0.00000000      0.00000000      0.00001829      6.57033854      0.00001666      1.61182609      8.14102000      1.97243727      0.99981503      0.89481221      0.48348647      0.48348647      0.64208851      0.61712612      1.70000000    -10.00000000
    -39.93311037      0.00000000      0.00000000      0.00000000      0.00000000      0.00001708      6.46862268      0.00001592      1.52584392      8.33556486      1.97272263      0.99981503      0.89410065      0.48363265      0.48363265      0.64140904      0.60409272      1.70000000    -10.00000000
    -40.10033445      0.00000000      0.00000000      0.00000000      0.00000000      0.00001596      6.36268738      0.00001521      1.44448376      8.51902744      1.97300259      0.99981503      0.89338083      0.48377617      0.48377617      0.64073251      0.59091567      1.70000000    -10.00000000
    -40.26755853      0.00000000      0.00000000      0.00000000      0.00000000      0.00001493      6.25277920      0.00001451      1.36752594      8.69024706      1.97327730      0.99981503      0.89265324      0.48391712      0.48391712      0.64006053      0.57761814      1.70000000    -10.00000000
    -40.43478261      0.00000000      0.00000000      0.00000000      0.00000000      0.00001398      6.13916735      0.00001384      1.29475961      8.84812627      1.97354692      0.99981503      0.89191794      0.48405556      0.48405556      0.63939100      0.56422451      1.70000000    -10.00000000
    -40.60200669      0.00000000      0.00000000      0.00000000      0.00000000      0.00001311      6.02213914      0.00001318      1.22598111      8.99164812      1.97381160      0.99981503      0.89117576      0.48419157      0.48419157      0.63872602      0.55075989      1.70000000    -10.00000000
    -40.76923077      0.00000000      0.00000000      0.00000000      0.00000000      0.00001230      5.90199844      0.00001255      1.16099426      9.11989034      1.97407148      0.99981503      0.89042566      0.48432520      0.48432520      0.63806469      0.53725004      1.70000000    -10.00000000
    -40.93645485      0.00000000      0.00000000      0.00000000      0.00000000      0.00001156      5.77906336      0.00001194      1.09961035      9.23203838      1.97432668      0.99981503      0.88966836      0.48445653      0.48445653      0.63740706      0.52372115      1.70000000    -10.00000000
    -41.10367893      0.00000000      0.00000000      0.00000000      0.00000000      0.00001087      5.65366362      0.00001134      1.04164799      9.32739693      1.97457735      0.99981503      0.88890637      0.48458561      0.48458561      0.63674580      0.51019960      1.70000000    -10.00000000
    -41.27090301      0.00000000      0.00000000      0.00000000      0.00000000      0.00001024      5.52613779      0.00001077      0.98693305      9.40539921      1.97482361      0.99981503      0.88813653      0.48471250      0.48471250      0.63610250      0.49671178      1.70000000    -10.00000000
    -41.43812709      0.00000000      0.00000000      0.00000000      0.00000000      0.00000965      5.39683024      0.00001022      0.93529849      9.46561399      1.97506557      0.99981503      0.88736106      0.48483725      0.48483725      0.63545738      0.48328384      1.70000000    -10.00000000
    -41.60535117      0.00000000      0.00000000      0.00000000      0.00000000      0.00000911      5.26608800      0.00000969      0.88658419      9.50774994      1.97530336      0.99981503      0.88657960      0.48495993      0.48495993      0.63481516      0.46994149      1.70000000    -10.00000000
    -41.77257525      0.00000000      0.00000000      0.00000000      0.00000000      0.00000861      5.13425738      0.00000918      0.84063675      9.53165703      1.97553708      0.99981503      0.88579244      0.48508059      0.48508059      0.63417711      0.45670975      1.70000000    -10.00000000
    -41.93979933      0.00000000      0.00000000      0.00000000      0.00000000      0.00000814      5.00168047      0.00000868      0.79730928      9.53732490      1.97576684      0.99981503      0.88500277      0.48519928      0.48519928      0.63354286      0.44361273      1.70000000    -10.00000000
    -42.10702341      0.00000000      0.00000000      0.00000000      0.00000000      0.00000771      4.86869139      0.00000821      0.75646109      9.52487769      1.97599274      0.99981503      0.88420215      0.48531604      0.48531604      0.63291179      0.43067341      1.70000000    -10.00000000
    -42.27424749      0.00000000      0.00000000      0.00000000      0.00000000      0.00000731      4.73561223      0.00000776      0.71795742      9.49456531      1.97621489      0.99981503      0.88329670      0.48543092      0.48543092      0.63228649      0.41791340      1.70000000    -10.00000000
    -42.44147157      0.00000000      0.00000000      0.00000000      0.00000000      0.00000693      4.60274853      0.00000732      0.68166903      9.44675038      1.97643337      0.99981503      0.88259160      0.48554397      0.48554397      0.63166218      0.40535267      1.70000000    -10.00000000
    -42.60869565      0.00000000      0.00000000      0.00000000      0.00000000      0.00000658      4.47038397      0.00000691      0.64747173      9.38189030      1.97664828      0.99981503      0.88177940      0.48565525      0.48565525      0.63105384      0.39300931      1.70000000    -10.00000000
    -42.77591973      0.00000000      0.00000000      0.00000000      0.00000000      0.00000626      4.33877396      0.00000651      0.61524580      9.30051292      1.97685971      0.99981503      0.88096259      0.48576477      0.48576477      0.63042934      0.38089918      1.70000000    -10.00000000
    -42.94314381      0.00000000      0.00000000      0.00000000      0.00000000      0.00000596      4.20813713      0.00000613      0.58487517      9.20318380      1.97706775      0.99981503      0.88014166      0.48587260      0.48587260      0.62988618      0.36903548      1.70000000    -10.00000000
    -43.11036789      0.00000000      0.00000000      0.00000000      0.00000000      0.00000568      4.07864384      0.00000577      0.55624632      9.09046132      1.97727247      0.99981503      0.87931667      0.48597876      0.48597876      0.62921176      0.35742820      1.70000000    -10.00000000
    -43.27759197      0.00000000      0.00000000      0.00000000      0.00000000      0.00000541      3.95039956      0.00000543      0.52924678      8.96283356      1.97747396      0.99981503      0.87848767      0.48608331      0.48608331      0.62860835      0.34608331      1.70000000    -10.00000000
    -43.44481605      0.00000000      0.00000000      0.00000000      0.00000000      0.00000517      3.82342023      0.00000510      0.50376283      8.82062695      1.97767229      0.99981503      0.87765446      0.48618627      0.48618627      0.62800784      0.33500152      1.70000000    -10.00000000
    -43.61204013      0.00000000      0.00000000      0.00000000      0.00000000      0.00000494      3.69759476      0.00000478      0.47967622      8.66387033      1.97786755      0.99981503      0.87681881      0.48628769      0.48628769      0.62741414      0.32417648      1.70000000    -10.00000000
    -43.77926421      0.00000000      0.00000000      0.00000000      0.00000000      0.00000472      3.57262740      0.00000448      0.45685927      8.49208861      1.97805979      0.99981503      0.87597919      0.48638759      0.48638759      0.62682291      0.31359190      1.70000000    -10.00000000
    -43.94648829      0.00000000      0.00000000      0.00000000      0.00000000      0.00000451      3.44794951      0.00000419      0.43516770      8.30398674      1.97824910      0.99981503      0.87513641      0.48648602      0.48648602      0.62623552      0.30321732      1.70000000    -10.00000000
    -44.11371237      0.00000000      0.00000000      0.00000000      0.00000000      0.00000432      3.32258781      0.00000391      0.41443064      8.09697101      1.97843553      0.99981503      0.87429054      0.48658300      0.48658300      0.62565206      0.29300174      1.70000000    -10.00000000
    -44.28093645      0.00000000      0.00000000      0.00000000      0.00000000      0.00000414      3.19498012      0.00000364      0.39443804      7.86645449      1.97861916      0.99981503      0.87344304      0.48667858      0.48667858      0.62508104      0.28286523      1.70000000    -10.00000000
    -44.44816054      0.00000000      0.00000000      0.00000000      0.00000000      0.00000396      3.06275385      0.00000337      0.37492911      7.60495314      1.97880005      0.99981503      0.87259027      0.48677277      0.48677277      0.62449671      0.27268977      1.70000000    -10.00000000
    -44.61538462      0.00000000      0.00000000      0.00000000      0.00000000      0.00000380      2.92256149      0.00000310      0.35559358      7.30121117      1.97897826      0.99981503      0.87173990      0.48686561      0.48686561      0.62392500      0.26231578      1.70000000    -10.00000000
    -44.78260870      0.00000000      0.00000000      0.00000000      0.00000000      0.00000364      2.77024501      0.00000282      0.33611395      6.94018952      1.97915385      0.99981503      0.87087958      0.48695713      0.48695713      0.62335728      0.25156084      1.70000000    -10.00000000
    -44.94983278      0.00000000      0.00000000      0.00000000      0.00000000      0.00000348      2.60185174      0.00000253      0.31629242      6.50575673      1.97932687      0.99981503      0.87002067      0.48704736      0.48704736      0.62279332      0.24029039      1.70000000    -10.00000000
    -45.11705686      0.00000000      0.00000000      0.00000000      0.00000000      0.00000333      2.41599676      0.00000223      0.29628190      5.98837627      1.97949739      0.99981503      0.86915968      0.48713633      0.48713633      0.62223302      0.22856286      1.70000000    -10.00000000
    -45.28428094      0.00000000      0.00000000      0.00000000      0.00000000      0.00000318      2.21697475      0.00000192      0.27681056      5.39709866      1.97966545      0.99981503      0.86829589      0.48722405      0.48722405      0.62167829      0.21679845      1.70000000    -10.00000000
    -45.45150502      0.00000000      0.00000000      0.00000000      0.00000000      0.00000304      2.01697129      0.00000162      0.25918369      4.77104236      1.97983111      0.99981503      0.86743159      0.48731059      0.48731059      0.62112443      0.20583469      1.70000000    -10.00000000
    -45.61872910      0.00000000      0.00000000      0.00000000      0.00000000      0.00000291      1.82807855      0.00000135      0.24448084      4.15495552      1.97999443      0.99981503      0.86660294      0.48739595      0.48739595      0.62057513      0.19645207      1.70000000    -10.00000000
    -45.78595318      0.00000000      0.00000000      0.00000000      0.00000000      0.00000279      1.66336035      0.00000113      0.23342867      3.60279883      1.98015544      0.99981503      0.86569631      0.48748014      0.48748014      0.62011024      0.18925186      1.70000000    -10.00000000
    -45.95317726      0.00000000      0.00000000      0.00000000      0.00000000      0.00000269      1.52756281      0.00000095      0.22581870      3.14094090      1.98031421      0.99981503      0.86482628      0.48756320      0.48756320      0.61948874      0.18421867      1.70000000    -10.00000000
    -46.12040134      0.00000000      0.00000000      0.00000000      0.00000000      0.00000260      1.41946779      0.00000080      0.22090037      2.77252935      1.98047077      0.99981503      0.86395502      0.48764513      0.48764513      0.61895118      0.18093235      1.70000000    -10.00000000
    -46.28762542      0.00000000      0.00000000      0.00000000      0.00000000      0.00000251      1.33468986      0.00000070      0.21778613      2.48629130      1.98062517      0.99981503      0.86308217      0.48772598      0.48772598      0.61841730      0.17883775      1.70000000    -10.00000000
    -46.45484950      0.00000000      0.00000000      0.00000000      0.00000000      0.00000243      1.26815382      0.00000062      0.21572234      2.26605402      1.98077745      0.99981503      0.86220885      0.48780576      0.48780576      0.61788712      0.17744376      1.70000000    -10.00000000
    -46.62207358      0.00000000      0.00000000      0.00000000      0.00000000      0.00000236      1.21536248      0.00000055      0.21417809      2.09632260      1.98092767      0.99981503      0.86133242      0.48788448      0.48788448      0.61736042      0.17639759      1.70000000    -10.00000000
    -46.78929766      0.00000000      0.00000000      0.00000000      0.00000000      0.00000229      1.17277117      0.00000050      0.21282541      1.96437585      1.98107585      0.99981503      0.86046327      0.48796219      0.48796219      0.61683779      0.17547902      1.70000000    -10.00000000
    -46.95652174      0.00000000      0.00000000      0.00000000      0.00000000      0.00000222      1.13773886      0.00000046      0.21148345      1.86050267      1.98122204      0.99981503      0.85958075      0.48803888      0.48803888      0.61631868      0.17456570      1.70000000    -10.00000000
    -47.12374582      0.00000000      0.00000000      0.00000000      0.00000000      0.00000216      1.10834689      0.00000043      0.21006493      1.77753996      1.98136629      0.99981503      0.85870319      0.48811459      0.48811459      0.61580214      0.17359806      1.70000000    -10.00000000
    -47.29096990      0.00000000      0.00000000      0.00000000      0.00000000      0.00000210      1.08321270      0.00000040      0.20853681      1.71027627      1.98150862      0.99981503      0.85782509      0.48818933      0.48818933      0.61529107      0.17255313      1.70000000    -10.00000000
    -47.45819398      0.00000000      0.00000000      0.00000000      0.00000000      0.00000204      1.06133833      0.00000038      0.20689503      1.65492818      1.98164908      0.99981503      0.85694636      0.48826312      0.48826312      0.61496857      0.17142753      1.70000000    -10.00000000
    -47.62541806      0.00000000      0.00000000      0.00000000      0.00000000      0.00000199      1.04199815      0.00000036      0.20514950      1.60873660      1.98178771      0.99981503      0.85606493      0.48833598      0.48833598      0.61427778      0.17022743      1.70000000    -10.00000000
    -47.79264214      0.00000000      0.00000000      0.00000000      0.00000000      0.00000193      1.02465901      0.00000034      0.20331580      1.56967274      1.98192453      0.99981503      0.85518769      0.48840793      0.48840793      0.61377621      0.16896296      1.70000000    -10.00000000
    -47.95986622      0.00000000      0.00000000      0.00000000      0.00000000      0.00000188      1.00892445      0.00000032      0.20141079      1.53622940      1.98205958      0.99981503      0.85430789      0.48847898      0.48847898      0.61327871      0.16764523      1.70000000    -10.00000000
    -48.12709030      0.00000000      0.00000000      0.00000000      0.00000000      0.00000184      0.99449581      0.00000031      0.19945052      1.50727413      1.98219290      0.99981503      0.85342792      0.48854916      0.48854916      0.61278491      0.16628491      1.70000000    -10.00000000
    -48.29431438      0.00000000      0.00000000      0.00000000      0.00000000      0.00000179      0.98114520      0.00000030      0.19744933      1.48194610      1.98232452      0.99981503      0.85254800      0.48861847      0.48861847      0.61231988      0.16489160      1.70000000    -10.00000000
    -48.46153846      0.00000000      0.00000000      0.00000000      0.00000000      0.00000174      0.96869648      0.00000028      0.19541958      1.45958330      1.98245447      0.99981503      0.85166774      0.48868694      0.48868694      0.61180585      0.16347363      1.70000000    -10.00000000
    -48.62876254      0.00000000      0.00000000      0.00000000      0.00000000      0.00000170      0.95701176      0.00000027      0.19337167      1.43967086      1.98258278      0.99981503      0.85078782      0.48875458      0.48875458      0.61131788      0.16203809      1.70000000    -10.00000000
    -48.79598662      0.00000000      0.00000000      0.00000000      0.00000000      0.00000166      0.94598181      0.00000026      0.19131428      1.42180386      1.98270948      0.99981503      0.84990794      0.48882140      0.48882140      0.61084151      0.16059094      1.70000000    -10.00000000
    -48.96321070      0.00000000      0.00000000      0.00000000      0.00000000      0.00000162      0.93551912      0.00000025      0.18925457      1.40566057      1.98283461      0.99981503      0.84902737      0.48888742      0.48888742      0.61036490      0.15913714      1.70000000    -10.00000000
    -49.13043478      0.00000000      0.00000000      0.00000000      0.00000000      0.00000158      0.92555275      0.00000025      0.18719839      1.39098277      1.98295819      0.99981503      0.84814904      0.48895266      0.48895266      0.60989159      0.15768080      1.70000000    -10.00000000
    -49.29765886      0.00000000      0.00000000      0.00000000      0.00000000      0.00000154      0.91602466      0.00000024      0.18515052      1.37756123      1.98308024      0.99981503      0.84727089      0.48901713      0.48901713      0.60941986      0.15622532      1.70000000    -10.00000000
    -49.46488294      0.00000000      0.00000000      0.00000000      0.00000000      0.00000150      0.90688682      0.00000023      0.18311482      1.36522492      1.98320075      0.99981503      0.84639181      0.48908084      0.48908084      0.60896283      0.15477350      1.70000000    -10.00000000
    -49.63210702      0.00000000      0.00000000      0.00000000      0.00000000      0.00000146      0.89809917      0.00000022      0.18109441      1.35383284      1.98331991      0.99981503      0.84532337      0.48914380      0.48914380      0.60848868      0.15332763      1.70000000    -10.00000000
    -49.79933110      0.00000000      0.00000000      0.00000000      0.00000000      0.00000143      0.88962795      0.00000021      0.17909182      1.34326782      1.98343751      0.99981503      0.84463643      0.48920604      0.48920604      0.60802799      0.15188963      1.70000000    -10.00000000
    -49.96655518      0.00000000      0.00000000      0.00000000      0.00000000      0.00000140      0.88144452      0.00000021      0.17710903      1.33343173      1.98355380      0.99981503      0.84375964      0.48926756      0.48926756      0.60756970      0.15046102      1.70000000    -10.00000000
    -50.13377926      0.00000000      0.00000000      0.00000000      0.00000000      0.00000136      0.87352435      0.00000020      0.17514762      1.32424183      1.98366866      0.99981503      0.84288396      0.48932837      0.48932837      0.60711568      0.14904308      1.70000000    -10.00000000
    -50.30100334      0.00000000      0.00000000      0.00000000      0.00000000      0.00000133      0.86584630      0.00000020      0.17320884      1.31562790      1.98378214      0.99981503      0.84200876      0.48938849      0.48938849      0.60666525      0.14763683      1.70000000    -10.00000000
    -50.46822742      0.00000000      0.00000000      0.00000000      0.00000000      0.00000130      0.85839199      0.00000019      0.17129362      1.30752991      1.98389429      0.99981503      0.84113443      0.48944792      0.48944792      0.60621732      0.14624311      1.70000000    -10.00000000
    -50.63545151      0.00000000      0.00000000      0.00000000      0.00000000      0.00000127      0.85114539      0.00000018      0.16940269      1.29989629      1.98400511      0.99981503      0.84026116      0.48950669      0.48950669      0.60577247      0.14486258      1.70000000    -10.00000000
    -50.80267559      0.00000000      0.00000000      0.00000000      0.00000000      0.00000124      0.84409237      0.00000018      0.16753656      1.29268247      1.98411464      0.99981503      0.83926395      0.48956480      0.48956480      0.60533091      0.14349577      1.70000000    -10.00000000
    -50.96989967      0.00000000      0.00000000      0.00000000      0.00000000      0.00000121      0.83722045      0.00000017      0.16569559      1.28584970      1.98422290      0.99981503      0.83851747      0.48962226      0.48962226      0.60489237      0.14214311      1.70000000    -10.00000000
    -51.13712375      0.00000000      0.00000000      0.00000000      0.00000000      0.00000118      0.83051851      0.00000017      0.16388000      1.27936415      1.98432990      0.99981503      0.83764724      0.48967909      0.48967909      0.60445689      0.14080490      1.70000000    -10.00000000
    -51.30434783      0.00000000      0.00000000      0.00000000      0.00000000      0.00000116      0.82397662      0.00000016      0.16208991      1.27319613      1.98443567      0.99981503      0.83677814      0.48973529      0.48973529      0.60416484      0.13948138      1.70000000    -10.00000000
    -51.47157191      0.00000000      0.00000000      0.00000000      0.00000000      0.00000113      0.81758585      0.00000016      0.16032533      1.26731948      1.98454024      0.99981503      0.83591024      0.48979087      0.48979087      0.60359503      0.13817274      1.70000000    -10.00000000
    -51.63879599      0.00000000      0.00000000      0.00000000      0.00000000      0.00000111      0.81133814      0.00000016      0.15858620      1.26171102      1.98464361      0.99981503      0.83504375      0.48984585      0.48984585      0.60316862      0.13687907      1.70000000    -10.00000000
    -51.80602007      0.00000000      0.00000000      0.00000000      0.00000000      0.00000108      0.80522619      0.00000015      0.15687242      1.25635016      1.98474580      0.99981503      0.83417813      0.48990024      0.48990024      0.60276151      0.13560045      1.70000000    -10.00000000
    -51.97324415      0.00000000      0.00000000      0.00000000      0.00000000      0.00000106      0.79924334      0.00000015      0.15518381      1.25121853      1.98484685      0.99981503      0.83331426      0.48995404      0.48995404      0.60232471      0.13433690      1.70000000    -10.00000000
    -52.14046823      0.00000000      0.00000000      0.00000000      0.00000000      0.00000104      0.79338353      0.00000014      0.15352015      1.24629965      1.98494677      0.99981503      0.83245166      0.49000726      0.49000726      0.60190717      0.13308840      1.70000000    -10.00000000
    -52.30769231      0.00000000      0.00000000      0.00000000      0.00000000      0.00000101      0.78764116      0.00000014      0.15188121      1.24157875      1.98504558      0.99981503      0.83159049      0.49005992      0.49005992      0.60149255      0.13185492      1.70000000    -10.00000000
    -52.47491639      0.00000000      0.00000000      0.00000000      0.00000000      0.00000099      0.78201113      0.00000014      0.15026670      1.23704249      1.98514329      0.99981503      0.83073147      0.49011202      0.49011202      0.60108069      0.13063640      1.70000000    -10.00000000
    -52.64214047      0.00000000      0.00000000      0.00000000      0.00000000      0.00000097      0.77648869      0.00000013      0.14867634      1.23267879      1.98523992      0.99981503      0.82987261      0.49016357      0.49016357      0.60067181      0.12943275      1.70000000    -10.00000000
    -52.80936455      0.00000000      0.00000000      0.00000000      0.00000000      0.00000095      0.77106946      0.00000013      0.14710979      1.22847673      1.98533550      0.99981503      0.82901608      0.49021458      0.49021458      0.60026573      0.12824386      1.70000000    -10.00000000
    -52.97658863      0.00000000      0.00000000      0.00000000      0.00000000      0.00000093      0.76574938      0.00000013      0.14556674      1.22442634      1.98543002      0.99981503      0.82816109      0.49026506      0.49026506      0.59986245      0.12706963      1.70000000    -10.00000000
    -53.14381271      0.00000000      0.00000000      0.00000000      0.00000000      0.00000091      0.76052466      0.00000012      0.14404684      1.22051855      1.98552352      0.99981503      0.82730732      0.49031502      0.49031502      0.59946158      0.12590991      1.70000000    -10.00000000
    -53.31103679      0.00000000      0.00000000      0.00000000      0.00000000      0.00000089      0.75539177      0.00000012      0.14254974      1.21674505      1.98561601      0.99981503      0.82645614      0.49036446      0.49036446      0.59906430      0.12476458      1.70000000    -10.00000000
    -53.47826087      0.00000000      0.00000000      0.00000000      0.00000000      0.00000087      0.75034741      0.00000012      0.14107509      1.21309822      1.98570751      0.99981503      0.82560623      0.49041340      0.49041340      0.59866932      0.12363348      1.70000000    -10.00000000
    -53.64548495      0.00000000      0.00000000      0.00000000      0.00000000      0.00000085      0.74538848      0.00000012      0.13962252      1.20957107      1.98579802      0.99981503      0.82475808      0.49046184      0.49046184      0.59827708      0.12251646      1.70000000    -10.00000000
    -53.81270903      0.00000000      0.00000000      0.00000000      0.00000000      0.00000084      0.74051206      0.00000011      0.13819168      1.20615715      1.98588757      0.99981503      0.82391176      0.49050978      0.49050978      0.59788745      0.12141336      1.70000000    -10.00000000
    -53.97993311      0.00000000      0.00000000      0.00000000      0.00000000      0.00000082      0.73571544      0.00000011      0.13678220      1.20285053      1.98597617      0.99981503      0.82306718      0.49055725      0.49055725      0.59750050      0.12032402      1.70000000    -10.00000000
    -54.14715719      0.00000000      0.00000000      0.00000000      0.00000000      0.00000080      0.73099601      0.00000011      0.13539372      1.19964569      1.98606383      0.99981503      0.82222378      0.49060423      0.49060423      0.59711650      0.11924826      1.70000000    -10.00000000
    -54.31438127      0.00000000      0.00000000      0.00000000      0.00000000      0.00000079      0.72635136      0.00000011      0.13402588      1.19653755      1.98615058      0.99981503      0.82138370      0.49065075      0.49065075      0.59673492      0.11818591      1.70000000    -10.00000000
    -54.48160535      0.00000000      0.00000000      0.00000000      0.00000000      0.00000077      0.72177916      0.00000010      0.13267833      1.19352138      1.98623642      0.99981503      0.82054479      0.49069680      0.49069680      0.59635820      0.11713681      1.70000000    -10.00000000
    -54.64882943      0.00000000      0.00000000      0.00000000      0.00000000      0.00000076      0.71727724      0.00000010      0.13135070      1.19059277      1.98632137      0.99981503      0.81970799      0.49074240      0.49074240      0.59597970      0.11610078      1.70000000    -10.00000000
    -54.81605351      0.00000000      0.00000000      0.00000000      0.00000000      0.00000074      0.71284353      0.00000010      0.13004264      1.18774762      1.98640544      0.99981503      0.81887304      0.49078755      0.49078755      0.59563637      0.11507764      1.70000000    -10.00000000
    -54.98327759      0.00000000      0.00000000      0.00000000      0.00000000      0.00000073      0.70847606      0.00000010      0.12875380      1.18498213      1.98648864      0.99981503      0.81803539      0.49083226      0.49083226      0.59523460      0.11406722      1.70000000    -10.00000000
    -55.15050167      0.00000000      0.00000000      0.00000000      0.00000000      0.00000071      0.70417295      0.00000009      0.12748385      1.18229270      1.98657099      0.99981503      0.81720960      0.49087653      0.49087653      0.59486587      0.11306934      1.70000000    -10.00000000
    -55.31772575      0.00000000      0.00000000      0.00000000      0.00000000      0.00000070      0.69993241      0.00000009      0.12623244      1.17967601      1.98665250      0.99981503      0.81638032      0.49092038      0.49092038      0.59449952      0.11208382      1.70000000    -10.00000000
    -55.48494983      0.00000000      0.00000000      0.00000000      0.00000000      0.00000068      0.69575276      0.00000009      0.12499923      1.17712891      1.98673318      0.99981503      0.81552329      0.49096380      0.49096380      0.59413503      0.11111051      1.70000000    -10.00000000
    -55.65217391      0.00000000      0.00000000      0.00000000      0.00000000      0.00000067      0.69163235      0.00000009      0.12378391      1.17464847      1.98681304      0.99981503      0.81472898      0.49100680      0.49100680      0.59377468      0.11014921      1.70000000    -10.00000000
    -55.81939799      0.00000000      0.00000000      0.00000000      0.00000000      0.00000066      0.68756965      0.00000009      0.12258614      1.17223193      1.98689210      0.99981503      0.81390893      0.49104940      0.49104940      0.59341586      0.10919976      1.70000000    -10.00000000
    -55.98662207      0.00000000      0.00000000      0.00000000      0.00000000      0.00000064      0.68356314      0.00000008      0.12140560      1.16987667      1.98697037      0.99981503      0.81308677      0.49109159      0.49109159      0.59305953      0.10826199      1.70000000    -10.00000000
    -56.15384615      0.00000000      0.00000000      0.00000000      0.00000000      0.00000063      0.67961144      0.00000008      0.12024198      1.16758026      1.98704786      0.99981503      0.81227608      0.49113338      0.49113338      0.59271802      0.10733572      1.70000000    -10.00000000
    -56.32107023      0.00000000      0.00000000      0.00000000      0.00000000      0.00000062      0.67571315      0.00000008      0.11909498      1.16534039      1.98712458      0.99981503      0.81145274      0.49117477      0.49117477      0.59234981      0.10642080      1.70000000    -10.00000000
    -56.48829431      0.00000000      0.00000000      0.00000000      0.00000000      0.00000061      0.67186698      0.00000008      0.11796429      1.16315487      1.98720054      0.99981503      0.81063817      0.49121578      0.49121578      0.59200521      0.10551705      1.70000000    -10.00000000
    -56.65551839      0.00000000      0.00000000      0.00000000      0.00000000      0.00000060      0.66807167      0.00000008      0.11684962      1.16102164      1.98727575      0.99981503      0.80982494      0.49125641      0.49125641      0.59165778      0.10462431      1.70000000    -10.00000000
    -56.82274247      0.00000000      0.00000000      0.00000000      0.00000000      0.00000059      0.66432600      0.00000008      0.11575067      1.15893875      1.98735022      0.99981503      0.80901735      0.49129666      0.49129666      0.59131323      0.10374242      1.70000000    -10.00000000
    -56.98996656      0.00000000      0.00000000      0.00000000      0.00000000      0.00000057      0.66062882      0.00000007      0.11466717      1.15690436      1.98742397      0.99981503      0.80821021      0.49133654      0.49133654      0.59097094      0.10287122      1.70000000    -10.00000000
    -57.15719064      0.00000000      0.00000000      0.00000000      0.00000000      0.00000056      0.65697901      0.00000007      0.11359882      1.15491672      1.98749701      0.99981503      0.80740567      0.49137606      0.49137606      0.59063081      0.10201055      1.70000000    -10.00000000
    -57.32441472      0.00000000      0.00000000      0.00000000      0.00000000      0.00000055      0.65337549      0.00000007      0.11254537      1.15297415      1.98756933      0.99981503      0.80660311      0.49141521      0.49141521      0.59029323      0.10116025      1.70000000    -10.00000000
    -57.49163880      0.00000000      0.00000000      0.00000000      0.00000000      0.00000054      0.64981722      0.00000007      0.11150653      1.15107509      1.98764096      0.99981503      0.80580263      0.49145400      0.49145400      0.58995776      0.10032017      1.70000000    -10.00000000
    -57.65886288      0.00000000      0.00000000      0.00000000      0.00000000      0.00000053      0.64630321      0.00000007      0.11048204      1.14921803      1.98771191      0.99981503      0.80500533      0.49149245      0.49149245      0.58962451      0.09949017      1.70000000    -10.00000000
    -57.82608696      0.00000000      0.00000000      0.00000000      0.00000000      0.00000052      0.64283248      0.00000007      0.10947166      1.14740155      1.98778217      0.99981503      0.80410520      0.49153055      0.49153055      0.58929346      0.09867008      1.70000000    -10.00000000
    -57.99331104      0.00000000      0.00000000      0.00000000      0.00000000      0.00000051      0.63940410      0.00000007      0.10847512      1.14562428      1.98785177      0.99981503      0.80341673      0.49156830      0.49156830      0.58896476      0.09785977      1.70000000    -10.00000000
    -58.16053512      0.00000000      0.00000000      0.00000000      0.00000000      0.00000051      0.63601717      0.00000006      0.10749218      1.14388493      1.98792071      0.99981503      0.80263563      0.49160572      0.49160572      0.58863793      0.09705908      1.70000000    -10.00000000
    -58.32775920      0.00000000      0.00000000      0.00000000      0.00000000      0.00000050      0.63267082      0.00000006      0.10652259      1.14218227      1.98798900      0.99981503      0.80183773      0.49164280      0.49164280      0.58831294      0.09626788      1.70000000    -10.00000000
    -58.49498328      0.00000000      0.00000000      0.00000000      0.00000000      0.00000049      0.62936421      0.00000006      0.10556612      1.14051511      1.98805665      0.99981503      0.80105177      0.49167956      0.49167956      0.58799157      0.09548603      1.70000000    -10.00000000
    -58.66220736      0.00000000      0.00000000      0.00000000      0.00000000      0.00000048      0.62609652      0.00000006      0.10462253      1.13888234      1.98812366      0.99981503      0.80026795      0.49171599      0.49171599      0.58767073      0.09471338      1.70000000    -10.00000000
    -58.82943144      0.00000000      0.00000000      0.00000000      0.00000000      0.00000047      0.62286696      0.00000006      0.10369160      1.13728287      1.98819006      0.99981503      0.79948682      0.49175211      0.49175211      0.58735260      0.09394980      1.70000000    -10.00000000
    -58.99665552      0.00000000      0.00000000      0.00000000      0.00000000      0.00000046      0.61967476      0.00000006      0.10277311      1.13571568      1.98825583      0.99981503      0.79870844      0.49178791      0.49178791      0.58703656      0.09319515      1.70000000    -10.00000000
    -59.16387960      0.00000000      0.00000000      0.00000000      0.00000000      0.00000045      0.61651919      0.00000006      0.10186683      1.13417978      1.98832100      0.99981503      0.79793230      0.49182339      0.49182339      0.58677508      0.09244931      1.70000000    -10.00000000
    -59.33110368      0.00000000      0.00000000      0.00000000      0.00000000      0.00000045      0.61339952      0.00000006      0.10097256      1.13267423      1.98838558      0.99981503      0.79715851      0.49185857      0.49185857      0.58641066      0.09171215      1.70000000    -10.00000000
    -59.49832776      0.00000000      0.00000000      0.00000000      0.00000000      0.00000044      0.61031507      0.00000006      0.10009007      1.13119813      1.98844956      0.99981503      0.79638717      0.49189345      0.49189345      0.58610043      0.09098353      1.70000000    -10.00000000
    -59.66555184      0.00000000      0.00000000      0.00000000      0.00000000      0.00000043      0.60726514      0.00000005      0.09921918      1.12975060      1.98851295      0.99981503      0.79561830      0.49192802      0.49192802      0.58579249      0.09026333      1.70000000    -10.00000000
    -59.83277592      0.00000000      0.00000000      0.00000000      0.00000000      0.00000042      0.60424909      0.00000005      0.09835967      1.12833083      1.98857577      0.99981503      0.79485180      0.49196230      0.49196230      0.58548664      0.08955142      1.70000000    -10.00000000
    -60.00000000      0.00000000      0.00000000      0.00000000      0.00000000      0.00000042      0.60126628      0.00000005      0.09751135      1.12693801      1.98863802      0.99981503      0.79408798      0.49199629      0.49199629      0.58518252      0.08884769      1.70000000    -10.00000000
