    -10.00000000     -0.00000000     -0.00000000      0.00000000      0.00000000      0.03438786      0.00000137      0.01289464      0.00000000      1.09595413      0.00000000      0.99983908      0.50001991      0.50002603      0.50002603      0.49999697      0.00000000      5.20000000    -10.00000000
     -9.83277592     -0.00000000     -0.00000000      0.00000000      0.00000000      0.03428722      0.01997097      0.01287266      0.00011048      1.09729711      0.00000000      0.99983908      0.50018197      0.49989257      0.49989257      0.50010322      0.00011047      5.20000000    -10.00000000
     -9.66555184     -0.00000000     -0.00000000      0.00000000      0.00000000      0.03431223      0.03989576      0.01285396      0.00044187      1.09490417      0.00000000      0.99983908      0.50070729      0.49978929      0.49978929      0.50059261      0.00044168      5.20000000    -10.00000000
     -9.49832776     -0.00000000     -0.00000000      0.00000000      0.00000000      0.03436306      0.05963269      0.01282295      0.00099107      1.09064680      0.00000000      0.99983908      0.50215478      0.49968663      0.49968663      0.50065198      0.00099009      5.20000000    -10.00000000
     -9.33110368     -0.00000000     -0.00000000      0.00000000      0.00000000      0.03443019      0.07912057      0.01277972      0.00175400      1.08485050      0.00000000      0.99983908      0.50240399      0.49958200      0.49958200      0.50051837      0.00175093      5.20000000    -10.00000000
     -9.16387960     -0.00000000     -0.00000000      0.00000000      0.00000000      0.03451299      0.09828519      0.01272443      0.00272492      1.07756642      0.00000000      0.99983908      0.50194793      0.49948387      0.49948387      0.50046523      0.00271751      5.20000000    -10.00000000
     -8.99665552     -0.00000000     -0.00000000      0.00000000      0.00000000      0.03461170      0.11705107      0.01265732      0.00389642      1.06882600      0.00000000      0.99983908      0.50180263      0.49938296      0.49938296      0.50044238      0.00388129      5.20000000    -10.00000000
     -8.82943144     -0.00000000     -0.00000000      0.00000000      0.00000000      0.03472655      0.13534342      0.01257863      0.00525940      1.05866859      0.00000000      0.99983908      0.50173398      0.49928990      0.49928990      0.50042225      0.00523188      5.20000000    -10.00000000
     -8.66220736     -0.00000000     -0.00000000      0.00000000      0.00000000      0.03485763      0.15308966      0.01248869      0.00680309      1.04714553      0.00000000      0.99983908      0.50170895      0.49920174      0.49920174      0.50041148      0.00675712      5.20000000    -10.00000000
     -8.49498328     -0.00000000     -0.00000000      0.00000000      0.00000000      0.03500490      0.17022040      0.01238782      0.00851511      1.03431869      0.00000000      0.99983908      0.50166769      0.49910703      0.49910703      0.50040231      0.00844322      5.20000000    -10.00000000
     -8.32775920     -0.00000000     -0.00000000      0.00000000      0.00000000      0.03516822      0.18667013      0.01227644      0.01038152      1.02025845      0.00000000      0.99983908      0.50164810      0.49901794      0.49901794      0.50039210      0.01027485      5.20000000    -10.00000000
     -8.16053512     -0.00000000     -0.00000000      0.00000000      0.00000000      0.03534740      0.20237772      0.01215496      0.01238690      1.00504191      0.00000000      0.99983908      0.50159410      0.49893372      0.49893372      0.50038019      0.01223534      5.20000000    -10.00000000
     -7.99331104     -0.00000000     -0.00000000      0.00000000      0.00000000      0.03554222      0.21728670      0.01202385      0.01451445      0.98875152      0.00000000      0.99983908      0.50155240      0.49885937      0.49885937      0.50036348      0.01430680      5.20000000    -10.00000000
     -7.82608696     -0.00000000     -0.00000000      0.00000000      0.00000000      0.03575238      0.23134541      0.01188360      0.01674604      0.97147377      0.00000000      0.99983908      0.50149615      0.49878688      0.49878688      0.50038805      0.01647023      5.20000000    -10.00000000
     -7.65886288     -0.00000000     -0.00000000      0.00000000      0.00000000      0.03597761      0.24450705      0.01173472      0.01906231      0.95329809      0.00000000      0.99983908      0.50140458      0.49872062      0.49872062      0.50031719      0.01870574      5.20000000    -10.00000000
     -7.49163880     -0.00000000     -0.00000000      0.00000000      0.00000000      0.03621755      0.25672968      0.01157776      0.02144272      0.93431578      0.00000000      0.99983908      0.50125080      0.49866196      0.49866196      0.50028363      0.02099259      5.20000000    -10.00000000
     -7.32441472     -0.00000000     -0.00000000      0.00000000      0.00000000      0.03647184      0.26797621      0.01141326      0.02386568      0.91461904      0.00000000      0.99983908      0.50101317      0.49860636      0.49860636      0.50023983      0.02330938      5.20000000    -10.00000000
     -7.15719064     -0.00000000     -0.00000000      0.00000000      0.00000000      0.03674009      0.27821432      0.01124179      0.02630857      0.89430003      0.00000000      0.99983908      0.50066440      0.49856033      0.49856033      0.50020116      0.02563417      5.20000000    -10.00000000
     -6.98996656     -0.00000000     -0.00000000      0.00000000      0.00000000      0.03702188      0.28741641      0.01106390      0.02874793      0.87345008      0.00000000      0.99983908      0.49984457      0.49852007      0.49852007      0.50013950      0.02794458      5.20000000    -10.00000000
     -6.82274247     -0.00000000     -0.00000000      0.00000000      0.00000000      0.03731674      0.29555947      0.01088018      0.03115952      0.85215886      0.00000000      0.99983908      0.50000211      0.49848924      0.49848924      0.50001948      0.03021794      5.20000000    -10.00000000
     -6.65551839     -0.00000000     -0.00000000      0.00000000      0.00000000      0.03762421      0.30262497      0.01069119      0.03351847      0.83051377      0.00000000      0.99983908      0.50010271      0.49846550      0.49846550      0.50000686      0.03243142      5.20000000    -10.00000000
     -6.48829431     -0.00000000     -0.00000000      0.00000000      0.00000000      0.03794375      0.30859914      0.01049749      0.03579955      0.80859926      0.00000000      0.99983908      0.50015400      0.49845017      0.49845017      0.49991904      0.03456224      5.20000000    -10.00000000
     -6.32107023     -0.00000000     -0.00000000      0.00000000      0.00000000      0.03827484      0.31347166      0.01029964      0.03797706      0.78649639      0.00000000      0.99983908      0.50014790      0.49844483      0.49844483      0.49982307      0.03658757      5.20000000    -10.00000000
     -6.15384615     -0.00000000     -0.00000000      0.00000000      0.00000000      0.03861691      0.31723642      0.01009818      0.04002523      0.76428231      0.00000000      0.99983908      0.50007727      0.49844665      0.49844665      0.49980248      0.03848486      5.20000000    -10.00000000
     -5.98662207     -0.00000000     -0.00000000      0.00000000      0.00000000      0.03896937      0.31989156      0.00989365      0.04191849      0.74202999      0.00000000      0.99983908      0.49996418      0.49845801      0.49845801      0.49959315      0.04023202      5.20000000    -10.00000000
     -5.81939799     -0.00000000     -0.00000000      0.00000000      0.00000000      0.03933159      0.32143843      0.00968657      0.04363154      0.71980790      0.00000000      0.99983908      0.49977023      0.49847969      0.49847969      0.49946940      0.04180742      5.20000000    -10.00000000
     -5.65217391     -0.00000000     -0.00000000      0.00000000      0.00000000      0.03970293      0.32188176      0.00947743      0.04513964      0.69767980      0.00000000      0.99983908      0.49957788      0.49851058      0.49851058      0.49929618      0.04319006      5.20000000    -10.00000000
     -5.48494983     -0.00000000     -0.00000000      0.00000000      0.00000000      0.04008272      0.32122932      0.00926672      0.04641891      0.67570463      0.00000000      0.99983908      0.49927399      0.49855166      0.49855166      0.49912464      0.04435978      5.20000000    -10.00000000
     -5.31772575     -0.00000000     -0.00000000      0.00000000      0.00000000      0.04047027      0.31949175      0.00905490      0.04744662      0.65393646      0.00000000      0.99983908      0.49898910      0.49860330      0.49860330      0.49892371      0.04529741      5.20000000    -10.00000000
     -5.15050167     -0.00000000     -0.00000000      0.00000000      0.00000000      0.04086487      0.31668224      0.00884241      0.04820147      0.63242445      0.00000000      0.99983908      0.49861890      0.49866590      0.49866590      0.49865716      0.04598493      5.20000000    -10.00000000
     -4.98327759     -0.00000000     -0.00000000      0.00000000      0.00000000      0.04126577      0.31281627      0.00862967      0.04866398      0.61121292      0.00000000      0.99983908      0.49816455      0.49873930      0.49873930      0.49840686      0.04640570      5.20000000    -10.00000000
     -4.81605351     -0.00000000     -0.00000000      0.00000000      0.00000000      0.04167222      0.30791141      0.00841709      0.04881686      0.59034143      0.00000000      0.99983908      0.49770155      0.49882409      0.49882409      0.49829435      0.04654469      5.20000000    -10.00000000
     -4.64882943     -0.00000000     -0.00000000      0.00000000      0.00000000      0.04208345      0.30198708      0.00820502      0.04864537      0.56984492      0.00000000      0.99983908      0.49721866      0.49891928      0.49891928      0.49816805      0.04638877      5.20000000    -10.00000000
     -4.48160535     -0.00000000     -0.00000000      0.00000000      0.00000000      0.04249865      0.29506425      0.00799384      0.04813781      0.54975391      0.00000000      0.99983908      0.49665090      0.49902778      0.49902778      0.49793728      0.04592699      5.20000000    -10.00000000
     -4.31438127     -0.00000000     -0.00000000      0.00000000      0.00000000      0.04291702      0.28716530      0.00778386      0.04728594      0.53009463      0.00000000      0.99983908      0.49603866      0.49914702      0.49914702      0.49782335      0.04515093      5.20000000    -10.00000000
     -4.14715719     -0.00000000     -0.00000000      0.00000000      0.00000000      0.04333773      0.27831378      0.00757539      0.04608548      0.51088929      0.00000000      0.99983908      0.49537948      0.49927950      0.49927950      0.49762946      0.04405518      5.20000000    -10.00000000
     -3.97993311     -0.00000000     -0.00000000      0.00000000      0.00000000      0.04375992      0.26853422      0.00736871      0.04453667      0.49215632      0.00000000      0.99983908      0.49466950      0.49942178      0.49942178      0.49745928      0.04263772      5.20000000    -10.00000000
     -3.81270903     -0.00000000     -0.00000000      0.00000000      0.00000000      0.04418275      0.25785193      0.00716409      0.04264478      0.47391055      0.00000000      0.99983908      0.49385961      0.49957710      0.49957710      0.49718862      0.04090059      5.20000000    -10.00000000
     -3.64548495     -0.00000000     -0.00000000      0.00000000      0.00000000      0.04460533      0.24629287      0.00696176      0.04042077      0.45616355      0.00000000      0.99983908      0.49310708      0.49974447      0.49974447      0.49694200      0.03885041      5.20000000    -10.00000000
     -3.47826087     -0.00000000     -0.00000000      0.00000000      0.00000000      0.04502677      0.23388343      0.00676195      0.03788186      0.43892379      0.00000000      0.99983908      0.49225909      0.49992487      0.49992487      0.49667684      0.03649920      5.20000000    -10.00000000
     -3.31103679     -0.00000000     -0.00000000      0.00000000      0.00000000      0.04544618      0.22065036      0.00656484      0.03505223      0.42219696      0.00000000      0.99983908      0.49135476      0.50011595      0.50011595      0.49639577      0.03386518      5.20000000    -10.00000000
     -3.14381271     -0.00000000     -0.00000000      0.00000000      0.00000000      0.04586264      0.20662054      0.00637063      0.03196371      0.40598618      0.00000000      0.99983908      0.49040845      0.50031976      0.50031976      0.49609784      0.03097368      5.20000000    -10.00000000
     -2.97658863     -0.00000000     -0.00000000      0.00000000      0.00000000      0.04627523      0.19182093      0.00617946      0.02865653      0.39029222      0.00000000      0.99983908      0.48942070      0.50053672      0.50053672      0.49578311      0.02785821      5.20000000    -10.00000000
     -2.80936455     -0.00000000     -0.00000000      0.00000000      0.00000000      0.04668303      0.17627841      0.00599148      0.02518006      0.37511379      0.00000000      0.99983908      0.48838612      0.50076489      0.50076489      0.49545864      0.02456160      5.20000000    -10.00000000
     -2.64214047     -0.00000000     -0.00000000      0.00000000      0.00000000      0.04708510      0.16001970      0.00580681      0.02159366      0.36044766      0.00000000      0.99983908      0.48731204      0.50100611      0.50100611      0.49510633      0.02113723      5.20000000    -10.00000000
     -2.47491639     -0.00000000     -0.00000000      0.00000000      0.00000000      0.04748052      0.14307122      0.00562556      0.01796749      0.34628897      0.00000000      0.99983908      0.48619731      0.50125763      0.50125763      0.49474406      0.01765036      5.20000000    -10.00000000
     -2.30769231     -0.00000000     -0.00000000      0.00000000      0.00000000      0.04786834      0.12545907      0.00544783      0.01438343      0.33263136      0.00000000      0.99983908      0.48504924      0.50152116      0.50152116      0.49447436      0.01417948      5.20000000    -10.00000000
     -2.14046823     -0.00000000     -0.00000000      0.00000000      0.00000000      0.04824764      0.10720889      0.00527369      0.01093596      0.31946718      0.00000000      0.99983908      0.48394337      0.50179669      0.50179669      0.49396118      0.01081766      5.20000000    -10.00000000
     -1.97324415     -0.00000000     -0.00000000      0.00000000      0.00000000      0.04861750      0.08834586      0.00510320      0.00773314      0.30678766      0.00000000      0.99983908      0.48266626      0.50208574      0.50208574      0.49354651      0.00767380      5.20000000    -10.00000000
     -1.80602007     -0.00000000     -0.00000000      0.00000000      0.00000000      0.04897701      0.06889459      0.00493642      0.00489761      0.29458307      0.00000000      0.99983908      0.48126066      0.50238266      0.50238266      0.49314729      0.00487374      5.20000000    -10.00000000
     -1.63879599     -0.00000000     -0.00000000      0.00000000      0.00000000      0.04932525      0.04887911      0.00477338      0.00256757      0.28284289      0.00000000      0.99983908      0.47988360      0.50269979      0.50269979      0.49271259      0.00256100      5.20000000    -10.00000000
     -1.47157191     -0.00000000     -0.00000000      0.00000000      0.00000000      0.04966136      0.02832283      0.00461413      0.00089792      0.27155591      0.00000000      0.99983908      0.47841679      0.50301346      0.50301346      0.49226376      0.00089711      5.20000000    -10.00000000
     -1.30434783     -0.00000000     -0.00000000      0.00000000      0.00000000      0.04998445      0.00724849      0.00445867      0.00006126      0.26071041      0.00000000      0.99983908      0.47695377      0.50334430      0.50334430      0.49180374      0.00006125      5.20000000    -10.00000000
     -1.13712375     -0.00000000     -0.00000000      0.00000000      0.00000000      0.05029368     -0.01432183      0.00430701      0.00024910      0.25029423      0.00000000      0.99983908      0.47543726      0.50368443      0.50368443      0.49133038      0.00024903      5.20000000    -10.00000000
     -0.96989967     -0.00000000     -0.00000000      0.00000000      0.00000000      0.05058822     -0.03636675      0.00415916      0.00167296      0.24029489      0.00000000      0.99983908      0.47388497      0.50403486      0.50403486      0.49084501      0.00167017      5.20000000    -10.00000000
     -0.80267559     -0.00000000     -0.00000000      0.00000000      0.00000000      0.05086727     -0.05886557      0.00401511      0.00456559      0.23069970      0.00000000      0.99983908      0.47229880      0.50439421      0.50439421      0.49034898      0.00454484      5.20000000    -10.00000000
     -0.63545151     -0.00000000     -0.00000000      0.00000000      0.00000000      0.05113006     -0.08179833      0.00387484      0.00918216      0.22149584      0.00000000      0.99983908      0.47067819      0.50476297      0.50476297      0.48984181      0.00909862      5.20000000    -10.00000000
     -0.46822742     -0.00000000     -0.00000000      0.00000000      0.00000000      0.05137585     -0.10514575      0.00373833      0.01580149      0.21267041      0.00000000      0.99983908      0.46902486      0.50514094      0.50514094      0.48929065      0.01555568      5.20000000    -10.00000000
     -0.30100334     -0.00000000     -0.00000000      0.00000000      0.00000000      0.05160393     -0.12888926      0.00360556      0.02472731      0.20421053      0.00000000      0.99983908      0.46734809      0.50552919      0.50552919      0.48880181      0.02413062      5.20000000    -10.00000000
     -0.13377926     -0.00000000     -0.00000000      0.00000000      0.00000000      0.05181361     -0.15301097      0.00347649      0.03628955      0.19610339      0.00000000      0.99983908      0.46562220      0.50592138      0.50592138      0.48827558      0.03501873      5.20000000    -10.00000000
      0.03344482     -0.00000000     -0.00000000      0.00000000      0.00000000      0.05200428     -0.17749369      0.00335108      0.05084560      0.18833628      0.00000000      0.99983908      0.46387657      0.50632021      0.50632021      0.48775056      0.04838541      5.20000000    -10.00000000
      0.20066890     -0.00000000     -0.00000000      0.00000000      0.00000000      0.05217531     -0.20232089      0.00322929      0.06878162      0.18089666      0.00000000      0.99983908      0.46210068      0.50672737      0.50672737      0.48716402      0.06435517      5.20000000    -10.00000000
      0.36789298     -0.00000000     -0.00000000      0.00000000      0.00000000      0.05232617     -0.22747670      0.00311108      0.09051385      0.17377220      0.00000000      0.99983908      0.46042989      0.50713949      0.50713949      0.48657125      0.08300110      5.20000000    -10.00000000
      0.53511706     -0.00000000     -0.00000000      0.00000000      0.00000000      0.05245634     -0.25294588      0.00299639      0.11648990      0.16695079      0.00000000      0.99983908      0.45847648      0.50755868      0.50755868      0.48597040      0.10433583      5.20000000    -10.00000000
      0.70234114     -0.00000000     -0.00000000      0.00000000      0.00000000      0.05256534     -0.27871381      0.00288517      0.14719004      0.16042058      0.00000000      0.99983908      0.45662933      0.50798269      0.50798269      0.48537747      0.12830484      5.20000000    -10.00000000
      0.86956522     -0.00000000     -0.00000000      0.00000000      0.00000000      0.05265276     -0.30476645      0.00277736      0.18312850      0.15417001      0.00000000      0.99983908      0.45475634      0.50841129      0.50841129      0.48477364      0.15478327      5.20000000    -10.00000000
      1.03678930     -0.00000000     -0.00000000      0.00000000      0.00000000      0.05271823     -0.33109034      0.00267292      0.22485470      0.14818784      0.00000000      0.99983908      0.45290880      0.50884676      0.50884676      0.48416016      0.18357663      5.20000000    -10.00000000
      1.20401338     -0.00000000     -0.00000000      0.00000000      0.00000000      0.05276143     -0.35767254      0.00257176      0.27295449      0.14246312      0.00000000      0.99983908      0.45112117      0.50927882      0.50927882      0.48353976      0.21442596      5.20000000    -10.00000000
      1.37123746     -0.00000000     -0.00000000      0.00000000      0.00000000      0.05278208     -0.38450063      0.00247384      0.32805126      0.13698528      0.00000000      0.99983908      0.44902341      0.50971798      0.50971798      0.48291496      0.24701702      5.20000000    -10.00000000
      1.53846154     -0.00000000     -0.00000000      0.00000000      0.00000000      0.05277998     -0.41156266      0.00237910      0.39080706      0.13174406      0.00000000      0.99983908      0.44708918      0.51015890      0.51015890      0.48228337      0.28099301      5.20000000    -10.00000000
      1.70568562     -0.00000000     -0.00000000      0.00000000      0.00000000      0.05275496     -0.43884715      0.00228746      0.46192350      0.12672959      0.00000000      0.99983908      0.44513245      0.51060130      0.51060130      0.48165130      0.31596968      5.20000000    -10.00000000
      1.87290970     -0.00000000     -0.00000000      0.00000000      0.00000000      0.05270690     -0.46634304      0.00219886      0.54214267      0.12193234      0.00000000      0.99983908      0.44316467      0.51104458      0.51104458      0.48101277      0.35155156      5.20000000    -10.00000000
      2.04013378     -0.00000000     -0.00000000      0.00000000      0.00000000      0.05263576     -0.49403967      0.00211325      0.63224770      0.11734319      0.00000000      0.99983908      0.44118956      0.51148836      0.51148836      0.48037373      0.38734789      5.20000000    -10.00000000
      2.20735786     -0.00000000     -0.00000000      0.00000000      0.00000000      0.05254153     -0.52192682      0.00203055      0.73306336      0.11295338      0.00000000      0.99983908      0.43919974      0.51193245      0.51193245      0.47973437      0.42298705      5.20000000    -10.00000000
      2.37458194     -0.00000000     -0.00000000      0.00000000      0.00000000      0.05242426     -0.54999467      0.00195070      0.84545634      0.10875451      0.00000000      0.99983908      0.43721351      0.51237450      0.51237450      0.47909010      0.45812861      5.20000000    -10.00000000
      2.54180602     -0.00000000     -0.00000000      0.00000000      0.00000000      0.05228402     -0.57823388      0.00187365      0.97033552      0.10473857      0.00000000      0.99983908      0.43522762      0.51281553      0.51281553      0.47844697      0.49247223      5.20000000    -10.00000000
      2.70903010     -0.00000000     -0.00000000      0.00000000      0.00000000      0.05212094     -0.60663565      0.00179931      1.10865216      0.10089788      0.00000000      0.99983908      0.43321782      0.51325511      0.51325511      0.47780379      0.52576341      5.20000000    -10.00000000
      2.87625418     -0.00000000     -0.00000000      0.00000000      0.00000000      0.05193518     -0.63519177      0.00172763      1.26140021      0.09722508      0.00000000      0.99983908      0.43121775      0.51369186      0.51369186      0.47716164      0.55779610      5.20000000    -10.00000000
      3.04347826     -0.00000000     -0.00000000      0.00000000      0.00000000      0.05172692     -0.66389472      0.00165855      1.42961691      0.09371309      0.00000000      0.99983908      0.42936610      0.51412445      0.51412445      0.47652100      0.58841248      5.20000000    -10.00000000
      3.21070234     -0.00000000     -0.00000000      0.00000000      0.00000000      0.05149639     -0.69273773      0.00159199      1.61438361      0.09035505      0.00000000      0.99983908      0.42722571      0.51455597      0.51455597      0.47588430      0.61750066      5.20000000    -10.00000000
      3.37792642     -0.00000000     -0.00000000      0.00000000      0.00000000      0.05124382     -0.72171469      0.00152789      1.81682680      0.08714432      0.00000000      0.99983908      0.42522791      0.51497943      0.51497943      0.47524618      0.64499060      5.20000000    -10.00000000
      3.54515050     -0.00000000     -0.00000000      0.00000000      0.00000000      0.05096951     -0.75082012      0.00146618      2.03811914      0.08407439      0.00000000      0.99983908      0.42327864      0.51540200      0.51540200      0.47463573      0.67084898      5.20000000    -10.00000000
      3.71237458     -0.00000000     -0.00000000      0.00000000      0.00000000      0.05067377     -0.78004902      0.00140677      2.27948013      0.08113897      0.00000000      0.99983908      0.42125782      0.51581771      0.51581771      0.47398292      0.69507362      5.20000000    -10.00000000
      3.87959866     -0.00000000     -0.00000000      0.00000000      0.00000000      0.05035700     -0.80939669      0.00134962      2.54217638      0.07833190      0.00000000      0.99983908      0.41928704      0.51622764      0.51622764      0.47335916      0.71768769      5.20000000    -10.00000000
      4.04682274     -0.00000000     -0.00000000      0.00000000      0.00000000      0.05001963     -0.83885858      0.00129463      2.82752119      0.07564725      0.00000000      0.99983908      0.41748769      0.51663117      0.51663117      0.47273906      0.73873430      5.20000000    -10.00000000
      4.21404682     -0.00000000     -0.00000000      0.00000000      0.00000000      0.04966215     -0.86843023      0.00124174      3.13687399      0.07307929      0.00000000      0.99983908      0.41537515      0.51702856      0.51702856      0.47212621      0.75827158      5.20000000    -10.00000000
      4.38127090     -0.00000000     -0.00000000      0.00000000      0.00000000      0.04928511     -0.89810723      0.00119089      3.47163944      0.07062253      0.00000000      0.99983908      0.41343740      0.51742035      0.51742035      0.47151633      0.77636837      5.20000000    -10.00000000
      4.54849498     -0.00000000     -0.00000000      0.00000000      0.00000000      0.04888910     -0.92788523      0.00114200      3.83326663      0.06827175      0.00000000      0.99983908      0.41151776      0.51780263      0.51780263      0.47091423      0.79310059      5.20000000    -10.00000000
      4.71571906     -0.00000000     -0.00000000      0.00000000      0.00000000      0.04847473     -0.95775994      0.00109500      4.22324823      0.06602193      0.00000000      0.99983908      0.40961225      0.51817793      0.51817793      0.47031920      0.80854825      5.20000000    -10.00000000
      4.88294314     -0.00000000     -0.00000000      0.00000000      0.00000000      0.04804268     -0.98772720      0.00104984      4.64311953      0.06386835      0.00000000      0.99983908      0.40771959      0.51854214      0.51854214      0.46973175      0.82279305      5.20000000    -10.00000000
      5.05016722     -0.00000000     -0.00000000      0.00000000      0.00000000      0.04759361     -1.01778296      0.00100646      5.09445729      0.06180647      0.00000000      0.99983908      0.40584719      0.51889667      0.51889667      0.46915239      0.83591648      5.20000000    -10.00000000
      5.21739130     -0.00000000     -0.00000000      0.00000000      0.00000000      0.04712823     -1.04792334      0.00096478      5.57887828      0.05983202      0.00000000      0.99983908      0.40387645      0.51924280      0.51924280      0.46858096      0.84799840      5.20000000    -10.00000000
      5.38461538     -0.00000000     -0.00000000      0.00000000      0.00000000      0.04664727     -1.07814458      0.00092475      6.09803752      0.05794092      0.00000000      0.99983908      0.40219153      0.51957974      0.51957974      0.46801830      0.85911599      5.20000000    -10.00000000
      5.55183946     -0.00000000     -0.00000000      0.00000000      0.00000000      0.04615147     -1.10844308      0.00088631      6.65362619      0.05612934      0.00000000      0.99983908      0.40033462      0.51990714      0.51990714      0.46747111      0.86934298      5.20000000    -10.00000000
      5.71906355     -0.00000000     -0.00000000      0.00000000      0.00000000      0.04564158     -1.13881541      0.00084942      7.24736920      0.05439360      0.00000000      0.99983908      0.39854881      0.52022464      0.52022464      0.46692229      0.87874921      5.20000000    -10.00000000
      5.88628763     -0.00000000     -0.00000000      0.00000000      0.00000000      0.04511837     -1.16925827      0.00081400      7.88102257      0.05273025      0.00000000      0.99983908      0.39677004      0.52053207      0.52053207      0.46638907      0.88740035      5.20000000    -10.00000000
      6.05351171     -0.00000000     -0.00000000      0.00000000      0.00000000      0.04458261     -1.19976850      0.00078002      8.55637009      0.05113601      0.00000000      0.99983908      0.39500049      0.52082905      0.52082905      0.46586675      0.89535776      5.20000000    -10.00000000
      6.22073579     -0.00000000     -0.00000000      0.00000000      0.00000000      0.04403508     -1.23034309      0.00074741      9.27522062      0.04960777      0.00000000      0.99983908      0.39332597      0.52111549      0.52111549      0.46535261      0.90267849      5.20000000    -10.00000000
      6.38795987     -0.00000000     -0.00000000      0.00000000      0.00000000      0.04347657     -1.26097916      0.00071614     10.03940391      0.04814258      0.00000000      0.99983908      0.39168678      0.52139136      0.52139136      0.46484889      0.90941540      5.20000000    -10.00000000
      6.55518395     -0.00000000     -0.00000000      0.00000000      0.00000000      0.04290787     -1.29167398      0.00068614     10.85076696      0.04673765      0.00000000      0.99983908      0.39005492      0.52165594      0.52165594      0.46446537      0.91561728      5.20000000    -10.00000000
      6.72240803     -0.00000000     -0.00000000      0.00000000      0.00000000      0.04232975     -1.32242493      0.00065739     11.71116970      0.04539032      0.00000000      0.99983908      0.38844614      0.52191018      0.52191018      0.46387996      0.92132903      5.20000000    -10.00000000
      6.88963211     -0.00000000     -0.00000000      0.00000000      0.00000000      0.04174301     -1.35322952      0.00062982     12.62248030      0.04409809      0.00000000      0.99983908      0.38686366      0.52215314      0.52215314      0.46341298      0.92659193      5.20000000    -10.00000000
      7.05685619     -0.00000000     -0.00000000      0.00000000      0.00000000      0.04114843     -1.38408538      0.00060340     13.58657012      0.04285855      0.00000000      0.99983908      0.38531429      0.52238474      0.52238474      0.46296096      0.93144379      5.20000000    -10.00000000
      7.22408027     -0.00000000     -0.00000000      0.00000000      0.00000000      0.04054677     -1.41499026      0.00057808     14.60530830      0.04166944      0.00000000      0.99983908      0.38378917      0.52260529      0.52260529      0.46251320      0.93591924      5.20000000    -10.00000000
      7.39130435     -0.00000000     -0.00000000      0.00000000      0.00000000      0.03993881     -1.44594199      0.00055382     15.68055577      0.04052862      0.00000000      0.99983908      0.38229855      0.52281471      0.52281471      0.46208142      0.94004996      5.20000000    -10.00000000
      7.55852843     -0.00000000     -0.00000000      0.00000000      0.00000000      0.03932529     -1.47693855      0.00053059     16.81415883      0.03943403      0.00000000      0.99983908      0.38083546      0.52301272      0.52301272      0.46166175      0.94386488      5.20000000    -10.00000000
      7.72575251     -0.00000000     -0.00000000      0.00000000      0.00000000      0.03870697     -1.50797797      0.00050833     18.00794237      0.03838375      0.00000000      0.99983908      0.37941285      0.52319964      0.52319964      0.46125472      0.94739041      5.20000000    -10.00000000
      7.89297659     -0.00000000     -0.00000000      0.00000000      0.00000000      0.03808457     -1.53905840      0.00048703     19.26370242      0.03737592      0.00000000      0.99983908      0.37801323      0.52337424      0.52337424      0.46086373      0.95065068      5.20000000    -10.00000000
      8.06020067     -0.00000000     -0.00000000      0.00000000      0.00000000      0.03745881     -1.57017807      0.00046663     20.58319836      0.03640881      0.00000000      0.99983908      0.37661487      0.52354022      0.52354022      0.46047763      0.95366766      5.20000000    -10.00000000
      8.22742475     -0.00000000     -0.00000000      0.00000000      0.00000000      0.03683039     -1.60133530      0.00044711     21.96814461      0.03548074      0.00000000      0.99983908      0.37532266      0.52369391      0.52369391      0.46010774      0.95646144      5.20000000    -10.00000000
      8.39464883     -0.00000000     -0.00000000      0.00000000      0.00000000      0.03619998     -1.63252849      0.00042842     23.42020174      0.03459015      0.00000000      0.99983908      0.37409043      0.52383691      0.52383691      0.45975153      0.95905030      5.20000000    -10.00000000
      8.56187291     -0.00000000     -0.00000000      0.00000000      0.00000000      0.03556827     -1.66375610      0.00041055     24.94096732      0.03373553      0.00000000      0.99983908      0.37276447      0.52396982      0.52396982      0.45940726      0.96145094      5.20000000    -10.00000000
      8.72909699     -0.00000000     -0.00000000      0.00000000      0.00000000      0.03493588     -1.69501668      0.00039344     26.53196623      0.03291547      0.00000000      0.99983908      0.37153574      0.52409028      0.52409028      0.45907575      0.96367858      5.20000000    -10.00000000
      8.89632107     -0.00000000     -0.00000000      0.00000000      0.00000000      0.03430345     -1.72630885      0.00037709     28.19464066      0.03212861      0.00000000      0.99983908      0.37034299      0.52420015      0.52420015      0.45875692      0.96574714      5.20000000    -10.00000000
      9.06354515     -0.00000000     -0.00000000      0.00000000      0.00000000      0.03367157     -1.75763128      0.00036144     29.93033977      0.03137368      0.00000000      0.99983908      0.36918135      0.52429967      0.52429967      0.45845064      0.96766929      5.20000000    -10.00000000
      9.23076923     -0.00000000     -0.00000000      0.00000000      0.00000000      0.03304084     -1.78898271      0.00034649     31.74030907      0.03064945      0.00000000      0.99983908      0.36805823      0.52438887      0.52438887      0.45815705      0.96945661      5.20000000    -10.00000000
      9.39799331     -0.00000000     -0.00000000      0.00000000      0.00000000      0.03241180     -1.82036195      0.00033219     33.62567966      0.02995477      0.00000000      0.99983908      0.36696513      0.52446838      0.52446838      0.45787530      0.97111970      5.20000000    -10.00000000
      9.56521739     -0.00000000     -0.00000000      0.00000000      0.00000000      0.03178501     -1.85176786      0.00031852     35.58745809      0.02928853      0.00000000      0.99983908      0.36590796      0.52453773      0.52453773      0.45760637      0.97266823      5.20000000    -10.00000000
      9.73244147     -0.00000000     -0.00000000      0.00000000      0.00000000      0.03116096     -1.88319935      0.00030545     37.62651880      0.02864970      0.00000000      0.99983908      0.36488550      0.52459745      0.52459745      0.45734003      0.97411105      5.20000000    -10.00000000
      9.89966555     -0.00000000     -0.00000000      0.00000000      0.00000000      0.03054017     -1.91465539      0.00029297     39.74357862      0.02803727      0.00000000      0.99983908      0.36389736      0.52464769      0.52464769      0.45710540      0.97545626      5.20000000    -10.00000000
     10.06688963     -0.00000000     -0.00000000      0.00000000      0.00000000      0.02992308     -1.94613499      0.00028104     41.93920588      0.02745031      0.00000000      0.99983908      0.36253369      0.52468847      0.52468847      0.45688814      0.97671126      5.20000000    -10.00000000
     10.23411371     -0.00000000     -0.00000000      0.00000000      0.00000000      0.02931015     -1.97763723      0.00026964     44.21380382      0.02688790      0.00000000      0.99983908      0.36202281      0.52472073      0.52472073      0.45665277      0.97788286      5.20000000    -10.00000000
     10.40133779     -0.00000000     -0.00000000      0.00000000      0.00000000      0.02870179     -2.00916122      0.00025875     46.56759962      0.02634919      0.00000000      0.99983908      0.36113745      0.52474371      0.52474371      0.45644418      0.97897729      5.20000000    -10.00000000
     10.56856187     -0.00000000     -0.00000000      0.00000000      0.00000000      0.02809841     -2.04070611      0.00024836     49.00063769      0.02583335      0.00000000      0.99983908      0.36028536      0.52475824      0.52475824      0.45624697      0.98000026      5.20000000    -10.00000000
     10.73578595     -0.00000000     -0.00000000      0.00000000      0.00000000      0.02750025     -2.07228048      0.00023837     51.52501170      0.02533381      0.00000000      0.99983908      0.35946561      0.52476442      0.52476442      0.45606168      0.98096145      5.20000000    -10.00000000
     10.90301003     -0.00000000     -0.00000000      0.00000000      0.00000000      0.02690804     -2.10385546      0.00022894     54.10366345      0.02486719      0.00000000      0.99983908      0.35863498      0.52476249      0.52476249      0.45588818      0.98185239      5.20000000    -10.00000000
     11.07023411     -0.00000000     -0.00000000      0.00000000      0.00000000      0.02632174     -2.13545844      0.00021988     56.77277180      0.02441539      0.00000000      0.99983908      0.35792776      0.52475269      0.52475269      0.45572588      0.98269081      5.20000000    -10.00000000
     11.23745819     -0.00000000     -0.00000000      0.00000000      0.00000000      0.02574176     -2.16707939      0.00021123     59.51935747      0.02398352      0.00000000      0.99983908      0.35720465      0.52473527      0.52473527      0.45557347      0.98347636      5.20000000    -10.00000000
     11.40468227     -0.00000000     -0.00000000      0.00000000      0.00000000      0.02516841     -2.19871767      0.00020298     62.34247550      0.02357091      0.00000000      0.99983908      0.35655621      0.52471047      0.52471047      0.45545010      0.98421281      5.20000000    -10.00000000
     11.57190635     -0.00000000     -0.00000000      0.00000000      0.00000000      0.02460193     -2.23037266      0.00019509     65.24099377      0.02317692      0.00000000      0.99983908      0.35585826      0.52467853      0.52467853      0.45530179      0.98490361      5.20000000    -10.00000000
     11.73913043     -0.00000000     -0.00000000      0.00000000      0.00000000      0.02404258     -2.26204382      0.00018756     68.21356695      0.02280094      0.00000000      0.99983908      0.35523227      0.52463957      0.52463957      0.45518247      0.98555197      5.20000000    -10.00000000
     11.90635452     -0.00000000     -0.00000000      0.00000000      0.00000000      0.02349056     -2.29373060      0.00018037     71.25867828      0.02244236      0.00000000      0.99983908      0.35463639      0.52459433      0.52459433      0.45507315      0.98616083      5.20000000    -10.00000000
     12.07357860     -0.00000000     -0.00000000      0.00000000      0.00000000      0.02294609     -2.32543250      0.00017351     74.37459260      0.02210062      0.00000000      0.99983908      0.35407252      0.52454252      0.52454252      0.45497299      0.98673293      5.20000000    -10.00000000
     12.24080268     -0.00000000     -0.00000000      0.00000000      0.00000000      0.02240933     -2.35714907      0.00016696     77.55943883      0.02177514      0.00000000      0.99983908      0.35353657      0.52448460      0.52448460      0.45488067      0.98727078      5.20000000    -10.00000000
     12.40802676     -0.00000000     -0.00000000      0.00000000      0.00000000      0.02188047     -2.38887985      0.00016070     80.81117261      0.02146539      0.00000000      0.99983908      0.35303351      0.52442092      0.52442092      0.45480254      0.98777673      5.20000000    -10.00000000
     12.57525084     -0.00000000     -0.00000000      0.00000000      0.00000000      0.02135963     -2.42062443      0.00015472     84.12758888      0.02117083      0.00000000      0.99983908      0.35255749      0.52435133      0.52435133      0.45473181      0.98825293      5.20000000    -10.00000000
     12.74247492     -0.00000000     -0.00000000      0.00000000      0.00000000      0.02084695     -2.45238314      0.00014900     87.51081824      0.02088990      0.00000000      0.99983908      0.35210936      0.52427647      0.52427647      0.45467010      0.98870195      5.20000000    -10.00000000
     12.90969900     -0.00000000     -0.00000000      0.00000000      0.00000000      0.02034253     -2.48415350      0.00014355     90.94503914      0.02062526      0.00000000      0.99983908      0.35155369      0.52419648      0.52419648      0.45461728      0.98912394      5.20000000    -10.00000000
     13.07692308     -0.00000000     -0.00000000      0.00000000      0.00000000      0.01984647     -2.51593728      0.00013834     94.44105936      0.02037325      0.00000000      0.99983908      0.35129895      0.52411158      0.52411158      0.45457313      0.98952233      5.20000000    -10.00000000
     13.24414716     -0.00000000     -0.00000000      0.00000000      0.00000000      0.01935885     -2.54773345      0.00013336     97.99178032      0.02013445      0.00000000      0.99983908      0.35093489      0.52402194      0.52402194      0.45455105      0.98989815      5.20000000    -10.00000000
     13.41137124     -0.00000000     -0.00000000      0.00000000      0.00000000      0.01887973     -2.57954172      0.00012860    101.59447902      0.01990841      0.00000000      0.99983908      0.35059707      0.52392786      0.52392786      0.45451021      0.99025289      5.20000000    -10.00000000
     13.57859532     -0.00000000     -0.00000000      0.00000000      0.00000000      0.01840915     -2.61136179      0.00012405    105.24637994      0.01969466      0.00000000      0.99983908      0.35029859      0.52382939      0.52382939      0.45432293      0.99058791      5.20000000    -10.00000000
     13.74581940     -0.00000000     -0.00000000      0.00000000      0.00000000      0.01794716     -2.64319341      0.00011970    108.94466310      0.01949276      0.00000000      0.99983908      0.35000007      0.52372723      0.52372723      0.45447890      0.99090452      5.20000000    -10.00000000
     13.91304348     -0.00000000     -0.00000000      0.00000000      0.00000000      0.01749377     -2.67503630      0.00011553    112.68647958      0.01930230      0.00000000      0.99983908      0.34973935      0.52362112      0.52362112      0.45447548      0.99120388      5.20000000    -10.00000000
     14.08026756     -0.00000000     -0.00000000      0.00000000      0.00000000      0.01704900     -2.70689023      0.00011155    116.46897220      0.01912285      0.00000000      0.99983908      0.34950341      0.52351133      0.52351133      0.45450140      0.99148711      5.20000000    -10.00000000
     14.24749164     -0.00000000     -0.00000000      0.00000000      0.00000000      0.01661285     -2.73875495      0.00010774    120.28927465      0.01895400      0.00000000      0.99983908      0.34929064      0.52339834      0.52339834      0.45448994      0.99175525      5.20000000    -10.00000000
     14.41471572     -0.00000000     -0.00000000      0.00000000      0.00000000      0.01618529     -2.77063024      0.00010408    124.14452793      0.01879538      0.00000000      0.99983908      0.34910277      0.52328208      0.52328208      0.45450827      0.99200924      5.20000000    -10.00000000
     14.58193980     -0.00000000     -0.00000000      0.00000000      0.00000000      0.01576632     -2.80251588      0.00010059    128.03188009      0.01864660      0.00000000      0.99983908      0.34893654      0.52316266      0.52316266      0.45453226      0.99224998      5.20000000    -10.00000000
     14.74916388     -0.00000000     -0.00000000      0.00000000      0.00000000      0.01535589     -2.83441176      0.00009724    131.95006397      0.01850708      0.00000000      0.99983908      0.34879431      0.52304090      0.52304090      0.45456328      0.99247838      5.20000000    -10.00000000
     14.91638796     -0.00000000     -0.00000000      0.00000000      0.00000000      0.01495397     -2.86631732      0.00009403    135.89169196      0.01837711      0.00000000      0.99983908      0.34867342      0.52291630      0.52291630      0.45460027      0.99269495      5.20000000    -10.00000000
     15.08361204     -0.00000000     -0.00000000      0.00000000      0.00000000      0.01456050     -2.89823271      0.00009095    139.85860474      0.01825571      0.00000000      0.99983908      0.34857476      0.52278917      0.52278917      0.45464425      0.99290068      5.20000000    -10.00000000
     15.25083612     -0.00000000     -0.00000000      0.00000000      0.00000000      0.01417543     -2.93015768      0.00008799    143.84773377      0.01814264      0.00000000      0.99983908      0.34849478      0.52266014      0.52266014      0.45469275      0.99309620      5.20000000    -10.00000000
     15.41806020     -0.00000000     -0.00000000      0.00000000      0.00000000      0.01379869     -2.96209321      0.00008515    147.86402773      0.01803667      0.00000000      0.99983908      0.34843591      0.52252881      0.52252881      0.45474758      0.99328246      5.20000000    -10.00000000
     15.58528428     -0.00000000     -0.00000000      0.00000000      0.00000000      0.01343022     -2.99403505      0.00008244    151.87478415      0.01794112      0.00000000      0.99983908      0.34839885      0.52239571      0.52239571      0.45480806      0.99345870      5.20000000    -10.00000000
     15.75250836     -0.00000000     -0.00000000      0.00000000      0.00000000      0.01306993     -3.02598725      0.00007983    155.91030192      0.01785175      0.00000000      0.99983908      0.34837899      0.52226093      0.52226093      0.45487378      0.99362693      5.20000000    -10.00000000
     15.91973244     -0.00000000     -0.00000000      0.00000000      0.00000000      0.01271774     -3.05794921      0.00007732    159.96529689      0.01776873      0.00000000      0.99983908      0.34837767      0.52212485      0.52212485      0.45494490      0.99378748      5.20000000    -10.00000000
     16.08695652     -0.00000000     -0.00000000      0.00000000      0.00000000      0.01237356     -3.08991749      0.00007491    164.01018707      0.01769475      0.00000000      0.99983908      0.34895933      0.52198810      0.52198810      0.45501998      0.99393977      5.20000000    -10.00000000
     16.25418060     -0.00000000     -0.00000000      0.00000000      0.00000000      0.01203729     -3.12189521      0.00007259    168.07080754      0.01762649      0.00000000      0.99983908      0.34788484      0.52184912      0.52184912      0.45508452      0.99408532      5.20000000    -10.00000000
     16.42140468     -0.00000000     -0.00000000      0.00000000      0.00000000      0.01170883     -3.15388187      0.00007036    172.14228847      0.01756405      0.00000000      0.99983908      0.34848589      0.52170776      0.52170776      0.45518577      0.99422440      5.20000000    -10.00000000
     16.58862876     -0.00000000     -0.00000000      0.00000000      0.00000000      0.01138809     -3.18587468      0.00006822    176.19819665      0.01750965      0.00000000      0.99983908      0.34855464      0.52156538      0.52156538      0.45525790      0.99435660      5.20000000    -10.00000000
     16.75585284     -0.00000000     -0.00000000      0.00000000      0.00000000      0.01107496     -3.21787605      0.00006616    180.26067516      0.01746060      0.00000000      0.99983908      0.34863965      0.52142213      0.52142213      0.45536490      0.99448308      5.20000000    -10.00000000
     16.92307692     -0.00000000     -0.00000000      0.00000000      0.00000000      0.01076932     -3.24988572      0.00006418    184.32805836      0.01741671      0.00000000      0.99983908      0.34874147      0.52127802      0.52127802      0.45547994      0.99460416      5.20000000    -10.00000000
     17.09030100     -0.00000000     -0.00000000      0.00000000      0.00000000      0.01047107     -3.28189977      0.00006228    188.33477423      0.01738368      0.00000000      0.99983908      0.34876391      0.52113330      0.52113330      0.45556786      0.99471835      5.20000000    -10.00000000
     17.25752508     -0.00000000     -0.00000000      0.00000000      0.00000000      0.01018008     -3.31392526      0.00006042    192.42704241      0.01734766      0.00000000      0.99983908      0.34898784      0.52098803      0.52098803      0.45571926      0.99483009      5.20000000    -10.00000000
     17.42474916     -0.00000000     -0.00000000      0.00000000      0.00000000      0.00989625     -3.34595553      0.00005865    196.46227853      0.01732139      0.00000000      0.99983908      0.34913680      0.52084231      0.52084231      0.45578196      0.99493574      5.20000000    -10.00000000
     17.59197324     -0.00000000     -0.00000000      0.00000000      0.00000000      0.00961945     -3.37799086      0.00005695    200.44450694      0.01730391      0.00000000      0.99983908      0.34929290      0.52069626      0.52069626      0.45589389      0.99503585      5.20000000    -10.00000000
     17.75919732     -0.00000000     -0.00000000      0.00000000      0.00000000      0.00934956     -3.41003622      0.00005529    204.49532648      0.01728447      0.00000000      0.99983908      0.34946533      0.52055006      0.52055006      0.45600959      0.99513371      5.20000000    -10.00000000
     17.92642140     -0.00000000     -0.00000000      0.00000000      0.00000000      0.00908646     -3.44208478      0.00005370    208.50912571      0.01727188      0.00000000      0.99983908      0.34965357      0.52040366      0.52040366      0.45612762      0.99522694      5.20000000    -10.00000000
     18.09364548     -0.00000000     -0.00000000      0.00000000      0.00000000      0.00883003     -3.47414107      0.00005218    212.42754097      0.01727053      0.00000000      0.99983908      0.34984975      0.52025712      0.52025712      0.45624812      0.99531457      5.20000000    -10.00000000
     18.26086957     -0.00000000     -0.00000000      0.00000000      0.00000000      0.00858015     -3.50620343      0.00005070    216.38451927      0.01726909      0.00000000      0.99983908      0.35008161      0.52011066      0.52011066      0.45637309      0.99539986      5.20000000    -10.00000000
     18.42809365     -0.00000000     -0.00000000      0.00000000      0.00000000      0.00833668     -3.53827163      0.00004927    220.31946836      0.01727233      0.00000000      0.99983908      0.35028295      0.51996432      0.51996432      0.45649804      0.99548164      5.20000000    -10.00000000
     18.59531773     -0.00000000     -0.00000000      0.00000000      0.00000000      0.00809950     -3.57034551      0.00004789    224.23083671      0.01728012      0.00000000      0.99983908      0.35051679      0.51981822      0.51981822      0.45700880      0.99556011      5.20000000    -10.00000000
     18.76254181     -0.00000000     -0.00000000      0.00000000      0.00000000      0.00786850     -3.60242592      0.00004655    228.14673432      0.01729009      0.00000000      0.99983908      0.35074448      0.51967239      0.51967239      0.45676771      0.99563598      5.20000000    -10.00000000
     18.92976589     -0.00000000     -0.00000000      0.00000000      0.00000000      0.00764353     -3.63450960      0.00004527    231.97540188      0.01730897      0.00000000      0.99983908      0.35101730      0.51952683      0.51952683      0.45689512      0.99570770      5.20000000    -10.00000000
     19.09698997     -0.00000000     -0.00000000      0.00000000      0.00000000      0.00742449     -3.66660009      0.00004402    235.82793332      0.01732820      0.00000000      0.99983908      0.35127759      0.51938200      0.51938200      0.45703107      0.99577753      5.20000000    -10.00000000
     19.26421405     -0.00000000     -0.00000000      0.00000000      0.00000000      0.00721125     -3.69869494      0.00004282    239.62604643      0.01735340      0.00000000      0.99983908      0.35157910      0.51923754      0.51923754      0.45716923      0.99584417      5.20000000    -10.00000000
     19.43143813     -0.00000000     -0.00000000      0.00000000      0.00000000      0.00700368     -3.73079412      0.00004165    243.40859587      0.01738154      0.00000000      0.99983908      0.35184394      0.51909356      0.51909356      0.45730934      0.99590849      5.20000000    -10.00000000
     19.59866221     -0.00000000     -0.00000000      0.00000000      0.00000000      0.00680166     -3.76289904      0.00004053    247.12427007      0.01741611      0.00000000      0.99983908      0.35213869      0.51895023      0.51895023      0.45745103      0.99596976      5.20000000    -10.00000000
     19.76588629     -0.00000000     -0.00000000      0.00000000      0.00000000      0.00660507     -3.79500753      0.00003944    250.83612507      0.01745246      0.00000000      0.99983908      0.35244210      0.51880844      0.51880844      0.45759396      0.99602916      5.20000000    -10.00000000
     19.93311037     -0.00000000     -0.00000000      0.00000000      0.00000000      0.00641378     -3.82712090      0.00003839    254.46405695      0.01749603      0.00000000      0.99983908      0.35275457      0.51866771      0.51866771      0.45773885      0.99608556      5.20000000    -10.00000000
     20.10033445     -0.00000000     -0.00000000      0.00000000      0.00000000      0.00622769     -3.85923851      0.00003737    258.11704707      0.01753913      0.00000000      0.99983908      0.35280801      0.51852557      0.51852557      0.45788640      0.99614074      5.20000000    -10.00000000
     20.26755853     -0.00000000     -0.00000000      0.00000000      0.00000000      0.00604666     -3.89136022      0.00003639    261.67069737      0.01759014      0.00000000      0.99983908      0.35339957      0.51838427      0.51838427      0.45803451      0.99619295      5.20000000    -10.00000000
     20.43478261     -0.00000000     -0.00000000      0.00000000      0.00000000      0.00587059     -3.92348589      0.00003544    265.21324178      0.01764292      0.00000000      0.99983908      0.35373240      0.51824394      0.51824394      0.45814292      0.99624361      5.20000000    -10.00000000
     20.60200669     -0.00000000     -0.00000000      0.00000000      0.00000000      0.00569935     -3.95561538      0.00003451    268.73866254      0.01769781      0.00000000      0.99983908      0.35404770      0.51810474      0.51810474      0.45833427      0.99629271      5.20000000    -10.00000000
     20.76923077     -0.00000000     -0.00000000      0.00000000      0.00000000      0.00553284     -3.98774856      0.00003362    272.19396544      0.01775818      0.00000000      0.99983908      0.35442805      0.51796809      0.51796809      0.45848599      0.99633960      5.20000000    -10.00000000
     20.93645485     -0.00000000     -0.00000000      0.00000000      0.00000000      0.00537094     -4.01988529      0.00003275    275.58198181      0.01782371      0.00000000      0.99983908      0.35477743      0.51782899      0.51782899      0.45863794      0.99638444      5.20000000    -10.00000000
     21.10367893     -0.00000000     -0.00000000      0.00000000      0.00000000      0.00521354     -4.05202545      0.00003191    278.96898162      0.01788998      0.00000000      0.99983908      0.35513682      0.51769117      0.51769117      0.45879220      0.99642818      5.20000000    -10.00000000
     21.27090301     -0.00000000     -0.00000000      0.00000000      0.00000000      0.00506052     -4.08416890      0.00003110    282.26661646      0.01796261      0.00000000      0.99983908      0.35550218      0.51755434      0.51755434      0.45894649      0.99646976      5.20000000    -10.00000000
     21.43812709     -0.00000000     -0.00000000      0.00000000      0.00000000      0.00491179     -4.11631553      0.00003031    285.55565121      0.01803633      0.00000000      0.99983908      0.35588487      0.51741852      0.51741852      0.45910197      0.99651028      5.20000000    -10.00000000
     21.60535117     -0.00000000     -0.00000000      0.00000000      0.00000000      0.00476723     -4.14846521      0.00002955    288.75795325      0.01811601      0.00000000      0.99983908      0.35624958      0.51728383      0.51728383      0.45925809      0.99654884      5.20000000    -10.00000000
     21.77257525     -0.00000000     -0.00000000      0.00000000      0.00000000      0.00462675     -4.18061782      0.00002881    291.94494182      0.01819707      0.00000000      0.99983908      0.35663235      0.51715001      0.51715001      0.45942246      0.99658639      5.20000000    -10.00000000
     21.93979933     -0.00000000     -0.00000000      0.00000000      0.00000000      0.00449023     -4.21277324      0.00002809    295.06295129      0.01828281      0.00000000      0.99983908      0.35701739      0.51701736      0.51701736      0.45957183      0.99662234      5.20000000    -10.00000000
     22.10702341     -0.00000000     -0.00000000      0.00000000      0.00000000      0.00435758     -4.24493138      0.00002739    298.12855495      0.01837212      0.00000000      0.99983908      0.35740868      0.51688579      0.51688579      0.45973011      0.99665696      5.20000000    -10.00000000
     22.27424749     -0.00000000     -0.00000000      0.00000000      0.00000000      0.00422870     -4.27709209      0.00002672    301.12701280      0.01846584      0.00000000      0.99983908      0.35805240      0.51675534      0.51675534      0.45985927      0.99669013      5.20000000    -10.00000000
     22.44147157     -0.00000000     -0.00000000      0.00000000      0.00000000      0.00410349     -4.30925529      0.00002606    304.09859180      0.01856143      0.00000000      0.99983908      0.35820207      0.51662600      0.51662600      0.46004398      0.99672237      5.20000000    -10.00000000
     22.60869565     -0.00000000     -0.00000000      0.00000000      0.00000000      0.00398186     -4.34142086      0.00002542    306.98906175      0.01866218      0.00000000      0.99983908      0.35860679      0.51649779      0.51649779      0.46020492      0.99675313      5.20000000    -10.00000000
     22.77591973     -0.00000000     -0.00000000      0.00000000      0.00000000      0.00386371     -4.37358871      0.00002481    309.83661509      0.01876569      0.00000000      0.99983908      0.35901959      0.51637073      0.51637073      0.46036391      0.99678288      5.20000000    -10.00000000
     22.94314381     -0.00000000     -0.00000000      0.00000000      0.00000000      0.00374895     -4.40575871      0.00002421    312.63771174      0.01887216      0.00000000      0.99983908      0.35936378      0.51624483      0.51624483      0.46052306      0.99681161      5.20000000    -10.00000000
     23.11036789     -0.00000000     -0.00000000      0.00000000      0.00000000      0.00363750     -4.43793078      0.00002363    315.36984617      0.01898289      0.00000000      0.99983908      0.35983874      0.51612008      0.51612008      0.46068229      0.99683914      5.20000000    -10.00000000
     23.27759197     -0.00000000     -0.00000000      0.00000000      0.00000000      0.00352926     -4.47010481      0.00002306    318.04352031      0.01909723      0.00000000      0.99983908      0.36025563      0.51599651      0.51599651      0.46082622      0.99686563      5.20000000    -10.00000000
     23.44481605     -0.00000000     -0.00000000      0.00000000      0.00000000      0.00342415     -4.50228076      0.00002251    320.65907356      0.01921512      0.00000000      0.99983908      0.36067565      0.51587392      0.51587392      0.46100183      0.99689112      5.20000000    -10.00000000
     23.61204013     -0.00000000     -0.00000000      0.00000000      0.00000000      0.00332208     -4.53445839      0.00002198    323.21289652      0.01933676      0.00000000      0.99983908      0.36109689      0.51575288      0.51575288      0.46116147      0.99691561      5.20000000    -10.00000000
     23.77926421     -0.00000000     -0.00000000      0.00000000      0.00000000      0.00322297     -4.56663773      0.00002146    325.70715714      0.01946199      0.00000000      0.99983908      0.36152571      0.51563284      0.51563284      0.46132107      0.99693915      5.20000000    -10.00000000
     23.94648829     -0.00000000     -0.00000000      0.00000000      0.00000000      0.00312675     -4.59881867      0.00002096    328.14032301      0.01959090      0.00000000      0.99983908      0.36195653      0.51551385      0.51551385      0.46148060      0.99696178      5.20000000    -10.00000000
     24.11371237     -0.00000000     -0.00000000      0.00000000      0.00000000      0.00303333     -4.63100109      0.00002047    330.51169799      0.01972352      0.00000000      0.99983908      0.36238192      0.51539631      0.51539631      0.46164002      0.99698352      5.20000000    -10.00000000
     24.28093645     -0.00000000     -0.00000000      0.00000000      0.00000000      0.00294264     -4.66318492      0.00002000    332.82078178      0.01985987      0.00000000      0.99983908      0.36281236      0.51527982      0.51527982      0.46179932      0.99700438      5.20000000    -10.00000000
     24.44816054     -0.00000000     -0.00000000      0.00000000      0.00000000      0.00285460     -4.69537007      0.00001953    335.06701345      0.01999998      0.00000000      0.99983908      0.36324591      0.51516453      0.51516453      0.46195864      0.99702440      5.20000000    -10.00000000
     24.61538462     -0.00000000     -0.00000000      0.00000000      0.00000000      0.00276914     -4.72755644      0.00001909    337.24984726      0.02014388      0.00000000      0.99983908      0.36368169      0.51505042      0.51505042      0.46211719      0.99704361      5.20000000    -10.00000000
     24.78260870     -0.00000000     -0.00000000      0.00000000      0.00000000      0.00268618     -4.75974396      0.00001865    339.36880267      0.02029162      0.00000000      0.99983908      0.36460474      0.51493749      0.51493749      0.46227578      0.99706201      5.20000000    -10.00000000
     24.94983278     -0.00000000     -0.00000000      0.00000000      0.00000000      0.00260567     -4.79193255      0.00001823    341.42345992      0.02044323      0.00000000      0.99983908      0.36425012      0.51482574      0.51482574      0.46243404      0.99707964      5.20000000    -10.00000000
     25.11705686     -0.00000000     -0.00000000      0.00000000      0.00000000      0.00252752     -4.82412211      0.00001781    343.41328775      0.02059876      0.00000000      0.99983908      0.36499550      0.51471516      0.51471516      0.46259208      0.99709651      5.20000000    -10.00000000
     25.28428094     -0.00000000     -0.00000000      0.00000000      0.00000000      0.00245168     -4.85631257      0.00001741    345.33796409      0.02075824      0.00000000      0.99983908      0.36543629      0.51460579      0.51460579      0.46274981      0.99711265      5.20000000    -10.00000000
     25.45150502     -0.00000000     -0.00000000      0.00000000      0.00000000      0.00237807     -4.88850384      0.00001702    347.19712151      0.02092172      0.00000000      0.99983908      0.36587772      0.51449755      0.51449755      0.46290739      0.99712806      5.20000000    -10.00000000
     25.61872910     -0.00000000     -0.00000000      0.00000000      0.00000000      0.00230664     -4.92069585      0.00001664    348.99033441      0.02108925      0.00000000      0.99983908      0.36632016      0.51439050      0.51439050      0.46306368      0.99714278      5.20000000    -10.00000000
     25.78595318     -0.00000000     -0.00000000      0.00000000      0.00000000      0.00223732     -4.95288853      0.00001628    350.71733173      0.02126089      0.00000000      0.99983908      0.36676252      0.51428462      0.51428462      0.46321940      0.99715681      5.20000000    -10.00000000
     25.95317726     -0.00000000     -0.00000000      0.00000000      0.00000000      0.00217006     -4.98508178      0.00001592    352.37779514      0.02143668      0.00000000      0.99983908      0.36720711      0.51417985      0.51417985      0.46337495      0.99717017      5.20000000    -10.00000000
     26.12040134     -0.00000000     -0.00000000      0.00000000      0.00000000      0.00210479     -5.01727554      0.00001557    353.97149994      0.02161669      0.00000000      0.99983908      0.36765761      0.51407625      0.51407625      0.46353155      0.99718287      5.20000000    -10.00000000
     26.28762542     -0.00000000     -0.00000000      0.00000000      0.00000000      0.00204145     -5.04946973      0.00001523    355.49813261      0.02180097      0.00000000      0.99983908      0.36817328      0.51397380      0.51397380      0.46368657      0.99719494      5.20000000    -10.00000000
     26.45484950     -0.00000000     -0.00000000      0.00000000      0.00000000      0.00198001     -5.08166428      0.00001490    356.95753689      0.02198958      0.00000000      0.99983908      0.36854197      0.51387247      0.51387247      0.46384082      0.99720637      5.20000000    -10.00000000
     26.62207358     -0.00000000     -0.00000000      0.00000000      0.00000000      0.00192039     -5.11385925      0.00001457    358.35298797      0.02218237      0.00000000      0.99983908      0.36898651      0.51377227      0.51377227      0.46415462      0.99721722      5.20000000    -10.00000000
     26.78929766     -0.00000000     -0.00000000      0.00000000      0.00000000      0.00186254     -5.14605415      0.00001426    359.67390655      0.02238006      0.00000000      0.99983908      0.36943193      0.51367319      0.51367319      0.46407656      0.99722741      5.20000000    -10.00000000
     26.95652174     -0.00000000     -0.00000000      0.00000000      0.00000000      0.00180642     -5.17824932      0.00001396    360.93056904      0.02258207      0.00000000      0.99983908      0.36987796      0.51357521      0.51357521      0.46430077      0.99723704      5.20000000    -10.00000000
     27.12374582     -0.00000000     -0.00000000      0.00000000      0.00000000      0.00175198     -5.21044455      0.00001366    362.11942204      0.02278868      0.00000000      0.99983908      0.37032264      0.51347834      0.51347834      0.46445257      0.99724609      5.20000000    -10.00000000
     27.29096990     -0.00000000     -0.00000000      0.00000000      0.00000000      0.00169916     -5.24263978      0.00001337    363.24037096      0.02299998      0.00000000      0.99983908      0.37076754      0.51338255      0.51338255      0.46460440      0.99725456      5.20000000    -10.00000000
     27.45819398     -0.00000000     -0.00000000      0.00000000      0.00000000      0.00164792     -5.27483493      0.00001309    364.29337795      0.02321603      0.00000000      0.99983908      0.37121251      0.51328786      0.51328786      0.46475518      0.99726247      5.20000000    -10.00000000
     27.62541806     -0.00000000     -0.00000000      0.00000000      0.00000000      0.00159822     -5.30702993      0.00001282    365.27841886      0.02343692      0.00000000      0.99983908      0.37165697      0.51319423      0.51319423      0.46490560      0.99726984      5.20000000    -10.00000000
     27.79264214     -0.00000000     -0.00000000      0.00000000      0.00000000      0.00155000     -5.33922471      0.00001255    366.19550214      0.02366273      0.00000000      0.99983908      0.37227490      0.51310167      0.51310167      0.46505516      0.99727666      5.20000000    -10.00000000
     27.95986622     -0.00000000     -0.00000000      0.00000000      0.00000000      0.00150323     -5.37141920      0.00001229    367.04465950      0.02389355      0.00000000      0.99983908      0.37254471      0.51301016      0.51301016      0.46520472      0.99728294      5.20000000    -10.00000000
     28.12709030     -0.00000000     -0.00000000      0.00000000      0.00000000      0.00145786     -5.40361333      0.00001204    367.82613509      0.02412945      0.00000000      0.99983908      0.37298778      0.51291969      0.51291969      0.46535242      0.99728870      5.20000000    -10.00000000
     28.29431438     -0.00000000     -0.00000000      0.00000000      0.00000000      0.00141385     -5.43580703      0.00001179    368.53948254      0.02437056      0.00000000      0.99983908      0.37343066      0.51283028      0.51283028      0.46549996      0.99729393      5.20000000    -10.00000000
     28.46153846     -0.00000000     -0.00000000      0.00000000      0.00000000      0.00137116     -5.46800024      0.00001155    369.18535431      0.02461694      0.00000000      0.99983908      0.37387330      0.51274185      0.51274185      0.46564719      0.99729865      5.20000000    -10.00000000
     28.62876254     -0.00000000     -0.00000000      0.00000000      0.00000000      0.00132976     -5.50019288      0.00001131    369.76372568      0.02486870      0.00000000      0.99983908      0.37431438      0.51265444      0.51265444      0.46579312      0.99730286      5.20000000    -10.00000000
     28.79598662     -0.00000000     -0.00000000      0.00000000      0.00000000      0.00128960     -5.53238488      0.00001109    370.27471017      0.02512593      0.00000000      0.99983908      0.37475367      0.51256806      0.51256806      0.46592232      0.99730658      5.20000000    -10.00000000
     28.96321070     -0.00000000     -0.00000000      0.00000000      0.00000000      0.00125065     -5.56457619      0.00001086    370.71856667      0.02538875      0.00000000      0.99983908      0.37519252      0.51248265      0.51248265      0.46608497      0.99730979      5.20000000    -10.00000000
     29.13043478     -0.00000000     -0.00000000      0.00000000      0.00000000      0.00121287     -5.59676672      0.00001065    371.09554246      0.02565725      0.00000000      0.99983908      0.37563088      0.51239823      0.51239823      0.46622792      0.99731252      5.20000000    -10.00000000
     29.29765886     -0.00000000     -0.00000000      0.00000000      0.00000000      0.00117623     -5.62895641      0.00001044    371.40584068      0.02593155      0.00000000      0.99983908      0.37606829      0.51231478      0.51231478      0.46637030      0.99731476      5.20000000    -10.00000000
     29.46488294     -0.00000000     -0.00000000      0.00000000      0.00000000      0.00114069     -5.66114522      0.00001023    371.65027013      0.02621173      0.00000000      0.99983908      0.37660178      0.51223232      0.51223232      0.46658003      0.99731652      5.20000000    -10.00000000
     29.63210702     -0.00000000     -0.00000000      0.00000000      0.00000000      0.00110623     -5.69333301      0.00001003    371.82761389      0.02649800      0.00000000      0.99983908      0.37693941      0.51215075      0.51215075      0.46665470      0.99731780      5.20000000    -10.00000000
     29.79933110     -0.00000000     -0.00000000      0.00000000      0.00000000      0.00107280     -5.72551977      0.00000983    371.93972809      0.02679037      0.00000000      0.99983908      0.37737401      0.51206854      0.51206854      0.46679570      0.99731860      5.20000000    -10.00000000
     29.96655518     -0.00000000     -0.00000000      0.00000000      0.00000000      0.00104038     -5.75770542      0.00000964    371.98646512      0.02708902      0.00000000      0.99983908      0.37780713      0.51199048      0.51199048      0.46693595      0.99731894      5.20000000    -10.00000000
     30.13377926     -0.00000000     -0.00000000      0.00000000      0.00000000      0.00100894     -5.78988989      0.00000946    371.96821490      0.02739405      0.00000000      0.99983908      0.37823890      0.51191172      0.51191172      0.46707541      0.99731881      5.20000000    -10.00000000
     30.30100334     -0.00000000     -0.00000000      0.00000000      0.00000000      0.00097845     -5.82207311      0.00000928    371.88539198      0.02770561      0.00000000      0.99983908      0.37866897      0.51183387      0.51183387      0.46720382      0.99731821      5.20000000    -10.00000000
     30.46822742     -0.00000000     -0.00000000      0.00000000      0.00000000      0.00094889     -5.85425501      0.00000910    371.73843265      0.02802382      0.00000000      0.99983908      0.37909872      0.51175692      0.51175692      0.46735183      0.99731715      5.20000000    -10.00000000
     30.63545151     -0.00000000     -0.00000000      0.00000000      0.00000000      0.00092021     -5.88643551      0.00000893    371.52780976      0.02834882      0.00000000      0.99983908      0.37952650      0.51168082      0.51168082      0.46748922      0.99731564      5.20000000    -10.00000000
     30.80267559     -0.00000000     -0.00000000      0.00000000      0.00000000      0.00089240     -5.91861456      0.00000876    371.25401195      0.02868075      0.00000000      0.99983908      0.37995363      0.51160566      0.51160566      0.46762623      0.99731366      5.20000000    -10.00000000
     30.96989967     -0.00000000     -0.00000000      0.00000000      0.00000000      0.00086544     -5.95079208      0.00000859    370.91755674      0.02901975      0.00000000      0.99983908      0.38038026      0.51153133      0.51153133      0.46776131      0.99731123      5.20000000    -10.00000000
     31.13712375     -0.00000000     -0.00000000      0.00000000      0.00000000      0.00083928     -5.98296800      0.00000843    370.51898018      0.02936597      0.00000000      0.99983908      0.38080212      0.51145785      0.51145785      0.46789596      0.99730835      5.20000000    -10.00000000
     31.30434783     -0.00000000     -0.00000000      0.00000000      0.00000000      0.00081392     -6.01514224      0.00000828    370.05886080      0.02971957      0.00000000      0.99983908      0.38117807      0.51138521      0.51138521      0.46802885      0.99730501      5.20000000    -10.00000000
     31.47157191     -0.00000000     -0.00000000      0.00000000      0.00000000      0.00078933     -6.04731474      0.00000812    369.53777992      0.03008069      0.00000000      0.99983908      0.38164498      0.51131341      0.51131341      0.46816328      0.99730122      5.20000000    -10.00000000
     31.63879599     -0.00000000     -0.00000000      0.00000000      0.00000000      0.00076548     -6.07948543      0.00000797    368.95635462      0.03044950      0.00000000      0.99983908      0.38206414      0.51124243      0.51124243      0.46829575      0.99729698      5.20000000    -10.00000000
     31.80602007     -0.00000000     -0.00000000      0.00000000      0.00000000      0.00074236     -6.11165423      0.00000783    368.31524601      0.03082616      0.00000000      0.99983908      0.38248197      0.51117226      0.51117226      0.46842744      0.99729229      5.20000000    -10.00000000
     31.97324415     -0.00000000     -0.00000000      0.00000000      0.00000000      0.00071993     -6.14382107      0.00000769    367.61505655      0.03121083      0.00000000      0.99983908      0.38289801      0.51110289      0.51110289      0.46855831      0.99728714      5.20000000    -10.00000000
     32.14046823     -0.00000000     -0.00000000      0.00000000      0.00000000      0.00069818     -6.17598587      0.00000755    366.85652755      0.03160369      0.00000000      0.99983908      0.38331266      0.51103431      0.51103431      0.46868843      0.99728155      5.20000000    -10.00000000
     32.30769231     -0.00000000     -0.00000000      0.00000000      0.00000000      0.00067709     -6.20814856      0.00000741    366.04034541      0.03200492      0.00000000      0.99983908      0.38372695      0.51096652      0.51096652      0.46881789      0.99727550      5.20000000    -10.00000000
     32.47491639     -0.00000000     -0.00000000      0.00000000      0.00000000      0.00065664     -6.24030907      0.00000728    365.16724061      0.03241469      0.00000000      0.99983908      0.38413587      0.51089945      0.51089945      0.46894626      0.99726901      5.20000000    -10.00000000
     32.64214047     -0.00000000     -0.00000000      0.00000000      0.00000000      0.00063681     -6.27246732      0.00000715    364.23795600      0.03283319      0.00000000      0.99983908      0.38454762      0.51083321      0.51083321      0.46907404      0.99726206      5.20000000    -10.00000000
     32.80936455     -0.00000000     -0.00000000      0.00000000      0.00000000      0.00061759     -6.30462323      0.00000703    363.25327290      0.03326061      0.00000000      0.99983908      0.38495468      0.51076768      0.51076768      0.46921000      0.99725466      5.20000000    -10.00000000
     32.97658863     -0.00000000     -0.00000000      0.00000000      0.00000000      0.00059894     -6.33677672      0.00000691    362.21397166      0.03369715      0.00000000      0.99983908      0.38536116      0.51070288      0.51070288      0.46932724      0.99724680      5.20000000    -10.00000000
     33.14381271     -0.00000000     -0.00000000      0.00000000      0.00000000      0.00058086     -6.36892772      0.00000679    361.12085861      0.03414299      0.00000000      0.99983908      0.38576609      0.51063882      0.51063882      0.46945258      0.99723849      5.20000000    -10.00000000
     33.31103679     -0.00000000     -0.00000000      0.00000000      0.00000000      0.00056333     -6.40107615      0.00000667    359.97477399      0.03459835      0.00000000      0.99983908      0.38616867      0.51057548      0.51057548      0.46957682      0.99722972      5.20000000    -10.00000000
     33.47826087     -0.00000000     -0.00000000      0.00000000      0.00000000      0.00054632     -6.43322192      0.00000655    358.77637744      0.03506346      0.00000000      0.99983908      0.38656964      0.51051284      0.51051284      0.46970038      0.99722050      5.20000000    -10.00000000
     33.64548495     -0.00000000     -0.00000000      0.00000000      0.00000000      0.00052984     -6.46536496      0.00000644    357.52706208      0.03553847      0.00000000      0.99983908      0.38696811      0.51045091      0.51045091      0.46982453      0.99721081      5.20000000    -10.00000000
     33.81270903     -0.00000000     -0.00000000      0.00000000      0.00000000      0.00051385     -6.49750519      0.00000633    356.22718230      0.03602365      0.00000000      0.99983908      0.38736688      0.51038967      0.51038967      0.46994645      0.99720066      5.20000000    -10.00000000
     33.97993311     -0.00000000     -0.00000000      0.00000000      0.00000000      0.00049835     -6.52964251      0.00000623    354.87784380      0.03651921      0.00000000      0.99983908      0.38776418      0.51032912      0.51032912      0.47006766      0.99719005      5.20000000    -10.00000000
     34.14715719     -0.00000000     -0.00000000      0.00000000      0.00000000      0.00048332     -6.56177685      0.00000612    353.47985717      0.03702540      0.00000000      0.99983908      0.38815681      0.51026923      0.51026923      0.47018875      0.99717897      5.20000000    -10.00000000
     34.31438127     -0.00000000     -0.00000000      0.00000000      0.00000000      0.00046875     -6.59390811      0.00000602    352.03420908      0.03754243      0.00000000      0.99983908      0.38856917      0.51021001      0.51021001      0.47030877      0.99716741      5.20000000    -10.00000000
     34.48160535     -0.00000000     -0.00000000      0.00000000      0.00000000      0.00045461     -6.62603622      0.00000592    350.54193401      0.03807055      0.00000000      0.99983908      0.38893995      0.51015144      0.51015144      0.47042803      0.99715539      5.20000000    -10.00000000
     34.64882943     -0.00000000     -0.00000000      0.00000000      0.00000000      0.00044091     -6.65816109      0.00000582    349.00385316      0.03861001      0.00000000      0.99983908      0.38933007      0.51009352      0.51009352      0.47054661      0.99714289      5.20000000    -10.00000000
     34.81605351     -0.00000000     -0.00000000      0.00000000      0.00000000      0.00042762     -6.69028261      0.00000573    347.42098268      0.03916106      0.00000000      0.99983908      0.38971574      0.51003624      0.51003624      0.47066419      0.99712991      5.20000000    -10.00000000
     34.98327759     -0.00000000     -0.00000000      0.00000000      0.00000000      0.00041473     -6.72240072      0.00000564    345.79429866      0.03972395      0.00000000      0.99983908      0.39009951      0.50997958      0.50997958      0.47078121      0.99711645      5.20000000    -10.00000000
     35.15050167     -0.00000000     -0.00000000      0.00000000      0.00000000      0.00040224     -6.75451531      0.00000555    344.12479104      0.04029897      0.00000000      0.99983908      0.39048066      0.50992359      0.50992359      0.47089736      0.99710250      5.20000000    -10.00000000
     35.31772575     -0.00000000     -0.00000000      0.00000000      0.00000000      0.00039012     -6.78662628      0.00000546    342.41345863      0.04088637      0.00000000      0.99983908      0.39086584      0.50986812      0.50986812      0.47101293      0.99708806      5.20000000    -10.00000000
     35.48494983     -0.00000000     -0.00000000      0.00000000      0.00000000      0.00037837     -6.81873356      0.00000537    340.66142424      0.04148642      0.00000000      0.99983908      0.39108868      0.50981330      0.50981330      0.47112785      0.99707313      5.20000000    -10.00000000
     35.65217391     -0.00000000     -0.00000000      0.00000000      0.00000000      0.00036698     -6.85083702      0.00000529    338.86936725      0.04209945      0.00000000      0.99983908      0.39162266      0.50975907      0.50975907      0.47124198      0.99705769      5.20000000    -10.00000000
     35.81939799     -0.00000000     -0.00000000      0.00000000      0.00000000      0.00035593     -6.88293659      0.00000520    337.03865201      0.04272571      0.00000000      0.99983908      0.39199826      0.50970543      0.50970543      0.47135545      0.99704176      5.20000000    -10.00000000
     35.98662207     -0.00000000     -0.00000000      0.00000000      0.00000000      0.00034522     -6.91503217      0.00000512    335.17033182      0.04336550      0.00000000      0.99983908      0.39237376      0.50965236      0.50965236      0.47146761      0.99702532      5.20000000    -10.00000000
     36.15384615     -0.00000000     -0.00000000      0.00000000      0.00000000      0.00033483     -6.94712364      0.00000504    333.26504588      0.04401916      0.00000000      0.99983908      0.39274609      0.50959987      0.50959987      0.47157933      0.99700836      5.20000000    -10.00000000
     36.32107023     -0.00000000     -0.00000000      0.00000000      0.00000000      0.00032476     -6.97921091      0.00000497    331.32424021      0.04468697      0.00000000      0.99983908      0.39311599      0.50954793      0.50954793      0.47169038      0.99699089      5.20000000    -10.00000000
     36.48829431     -0.00000000     -0.00000000      0.00000000      0.00000000      0.00031499     -7.01129387      0.00000489    329.34882957      0.04536926      0.00000000      0.99983908      0.39348541      0.50949655      0.50949655      0.47180072      0.99697290      5.20000000    -10.00000000
     36.65551839     -0.00000000     -0.00000000      0.00000000      0.00000000      0.00030552     -7.04337242      0.00000482    327.33986806      0.04606636      0.00000000      0.99983908      0.39385236      0.50944572      0.50944572      0.47191037      0.99695438      5.20000000    -10.00000000
     36.82274247     -0.00000000     -0.00000000      0.00000000      0.00000000      0.00029634     -7.07544645      0.00000474    325.29841266      0.04677860      0.00000000      0.99983908      0.39421749      0.50939543      0.50939543      0.47200318      0.99693532      5.20000000    -10.00000000
     36.98996656     -0.00000000     -0.00000000      0.00000000      0.00000000      0.00028743     -7.10751586      0.00000467    323.22563796      0.04750632      0.00000000      0.99983908      0.39458038      0.50934566      0.50934566      0.47212754      0.99691573      5.20000000    -10.00000000
     37.15719064     -0.00000000     -0.00000000      0.00000000      0.00000000      0.00027880     -7.13958051      0.00000460    321.12225693      0.04824991      0.00000000      0.99983908      0.39494210      0.50929642      0.50929642      0.47223509      0.99689559      5.20000000    -10.00000000
     37.32441472     -0.00000000     -0.00000000      0.00000000      0.00000000      0.00027042     -7.17164031      0.00000453    318.98967916      0.04900968      0.00000000      0.99983908      0.39530162      0.50924770      0.50924770      0.47234191      0.99687490      5.20000000    -10.00000000
     37.49163880     -0.00000000     -0.00000000      0.00000000      0.00000000      0.00026230     -7.20369513      0.00000447    316.82857620      0.04978607      0.00000000      0.99983908      0.39565970      0.50919948      0.50919948      0.47244804      0.99685365      5.20000000    -10.00000000
     37.65886288     -0.00000000     -0.00000000      0.00000000      0.00000000      0.00025443     -7.23574489      0.00000440    314.64080334      0.05057932      0.00000000      0.99983908      0.39601529      0.50915177      0.50915177      0.47255348      0.99683184      5.20000000    -10.00000000
     37.82608696     -0.00000000     -0.00000000      0.00000000      0.00000000      0.00024679     -7.26778943      0.00000434    312.42668150      0.05138993      0.00000000      0.99983908      0.39639925      0.50910455      0.50910455      0.47265813      0.99680946      5.20000000    -10.00000000
     37.99331104     -0.00000000     -0.00000000      0.00000000      0.00000000      0.00023938     -7.29982864      0.00000428    310.18745755      0.05221829      0.00000000      0.99983908      0.39672924      0.50905783      0.50905783      0.47276269      0.99678650      5.20000000    -10.00000000
     38.16053512     -0.00000000     -0.00000000      0.00000000      0.00000000      0.00023220     -7.33186239      0.00000422    307.92421163      0.05306477      0.00000000      0.99983908      0.39706063      0.50901158      0.50901158      0.47286584      0.99676296      5.20000000    -10.00000000
     38.32775920     -0.00000000     -0.00000000      0.00000000      0.00000000      0.00022524     -7.36389057      0.00000416    305.63799782      0.05392980      0.00000000      0.99983908      0.39742036      0.50896581      0.50896581      0.47296844      0.99673883      5.20000000    -10.00000000
     38.49498328     -0.00000000     -0.00000000      0.00000000      0.00000000      0.00021849     -7.39591302      0.00000410    303.32968496      0.05481383      0.00000000      0.99983908      0.39776800      0.50892051      0.50892051      0.47307049      0.99671409      5.20000000    -10.00000000
     38.66220736     -0.00000000     -0.00000000      0.00000000      0.00000000      0.00021194     -7.42792966      0.00000404    301.00085062      0.05571721      0.00000000      0.99983908      0.39811251      0.50887566      0.50887566      0.47317198      0.99668875      5.20000000    -10.00000000
     38.82943144     -0.00000000     -0.00000000      0.00000000      0.00000000      0.00020559     -7.45994032      0.00000398    298.65199218      0.05664046      0.00000000      0.99983908      0.39845557      0.50883128      0.50883128      0.47326939      0.99666280      5.20000000    -10.00000000
     38.99665552     -0.00000000     -0.00000000      0.00000000      0.00000000      0.00019943     -7.49194486      0.00000393    296.28424300      0.05758404      0.00000000      0.99983908      0.39879712      0.50878734      0.50878734      0.47337238      0.99663622      5.20000000    -10.00000000
     39.16387960     -0.00000000     -0.00000000      0.00000000      0.00000000      0.00019346     -7.52394317      0.00000388    293.89885328      0.05854835      0.00000000      0.99983908      0.39907752      0.50874384      0.50874384      0.47344751      0.99660901      5.20000000    -10.00000000
     39.33110368     -0.00000000     -0.00000000      0.00000000      0.00000000      0.00018767     -7.55593508      0.00000382    291.49660913      0.05953391      0.00000000      0.99983908      0.39947460      0.50870079      0.50870079      0.47357098      0.99658116      5.20000000    -10.00000000
     39.49832776     -0.00000000     -0.00000000      0.00000000      0.00000000      0.00018205     -7.58792047      0.00000377    289.07859822      0.06054121      0.00000000      0.99983908      0.39981099      0.50865816      0.50865816      0.47366909      0.99655266      5.20000000    -10.00000000
     39.66555184     -0.00000000     -0.00000000      0.00000000      0.00000000      0.00017660     -7.61989918      0.00000372    286.64581576      0.06157074      0.00000000      0.99983908      0.40014390      0.50861596      0.50861596      0.47376622      0.99652350      5.20000000    -10.00000000
     39.83277592     -0.00000000     -0.00000000      0.00000000      0.00000000      0.00017132     -7.65187106      0.00000367    284.19924746      0.06262300      0.00000000      0.99983908      0.40044773      0.50857417      0.50857417      0.47386364      0.99649368      5.20000000    -10.00000000
     40.00000000     -0.00000000     -0.00000000      0.00000000      0.00000000      0.00016620     -7.68383596      0.00000362    281.73987731      0.06369852      0.00000000      0.99983908      0.40080683      0.50853279      0.50853279      0.47395957      0.99646318      5.20000000    -10.00000000
