    -10.00000000      0.00000000      0.00000000      0.00000000      0.00000000      0.02738468      0.00000181      0.01334592      0.00000000      1.94916570      0.99982690      0.99982690      0.50002797      0.50003705      0.50003705      0.49999545      0.00000000      3.80000000    -10.00000000
    -10.16722408      0.00000000      0.00000000      0.00000000      0.00000000      0.02730245     -0.05704026      0.01331810      0.00050692      1.95096091      1.00296065      0.99982690      0.49837910      0.50034899      0.50034899      0.49945107      0.00050666      3.80000000    -10.00000000
    -10.33444816      0.00000000      0.00000000      0.00000000      0.00000000      0.02735698     -0.11385080      0.01328327      0.00202885      1.94198024      1.00592560      0.99982690      0.49652439      0.50069138      0.50069138      0.49857805      0.00202474      3.80000000    -10.00000000
    -10.50167224      0.00000000      0.00000000      0.00000000      0.00000000      0.02745639     -0.16993752      0.01322563      0.00455637      1.92655279      1.00889877      0.99982690      0.49368404      0.50103476      0.50103476      0.49766700      0.00453571      3.80000000    -10.00000000
    -10.66889632      0.00000000      0.00000000      0.00000000      0.00000000      0.02758865     -0.22506845      0.01314561      0.00807965      1.90571650      1.01188424      0.99982690      0.49120587      0.50137565      0.50137565      0.49752647      0.00801489      3.80000000    -10.00000000
    -10.83612040      0.00000000      0.00000000      0.00000000      0.00000000      0.02775405     -0.27896935      0.01304383      0.01258484      1.87969181      1.01488613      0.99982690      0.49061779      0.50171251      0.50171251      0.49715035      0.01242843      3.80000000    -10.00000000
    -11.00334448      0.00000000      0.00000000      0.00000000      0.00000000      0.02795345     -0.33136700      0.01292108      0.01805380      1.84872061      1.01790855      0.99982690      0.48943470      0.50204396      0.50204396      0.49674423      0.01773365      3.80000000    -10.00000000
    -11.17056856      0.00000000      0.00000000      0.00000000      0.00000000      0.02818734     -0.38200190      0.01277829      0.02446390      1.81312104      1.02095559      0.99982690      0.48817023      0.50237334      0.50237334      0.49632861      0.02387971      3.80000000    -10.00000000
    -11.33779264      0.00000000      0.00000000      0.00000000      0.00000000      0.02845591     -0.43063416      0.01261654      0.03178796      1.77327392      1.02403137      0.99982690      0.48689385      0.50270154      0.50270154      0.49591097      0.03080862      3.80000000    -10.00000000
    -11.50501672      0.00000000      0.00000000      0.00000000      0.00000000      0.02875921     -0.47704681      0.01243701      0.03999416      1.72960500      1.02713998      0.99982690      0.48562607      0.50302402      0.50302402      0.49549767      0.03845614      3.80000000    -10.00000000
    -11.67224080      0.00000000      0.00000000      0.00000000      0.00000000      0.02909716     -0.52104765      0.01224097      0.04904596      1.68257006      1.03028553      0.99982690      0.48437972      0.50333674      0.50333674      0.49509314      0.04675292      3.80000000    -10.00000000
    -11.83946488      0.00000000      0.00000000      0.00000000      0.00000000      0.02946962     -0.56247046      0.01202978      0.05890198      1.63264230      1.03347213      0.99982690      0.48317291      0.50364126      0.50364126      0.49469831      0.05562553      3.80000000    -10.00000000
    -12.00668896      0.00000000      0.00000000      0.00000000      0.00000000      0.02987638     -0.60117532      0.01180484      0.06951585      1.58030154      1.03670387      0.99982690      0.48199167      0.50393885      0.50393885      0.49431730      0.06499749      3.80000000    -10.00000000
    -12.17391304      0.00000000      0.00000000      0.00000000      0.00000000      0.03031720     -0.63704854      0.01156758      0.08083604      1.52602461      1.03998484      0.99982690      0.48086433      0.50422685      0.50422685      0.49395121      0.07479029      3.80000000    -10.00000000
    -12.34113712      0.00000000      0.00000000      0.00000000      0.00000000      0.03079177     -0.67000205      0.01131947      0.09280568      1.47027711      1.04331914      0.99982690      0.47980251      0.50450323      0.50450323      0.49359746      0.08492423      3.80000000    -10.00000000
    -12.50836120      0.00000000      0.00000000      0.00000000      0.00000000      0.03129977     -0.69997237      0.01106193      0.10536238      1.41350627      1.04671084      0.99982690      0.47880758      0.50476979      0.50476979      0.49327309      0.09531931      3.80000000    -10.00000000
    -12.67558528      0.00000000      0.00000000      0.00000000      0.00000000      0.03184079     -0.72691938      0.01079640      0.11843799      1.35613513      1.05016402      0.99982690      0.47796014      0.50502363      0.50502363      0.49296574      0.10589589      3.80000000    -10.00000000
    -12.84280936      0.00000000      0.00000000      0.00000000      0.00000000      0.03241440     -0.75082477      0.01052426      0.13195850      1.29855790      1.05368273      0.99982690      0.47727961      0.50526484      0.50526484      0.49268279      0.11657539      3.80000000    -10.00000000
    -13.01003344      0.00000000      0.00000000      0.00000000      0.00000000      0.03302010     -0.77169032      0.01024684      0.14584383      1.24113654      1.05727102      0.99982690      0.47654057      0.50549453      0.50549453      0.49241958      0.12728072      3.80000000    -10.00000000
    -13.17725753      0.00000000      0.00000000      0.00000000      0.00000000      0.03365733     -0.78953611      0.00996543      0.16000774      1.18419851      1.06093290      0.99982690      0.47616823      0.50570737      0.50570737      0.49221394      0.13793679      3.80000000    -10.00000000
    -13.34448161      0.00000000      0.00000000      0.00000000      0.00000000      0.03432546     -0.80439854      0.00968124      0.17435777      1.12803545      1.06467238      0.99982690      0.47606406      0.50590463      0.50590463      0.49197239      0.14847074      3.80000000    -10.00000000
    -13.51170569      0.00000000      0.00000000      0.00000000      0.00000000      0.03502380     -0.81632877      0.00939541      0.18879538      1.07290276      1.06849343      0.99982690      0.47506417      0.50608698      0.50608698      0.49178797      0.15881234      3.80000000    -10.00000000
    -13.67892977      0.00000000      0.00000000      0.00000000      0.00000000      0.03575160     -0.82538985      0.00910900      0.20321552      1.01902042      1.07240000      0.99982690      0.47409117      0.50625261      0.50625261      0.49164172      0.16889370      3.80000000    -10.00000000
    -13.84615385      0.00000000      0.00000000      0.00000000      0.00000000      0.03650802     -0.83165558      0.00882298      0.21750713      0.96657380      1.07639597      0.99982690      0.47346589      0.50639916      0.50639916      0.49152442      0.17864958      3.80000000    -10.00000000
    -14.01337793      0.00000000      0.00000000      0.00000000      0.00000000      0.03729215     -0.83520895      0.00853827      0.23155351      0.91571519      1.08048521      0.99982690      0.47285375      0.50652826      0.50652826      0.49144243      0.18801742      3.80000000    -10.00000000
    -14.18060201      0.00000000      0.00000000      0.00000000      0.00000000      0.03810299     -0.83613973      0.00825568      0.24523221      0.86656616      1.08467154      0.99982690      0.47236434      0.50663692      0.50663692      0.49139765      0.19693693      3.80000000    -10.00000000
    -14.34782609      0.00000000      0.00000000      0.00000000      0.00000000      0.03893945     -0.83454319      0.00797595      0.25841561      0.81921972      1.08895870      0.99982690      0.47196479      0.50672542      0.50672542      0.49139094      0.20534997      3.80000000    -10.00000000
    -14.51505017      0.00000000      0.00000000      0.00000000      0.00000000      0.03980037     -0.83051864      0.00769974      0.27097150      0.77374288      1.09335038      0.99982690      0.47179407      0.50679246      0.50679246      0.49142592      0.21320030      3.80000000    -10.00000000
    -14.68227425      0.00000000      0.00000000      0.00000000      0.00000000      0.04068448     -0.82416809      0.00742763      0.28276370      0.73017919      1.09785021      0.99982690      0.47169809      0.50683721      0.50683721      0.49151047      0.22043319      3.80000000    -10.00000000
    -14.84949833      0.00000000      0.00000000      0.00000000      0.00000000      0.04159044     -0.81559506      0.00716015      0.29365291      0.68855140      1.10246171      0.99982690      0.47173697      0.50685350      0.50685350      0.49163384      0.22699513      3.80000000    -10.00000000
    -15.01672241      0.00000000      0.00000000      0.00000000      0.00000000      0.04251677     -0.80490356      0.00689773      0.30349778      0.64886402      1.10718834      0.99982690      0.47177032      0.50685649      0.50685649      0.49181234      0.23283337      3.80000000    -10.00000000
    -15.18394649      0.00000000      0.00000000      0.00000000      0.00000000      0.04346194     -0.79219719      0.00664076      0.31215604      0.61110575      1.11203344      0.99982690      0.47221167      0.50682991      0.50682991      0.49204551      0.23789552      3.80000000    -10.00000000
    -15.35117057      0.00000000      0.00000000      0.00000000      0.00000000      0.04442430     -0.77757839      0.00638956      0.31948603      0.57525182      1.11700026      0.99982690      0.47265422      0.50677662      0.50677662      0.49250528      0.24212915      3.80000000    -10.00000000
    -15.51839465      0.00000000      0.00000000      0.00000000      0.00000000      0.04540208     -0.76114778      0.00614439      0.32534833      0.54126618      1.12209191      0.99982690      0.47322993      0.50669793      0.50669793      0.49266633      0.24548138      3.80000000    -10.00000000
    -15.68561873      0.00000000      0.00000000      0.00000000      0.00000000      0.04639344     -0.74300368      0.00590547      0.32960770      0.50910351      1.12731140      0.99982690      0.47394237      0.50659251      0.50659251      0.49283314      0.24789846      3.80000000    -10.00000000
    -15.85284281      0.00000000      0.00000000      0.00000000      0.00000000      0.04739642     -0.72324167      0.00567298      0.33213528      0.47871096      1.13266156      0.99982690      0.47479090      0.50645862      0.50645862      0.49314705      0.24932549      3.80000000    -10.00000000
    -16.02006689      0.00000000      0.00000000      0.00000000      0.00000000      0.04840897     -0.70195426      0.00544702      0.33281109      0.45002987      1.13814509      0.99982690      0.47578052      0.50629699      0.50629699      0.49346364      0.24970612      3.80000000    -10.00000000
    -16.18729097      0.00000000      0.00000000      0.00000000      0.00000000      0.04942892     -0.67923068      0.00522770      0.33152682      0.42299714      1.14376453      0.99982690      0.47690595      0.50610688      0.50610688      0.49383353      0.24898246      3.80000000    -10.00000000
    -16.35451505      0.00000000      0.00000000      0.00000000      0.00000000      0.05045400     -0.65515668      0.00501505      0.32818890      0.39754653      1.14952223      0.99982690      0.47816975      0.50588788      0.50588788      0.49425711      0.24709505      3.80000000    -10.00000000
    -16.52173913      0.00000000      0.00000000      0.00000000      0.00000000      0.05148186     -0.62981440      0.00480911      0.32272193      0.37360975      1.15542034      0.99982690      0.47957146      0.50563794      0.50563794      0.49473045      0.24398320      3.80000000    -10.00000000
    -16.68896321      0.00000000      0.00000000      0.00000000      0.00000000      0.05251005     -0.60328232      0.00460985      0.31507237      0.35111743      1.16146083      0.99982690      0.48110969      0.50537140      0.50537140      0.49525667      0.23958558      3.80000000    -10.00000000
    -16.85618729      0.00000000      0.00000000      0.00000000      0.00000000      0.05353603     -0.57563521      0.00441725      0.30521259      0.32999987      1.16764544      0.99982690      0.48278061      0.50504857      0.50504857      0.49583503      0.23384128      3.80000000    -10.00000000
    -17.02341137      0.00000000      0.00000000      0.00000000      0.00000000      0.05455715     -0.54694412      0.00423125      0.29314517      0.31018778      1.17397567      0.99982690      0.48457650      0.50467891      0.50467891      0.49646484      0.22669162      3.80000000    -10.00000000
    -17.19063545      0.00000000      0.00000000      0.00000000      0.00000000      0.05557073     -0.51727641      0.00405177      0.27890756      0.29161279      1.18045280      0.99982690      0.48652418      0.50433780      0.50433780      0.49715044      0.21808266      3.80000000    -10.00000000
    -17.35785953      0.00000000      0.00000000      0.00000000      0.00000000      0.05657400     -0.48669581      0.00387872      0.26257703      0.27420792      1.18707783      0.99982690      0.48859001      0.50393401      0.50393401      0.49787724      0.20796912      3.80000000    -10.00000000
    -17.52508361      0.00000000      0.00000000      0.00000000      0.00000000      0.05756412     -0.45526249      0.00371201      0.24427584      0.25790796      1.19385151      0.99982690      0.49077539      0.50350437      0.50350437      0.49865391      0.19631968      3.80000000    -10.00000000
    -17.69230769      0.00000000      0.00000000      0.00000000      0.00000000      0.05853824     -0.42303314      0.00355150      0.22417670      0.24264973      1.20077430      0.99982690      0.49307458      0.50304166      0.50304166      0.49948945      0.18312446      3.80000000    -10.00000000
    -17.85953177      0.00000000      0.00000000      0.00000000      0.00000000      0.05949344     -0.39006109      0.00339707      0.20250851      0.22837233      1.20784637      0.99982690      0.49540870      0.50254800      0.50254800      0.50036804      0.16840505      3.80000000    -10.00000000
    -18.02675585      0.00000000      0.00000000      0.00000000      0.00000000      0.06042680     -0.35639643      0.00324859      0.17956218      0.21501727      1.21506757      0.99982690      0.49799936      0.50201452      0.50201452      0.50129083      0.15222782      3.80000000    -10.00000000
    -18.19397993      0.00000000      0.00000000      0.00000000      0.00000000      0.06133540     -0.32208614      0.00310592      0.15569667      0.20252856      1.22243749      0.99982690      0.50080170      0.50147387      0.50147387      0.50226720      0.13472105      3.80000000    -10.00000000
    -18.36120401      0.00000000      0.00000000      0.00000000      0.00000000      0.06221631     -0.28717424      0.00296890      0.13134510      0.19085283      1.22995531      0.99982690      0.50370909      0.50089689      0.50089689      0.50328505      0.11609641      3.80000000    -10.00000000
    -18.52842809      0.00000000      0.00000000      0.00000000      0.00000000      0.06306662     -0.25170189      0.00283738      0.10702087      0.17993928      1.23761993      0.99982690      0.50672413      0.50029022      0.50029022      0.50434805      0.09667467      3.80000000    -10.00000000
    -18.69565217      0.00000000      0.00000000      0.00000000      0.00000000      0.06388348     -0.21570759      0.00271122      0.08332375      0.16973975      1.24542990      0.99982690      0.50970646      0.49965427      0.49965427      0.50545049      0.07691491      3.80000000    -10.00000000
    -18.86287625      0.00000000      0.00000000      0.00000000      0.00000000      0.06466408     -0.17922726      0.00259025      0.06094580      0.16020862      1.25338342      0.99982690      0.51306455      0.49899402      0.49899402      0.50659522      0.05744478      3.80000000    -10.00000000
    -19.03010033      0.00000000      0.00000000      0.00000000      0.00000000      0.06540567     -0.14229446      0.00247431      0.04067715      0.15130281      1.26147832      0.99982690      0.51634239      0.49830872      0.49830872      0.50777812      0.03908719      3.80000000    -10.00000000
    -19.19732441      0.00000000      0.00000000      0.00000000      0.00000000      0.06610561     -0.10494045      0.00236326      0.02341137      0.14298170      1.26971209      0.99982690      0.51980293      0.49759860      0.49759860      0.50899827      0.02287582      3.80000000    -10.00000000
    -19.36454849      0.00000000      0.00000000      0.00000000      0.00000000      0.06676132     -0.06719436      0.00225692      0.01015051      0.13520704      1.27808184      0.99982690      0.52330578      0.49686466      0.49686466      0.51025239      0.01004851      3.80000000    -10.00000000
    -19.53177258      0.00000000      0.00000000      0.00000000      0.00000000      0.06737039     -0.02908333      0.00215515      0.00200953      0.12794287      1.28658433      0.99982690      0.52689326      0.49611335      0.49611335      0.51148500      0.00200550      3.80000000    -10.00000000
    -19.69899666      0.00000000      0.00000000      0.00000000      0.00000000      0.06793049      0.00936738      0.00205778      0.00022015      0.12115544      1.29521595      0.99982690      0.53056448      0.49535728      0.49535728      0.51285226      0.00022010      3.80000000    -10.00000000
    -19.86622074      0.00000000      0.00000000      0.00000000      0.00000000      0.06843946      0.04813427      0.00196467      0.00613393      0.11481309      1.30397273      0.99982690      0.53431262      0.49454900      0.49454900      0.51417699      0.00609654      3.80000000    -10.00000000
    -20.03344482      0.00000000      0.00000000      0.00000000      0.00000000      0.06889531      0.08719549      0.00187566      0.02122447      0.10888617      1.31285032      0.99982690      0.53812844      0.49374577      0.49374577      0.51555851      0.02078335      3.80000000    -10.00000000
    -20.20066890      0.00000000      0.00000000      0.00000000      0.00000000      0.06929620      0.12653071      0.00179060      0.04708861      0.10334692      1.32184405      0.99982690      0.54164540      0.49291907      0.49291907      0.51699389      0.04497099      3.80000000    -10.00000000
    -20.36789298      0.00000000      0.00000000      0.00000000      0.00000000      0.06964049      0.16612104      0.00170935      0.08544657      0.09816940      1.33094889      0.99982690      0.54594767      0.49208351      0.49208351      0.51847228      0.07872020      3.80000000    -10.00000000
    -20.53511706      0.00000000      0.00000000      0.00000000      0.00000000      0.06992673      0.20594890      0.00163175      0.13814085      0.09332937      1.34015946      0.99982690      0.54992963      0.49123713      0.49123713      0.51990321      0.12137413      3.80000000    -10.00000000
    -20.70234114      0.00000000      0.00000000      0.00000000      0.00000000      0.07015370      0.24599795      0.00155767      0.20713382      0.08880419      1.34947008      0.99982690      0.55398027      0.49038142      0.49038142      0.52136653      0.17159143      3.80000000    -10.00000000
    -20.86956522      0.00000000      0.00000000      0.00000000      0.00000000      0.07032035      0.28625298      0.00148697      0.29450390      0.08457276      1.35887474      0.99982690      0.55806077      0.48951848      0.48951848      0.52290938      0.22750329      3.80000000    -10.00000000
    -21.03678930      0.00000000      0.00000000      0.00000000      0.00000000      0.07042590      0.32669983      0.00141952      0.40244018      0.08061540      1.36836713      0.99982690      0.56216996      0.48865018      0.48865018      0.52443485      0.28695711      3.80000000    -10.00000000
    -21.20401338      0.00000000      0.00000000      0.00000000      0.00000000      0.07046978      0.36732530      0.00135519      0.53323544      0.07691378      1.37794066      0.99982690      0.56632498      0.48777744      0.48777744      0.52597114      0.34778445      3.80000000    -10.00000000
    -21.37123746      0.00000000      0.00000000      0.00000000      0.00000000      0.07045164      0.40811705      0.00129384      0.68927734      0.07345088      1.38758849      0.99982690      0.57049394      0.48690517      0.48690517      0.52765040      0.40803089      3.80000000    -10.00000000
    -21.53846154      0.00000000      0.00000000      0.00000000      0.00000000      0.07037139      0.44906356      0.00123536      0.87303768      0.07021084      1.39730353      0.99982690      0.57468225      0.48603324      0.48603324      0.52906555      0.46610791      3.80000000    -10.00000000
    -21.70568562      0.00000000      0.00000000      0.00000000      0.00000000      0.07022915      0.49015400      0.00117962      1.08705951      0.06717896      1.40707845      0.99982690      0.57888166      0.48516460      0.48516460      0.53061838      0.52085698      3.80000000    -10.00000000
    -21.87290970      0.00000000      0.00000000      0.00000000      0.00000000      0.07002530      0.53137820      0.00112652      1.33394195      0.06434163      1.41690575      0.99982690      0.58308772      0.48430073      0.48430073      0.53217088      0.57154033      3.80000000    -10.00000000
    -22.04013378      0.00000000      0.00000000      0.00000000      0.00000000      0.06976044      0.57272658      0.00107594      1.61632238      0.06168623      1.42677774      0.99982690      0.58729477      0.48344327      0.48344327      0.53372442      0.61778410      3.80000000    -10.00000000
    -22.20735786      0.00000000      0.00000000      0.00000000      0.00000000      0.06943539      0.61419014      0.00102779      1.93685602      0.05920111      1.43668657      0.99982690      0.59149542      0.48258731      0.48258731      0.53526634      0.65949982      3.80000000    -10.00000000
    -22.37458194      0.00000000      0.00000000      0.00000000      0.00000000      0.06905117      0.65576042      0.00098195      2.29819297      0.05687552      1.44662429      0.99982690      0.59568605      0.48175940      0.48175940      0.53680535      0.69680367      3.80000000    -10.00000000
    -22.54180602      0.00000000      0.00000000      0.00000000      0.00000000      0.06860903      0.69742954      0.00093833      2.70295321      0.05469954      1.45658283      0.99982690      0.59986188      0.48093032      0.48093032      0.53832870      0.72994528      3.80000000    -10.00000000
    -22.70903010      0.00000000      0.00000000      0.00000000      0.00000000      0.06811036      0.73919030      0.00089685      3.15370079      0.05266396      1.46655407      0.99982690      0.60406492      0.48011953      0.48011953      0.53984349      0.75925083      3.80000000    -10.00000000
    -22.87625418      0.00000000      0.00000000      0.00000000      0.00000000      0.06755675      0.78103623      0.00085740      3.65291896      0.05076026      1.47652983      0.99982690      0.60814779      0.47932267      0.47932267      0.54135409      0.78508115      3.80000000    -10.00000000
    -23.04347826      0.00000000      0.00000000      0.00000000      0.00000000      0.06694992      0.82296171      0.00081991      4.20298850      0.04898043      1.48650194      0.99982690      0.61193505      0.47854414      0.47854414      0.54284194      0.80780277      3.80000000    -10.00000000
    -23.21070234      0.00000000      0.00000000      0.00000000      0.00000000      0.06629175      0.86496204      0.00078427      4.80617095      0.04731691      1.49646223      0.99982690      0.61631221      0.47778511      0.47778511      0.54431130      0.82776945      3.80000000    -10.00000000
    -23.37792642      0.00000000      0.00000000      0.00000000      0.00000000      0.06558422      0.90703338      0.00075041      5.46459740      0.04576251      1.50640257      0.99982690      0.62033077      0.47704497      0.47704497      0.54577891      0.84531133      3.80000000    -10.00000000
    -23.54515050      0.00000000      0.00000000      0.00000000      0.00000000      0.06482946      0.94917263      0.00071824      6.18026157      0.04431034      1.51631490      0.99982690      0.62431992      0.47633014      0.47633014      0.54718499      0.86072931      3.80000000    -10.00000000
    -23.71237458      0.00000000      0.00000000      0.00000000      0.00000000      0.06402972      0.99137726      0.00068766      6.95501452      0.04295378      1.52619128      0.99982690      0.62828682      0.47563255      0.47563255      0.54859151      0.87429313      3.80000000    -10.00000000
    -23.87959866      0.00000000      0.00000000      0.00000000      0.00000000      0.06318739      1.03364504      0.00065859      7.79055880      0.04168653      1.53602386      0.99982690      0.63217347      0.47496142      0.47496142      0.54996943      0.88624159      3.80000000    -10.00000000
    -24.04682274      0.00000000      0.00000000      0.00000000      0.00000000      0.06230495      1.07597389      0.00063095      8.68844108      0.04050262      1.54580497      0.99982690      0.63597162      0.47431503      0.47431503      0.55132028      0.89678422      3.80000000    -10.00000000
    -24.21404682      0.00000000      0.00000000      0.00000000      0.00000000      0.06138498      1.11836170      0.00060466      9.65004408      0.03939642      1.55552708      0.99982690      0.63974571      0.47369409      0.47369409      0.55264351      0.90610368      3.80000000    -10.00000000
    -24.38127090      0.00000000      0.00000000      0.00000000      0.00000000      0.06043016      1.16080633      0.00057964     10.67657987      0.03836268      1.56518290      0.99982690      0.64345493      0.47309934      0.47309934      0.55393638      0.91435848      3.80000000    -10.00000000
    -24.54849498      0.00000000      0.00000000      0.00000000      0.00000000      0.05944321      1.20330560      0.00055581     11.76908561      0.03739647      1.57476531      0.99982690      0.64710821      0.47252955      0.47252955      0.55519891      0.92168586      3.80000000    -10.00000000
    -24.71571906      0.00000000      0.00000000      0.00000000      0.00000000      0.05842689      1.24585733      0.00053311     12.92842200      0.03649326      1.58426746      0.99982690      0.65088413      0.47199046      0.47199046      0.55642891      0.92820436      3.80000000    -10.00000000
    -24.88294314      0.00000000      0.00000000      0.00000000      0.00000000      0.05738397      1.28845936      0.00051148     14.15527370      0.03564878      1.59368274      0.99982690      0.65420883      0.47148298      0.47148298      0.55762594      0.93401637      3.80000000    -10.00000000
    -25.05016722      0.00000000      0.00000000      0.00000000      0.00000000      0.05631722      1.33110960      0.00049085     15.45015048      0.03485912      1.60300482      0.99982690      0.65765706      0.47100248      0.47100248      0.55880931      0.93921028      3.80000000    -10.00000000
    -25.21739130      0.00000000      0.00000000      0.00000000      0.00000000      0.05522941      1.37380601      0.00047117     16.81338833      0.03412063      1.61222766      0.99982690      0.66103432      0.47055112      0.47055112      0.55991802      0.94386245      3.80000000    -10.00000000
    -25.38461538      0.00000000      0.00000000      0.00000000      0.00000000      0.05412325      1.41654665      0.00045239     18.24514998      0.03342996      1.62134551      0.99982690      0.66433762      0.47012799      0.47012799      0.56100418      0.94803886      3.80000000    -10.00000000
    -25.55183946      0.00000000      0.00000000      0.00000000      0.00000000      0.05300143      1.45932965      0.00043445     19.74542458      0.03278399      1.63035294      0.99982690      0.66756663      0.46973371      0.46973371      0.56206699      0.95179660      3.80000000    -10.00000000
    -25.71906355      0.00000000      0.00000000      0.00000000      0.00000000      0.05186658      1.50215319      0.00041732     21.31402686      0.03217988      1.63924484      0.99982690      0.67072081      0.46936803      0.46936803      0.56306365      0.95518514      3.80000000    -10.00000000
    -25.88628763      0.00000000      0.00000000      0.00000000      0.00000000      0.05072125      1.54501556      0.00040094     22.95059556      0.03161501      1.64801643      0.99982690      0.67381618      0.46903078      0.46903078      0.56407279      0.95824738      3.80000000    -10.00000000
    -26.05351171      0.00000000      0.00000000      0.00000000      0.00000000      0.04956795      1.58791508      0.00038528     24.65459166      0.03108696      1.65666325      0.99982690      0.67681006      0.46872178      0.46872178      0.56501941      0.96102062      3.80000000    -10.00000000
    -26.22073579      0.00000000      0.00000000      0.00000000      0.00000000      0.04840908      1.63085016      0.00037030     26.42529618      0.03059354      1.66518121      0.99982690      0.67975834      0.46844066      0.46844066      0.56593642      0.96353731      3.80000000    -10.00000000
    -26.38795987      0.00000000      0.00000000      0.00000000      0.00000000      0.04724696      1.67381926      0.00035596     28.26180759      0.03013275      1.67356652      0.99982690      0.68251845      0.46818619      0.46818619      0.56679655      0.96582576      3.80000000    -10.00000000
    -26.55518395      0.00000000      0.00000000      0.00000000      0.00000000      0.04608381      1.71682090      0.00034224     30.16303872      0.02970273      1.68181577      0.99982690      0.68523459      0.46796064      0.46796064      0.56763573      0.96791070      3.80000000    -10.00000000
    -26.72240803      0.00000000      0.00000000      0.00000000      0.00000000      0.04492177      1.75985365      0.00032911     32.12771360      0.02930183      1.68992586      0.99982690      0.68787687      0.46776070      0.46776070      0.56846355      0.96981379      3.80000000    -10.00000000
    -26.88963211      0.00000000      0.00000000      0.00000000      0.00000000      0.04376285      1.80291614      0.00031654     34.15436305      0.02892853      1.69789404      0.99982690      0.69044301      0.46758667      0.46758667      0.56919337      0.97155403      3.80000000    -10.00000000
    -27.05685619      0.00000000      0.00000000      0.00000000      0.00000000      0.04260897      1.84600704      0.00030449     36.24132093      0.02858145      1.70571791      0.99982690      0.69292872      0.46743796      0.46743796      0.56991704      0.97314811      3.80000000    -10.00000000
    -27.22408027      0.00000000      0.00000000      0.00000000      0.00000000      0.04146193      1.88912507      0.00029296     38.38671881      0.02825934      1.71339535      0.99982690      0.69529297      0.46731384      0.46731384      0.57058349      0.97461073      3.80000000    -10.00000000
    -27.39130435      0.00000000      0.00000000      0.00000000      0.00000000      0.04032343      1.93226901      0.00028191     40.58848102      0.02796108      1.72092461      0.99982690      0.69765340      0.46721376      0.46721376      0.57125746      0.97595488      3.80000000    -10.00000000
    -27.55852843      0.00000000      0.00000000      0.00000000      0.00000000      0.03919504      1.97543764      0.00027132     42.84431997      0.02768566      1.72830424      0.99982690      0.69989423      0.46713678      0.46713678      0.57186893      0.97719203      3.80000000    -10.00000000
    -27.72575251      0.00000000      0.00000000      0.00000000      0.00000000      0.03807813      2.01863587      0.00026114     45.15796496      0.02742857      1.73553307      0.99982690      0.70205365      0.46708277      0.46708277      0.57244852      0.97833527      3.80000000    -10.00000000
    -27.89297659      0.00000000      0.00000000      0.00000000      0.00000000      0.03697439      2.06184446      0.00025145     47.50799072      0.02719986      1.74261026      0.99982690      0.70412098      0.46704907      0.46704907      0.57299263      0.97938484      3.80000000    -10.00000000
    -28.06020067      0.00000000      0.00000000      0.00000000      0.00000000      0.03588473      2.10508044      0.00024214     49.91014993      0.02698796      1.74953523      0.99982690      0.70612784      0.46703664      0.46703664      0.57350272      0.98035755      3.80000000    -10.00000000
    -28.22742475      0.00000000      0.00000000      0.00000000      0.00000000      0.03481039      2.14833674      0.00023322     52.35503726      0.02679586      1.75630768      0.99982690      0.70804569      0.46704425      0.46704425      0.57397990      0.98125763      3.80000000    -10.00000000
    -28.39464883      0.00000000      0.00000000      0.00000000      0.00000000      0.03375242      2.19161235      0.00022467     54.83925847      0.02662303      1.76292757      0.99982690      0.70988494      0.46707005      0.46707005      0.57442222      0.98209145      3.80000000    -10.00000000
    -28.56187291      0.00000000      0.00000000      0.00000000      0.00000000      0.03271168      2.23491026      0.00021647     57.36514319      0.02646632      1.76939511      0.99982690      0.71164354      0.46711520      0.46711520      0.57483307      0.98286649      3.80000000    -10.00000000
    -28.72909699      0.00000000      0.00000000      0.00000000      0.00000000      0.03168918      2.27821766      0.00020865     59.91104250      0.02633329      1.77571076      0.99982690      0.71332652      0.46717711      0.46717711      0.57521224      0.98358262      3.80000000    -10.00000000
    -28.89632107      0.00000000      0.00000000      0.00000000      0.00000000      0.03068547      2.32154554      0.00020113     62.49076215      0.02621562      1.78187518      0.99982690      0.71493306      0.46725638      0.46725638      0.57556034      0.98424968      3.80000000    -10.00000000
    -29.06354515      0.00000000      0.00000000      0.00000000      0.00000000      0.02970124      2.36488909      0.00019394     65.09429894      0.02611561      1.78788926      0.99982690      0.71646372      0.46735123      0.46735123      0.57587869      0.98487010      3.80000000    -10.00000000
    -29.23076923      0.00000000      0.00000000      0.00000000      0.00000000      0.02873706      2.40824749      0.00018705     67.71687735      0.02603316      1.79375407      0.99982690      0.71792070      0.46746088      0.46746088      0.57616670      0.98544753      3.80000000    -10.00000000
    -29.39799331      0.00000000      0.00000000      0.00000000      0.00000000      0.02779338      2.45161997      0.00018046     70.35444248      0.02596787      1.79947088      0.99982690      0.71930585      0.46758449      0.46758449      0.57642566      0.98598546      3.80000000    -10.00000000
    -29.56521739      0.00000000      0.00000000      0.00000000      0.00000000      0.02687058      2.49500583      0.00017414     73.00218163      0.02591963      1.80504113      0.99982690      0.72061561      0.46772122      0.46772122      0.57665820      0.98648688      3.80000000    -10.00000000
    -29.73244147      0.00000000      0.00000000      0.00000000      0.00000000      0.02596897      2.53840439      0.00016809     75.65554099      0.02588823      1.81046641      0.99982690      0.72185652      0.46787069      0.46787069      0.57689203      0.98695463      3.80000000    -10.00000000
    -29.89966555      0.00000000      0.00000000      0.00000000      0.00000000      0.02508878      2.58181503      0.00016230     78.30982049      0.02587352      1.81574846      0.99982690      0.72302758      0.46803085      0.46803085      0.57704143      0.98739122      3.80000000    -10.00000000
    -30.06688963      0.00000000      0.00000000      0.00000000      0.00000000      0.02423019      2.62523720      0.00015676     80.96040541      0.02587533      1.82088915      0.99982690      0.72413050      0.46820226      0.46820226      0.57719440      0.98779899      3.80000000    -10.00000000
    -30.23411371      0.00000000      0.00000000      0.00000000      0.00000000      0.02339328      2.66867038      0.00015145     83.60269962      0.02589352      1.82589049      0.99982690      0.72516750      0.46838374      0.46838374      0.57732311      0.98818005      3.80000000    -10.00000000
    -30.40133779      0.00000000      0.00000000      0.00000000      0.00000000      0.02257811      2.71211412      0.00014637     86.23234026      0.02592789      1.83075457      0.99982690      0.72614705      0.46857442      0.46857442      0.57742730      0.98853636      3.80000000    -10.00000000
    -30.56856187      0.00000000      0.00000000      0.00000000      0.00000000      0.02178466      2.75556804      0.00014150     88.84495171      0.02597832      1.83548361      0.99982690      0.72706491      0.46877377      0.46877377      0.57750881      0.98886971      3.80000000    -10.00000000
    -30.73578595      0.00000000      0.00000000      0.00000000      0.00000000      0.02101288      2.79903179      0.00013683     91.43663837      0.02604455      1.84007988      0.99982690      0.72789136      0.46898104      0.46898104      0.57797290      0.98918178      3.80000000    -10.00000000
    -30.90301003      0.00000000      0.00000000      0.00000000      0.00000000      0.02026264      2.84250508      0.00013236     94.00360295      0.02612640      1.84454576      0.99982690      0.72860223      0.46919563      0.46919563      0.57760639      0.98947408      3.80000000    -10.00000000
    -31.07023411      0.00000000      0.00000000      0.00000000      0.00000000      0.01953380      2.88598768      0.00012808     96.54238447      0.02622361      1.84888368      0.99982690      0.72940213      0.46941682      0.46941682      0.57762325      0.98974805      3.80000000    -10.00000000
    -31.23745819      0.00000000      0.00000000      0.00000000      0.00000000      0.01882617      2.92947940      0.00012397     99.04980086      0.02633594      1.85309614      0.99982690      0.73006365      0.46964406      0.46964406      0.57762065      0.99000498      3.80000000    -10.00000000
    -31.40468227      0.00000000      0.00000000      0.00000000      0.00000000      0.01813951      2.97298009      0.00012002    101.52313505      0.02646309      1.85718566      0.99982690      0.73071075      0.46987678      0.46987678      0.57759917      0.99024610      3.80000000    -10.00000000
    -31.57190635      0.00000000      0.00000000      0.00000000      0.00000000      0.01747358      3.01648963      0.00011623    103.95987103      0.02660477      1.86115484      0.99982690      0.73123237      0.47011433      0.47011433      0.57755394      0.99047255      3.80000000    -10.00000000
    -31.73913043      0.00000000      0.00000000      0.00000000      0.00000000      0.01682809      3.06000794      0.00011260    106.35796753      0.02676065      1.86500626      0.99982690      0.73173247      0.47035557      0.47035557      0.57750176      0.99068537      3.80000000    -10.00000000
    -31.90635452      0.00000000      0.00000000      0.00000000      0.00000000      0.01620272      3.10353494      0.00010910    108.71563297      0.02693040      1.86874258      0.99982690      0.73224705      0.47060185      0.47060185      0.57742743      0.99088553      3.80000000    -10.00000000
    -32.07357860      0.00000000      0.00000000      0.00000000      0.00000000      0.01559714      3.14707058      0.00010574    111.03143763      0.02711368      1.87236642      0.99982690      0.73258147      0.47085108      0.47085108      0.57733706      0.99107393      3.80000000    -10.00000000
    -32.24080268      0.00000000      0.00000000      0.00000000      0.00000000      0.01501100      3.19061482      0.00010250    113.30423527      0.02731015      1.87588046      0.99982690      0.73293105      0.47110308      0.47110308      0.57723093      0.99125142      3.80000000    -10.00000000
    -32.40802676      0.00000000      0.00000000      0.00000000      0.00000000      0.01444392      3.23416823      0.00009938    115.53574123      0.02751886      1.87928733      0.99982690      0.73324284      0.47135740      0.47135740      0.57711108      0.99141894      3.80000000    -10.00000000
    -32.57525084      0.00000000      0.00000000      0.00000000      0.00000000      0.01389553      3.27772946      0.00009638    117.71997940      0.02774071      1.88258971      0.99982690      0.73348853      0.47161387      0.47161387      0.57697671      0.99157682      3.80000000    -10.00000000
    -32.74247492      0.00000000      0.00000000      0.00000000      0.00000000      0.01336542      3.32129914      0.00009348    119.85923342      0.02797474      1.88579022      0.99982690      0.73371232      0.47187176      0.47187176      0.57682897      0.99172591      3.80000000    -10.00000000
    -32.90969900      0.00000000      0.00000000      0.00000000      0.00000000      0.01285319      3.36487669      0.00009069    121.95102130      0.02822113      1.88889151      0.99982690      0.73372926      0.47213073      0.47213073      0.57666767      0.99186668      3.80000000    -10.00000000
    -33.07692308      0.00000000      0.00000000      0.00000000      0.00000000      0.01235841      3.40846350      0.00008800    124.00173420      0.02847810      1.89189619      0.99982690      0.73399063      0.47239014      0.47239014      0.57649651      0.99200011      3.80000000    -10.00000000
    -33.24414716      0.00000000      0.00000000      0.00000000      0.00000000      0.01188069      3.45205798      0.00008539    126.00473175      0.02874689      1.89480685      0.99982690      0.73407204      0.47264874      0.47264874      0.57631206      0.99212628      3.80000000    -10.00000000
    -33.41137124      0.00000000      0.00000000      0.00000000      0.00000000      0.01141958      3.49566010      0.00008288    127.96036046      0.02902715      1.89762604      0.99982690      0.73411818      0.47291150      0.47291150      0.57614986      0.99224568      3.80000000    -10.00000000
    -33.57859532      0.00000000      0.00000000      0.00000000      0.00000000      0.01097466      3.53927097      0.00008045    129.87510384      0.02931725      1.90035631      0.99982690      0.73412871      0.47317425      0.47317425      0.57591184      0.99235913      3.80000000    -10.00000000
    -33.74581940      0.00000000      0.00000000      0.00000000      0.00000000      0.01054549      3.58288893      0.00007810    131.74041418      0.02961892      1.90300016      0.99982690      0.73410020      0.47343646      0.47343646      0.57569700      0.99246650      3.80000000    -10.00000000
    -33.91304348      0.00000000      0.00000000      0.00000000      0.00000000      0.01013166      3.62651345      0.00007583    133.55105055      0.02993318      1.90556004      0.99982690      0.73403664      0.47369863      0.47369863      0.57547514      0.99256788      3.80000000    -10.00000000
    -34.08026756      0.00000000      0.00000000      0.00000000      0.00000000      0.00973273      3.67014637      0.00007362    135.34417987      0.03025162      1.90803840      0.99982690      0.73393929      0.47395980      0.47395980      0.57524412      0.99266562      3.80000000    -10.00000000
    -34.24749164      0.00000000      0.00000000      0.00000000      0.00000000      0.00934827      3.71378629      0.00007149    137.05787197      0.03058802      1.91043761      0.99982690      0.73380862      0.47421999      0.47421999      0.57499881      0.99275666      3.80000000    -10.00000000
    -34.41471572      0.00000000      0.00000000      0.00000000      0.00000000      0.00897786      3.75743301      0.00006942    138.75783066      0.03092762      1.91276001      0.99982690      0.73362489      0.47447895      0.47447895      0.57474998      0.99284477      3.80000000    -10.00000000
    -34.58193980      0.00000000      0.00000000      0.00000000      0.00000000      0.00862108      3.80108622      0.00006743    140.38343408      0.03128391      1.91500792      0.99982690      0.73345368      0.47473656      0.47473656      0.57449429      0.99292704      3.80000000    -10.00000000
    -34.74916388      0.00000000      0.00000000      0.00000000      0.00000000      0.00827752      3.84474623      0.00006550    141.98420239      0.03164586      1.91718358      0.99982690      0.73323277      0.47499269      0.47499269      0.57423152      0.99300622      3.80000000    -10.00000000
    -34.91638796      0.00000000      0.00000000      0.00000000      0.00000000      0.00794676      3.88841077      0.00006362    143.53627588      0.03201873      1.91928921      0.99982690      0.73298152      0.47524705      0.47524705      0.57396121      0.99308132      3.80000000    -10.00000000
    -35.08361204      0.00000000      0.00000000      0.00000000      0.00000000      0.00762840      3.93208156      0.00006181    145.02665296      0.03240550      1.92132696      0.99982690      0.73270332      0.47549953      0.47549953      0.57368690      0.99315194      3.80000000    -10.00000000
    -35.25083612      0.00000000      0.00000000      0.00000000      0.00000000      0.00732205      3.97575813      0.00006005    146.48817208      0.03279887      1.92329894      0.99982690      0.73240026      0.47574998      0.47574998      0.57340585      0.99321980      3.80000000    -10.00000000
    -35.41806020      0.00000000      0.00000000      0.00000000      0.00000000      0.00702731      4.01943847      0.00005834    147.89985759      0.03320355      1.92520724      0.99982690      0.73207090      0.47599835      0.47599835      0.57309678      0.99328408      3.80000000    -10.00000000
    -35.58528428      0.00000000      0.00000000      0.00000000      0.00000000      0.00674381      4.06312391      0.00005669    149.25272632      0.03362168      1.92705385      0.99982690      0.73171751      0.47624419      0.47624419      0.57282926      0.99334455      3.80000000    -10.00000000
    -35.75250836      0.00000000      0.00000000      0.00000000      0.00000000      0.00647116      4.10681356      0.00005509    150.57508296      0.03404696      1.92884075      0.99982690      0.73134182      0.47648762      0.47648762      0.57253044      0.99340261      3.80000000    -10.00000000
    -35.91973244      0.00000000      0.00000000      0.00000000      0.00000000      0.00620901      4.15050702      0.00005354    151.84125589      0.03448530      1.93056985      0.99982690      0.73094315      0.47672821      0.47672821      0.57223501      0.99345726      3.80000000    -10.00000000
    -36.08695652      0.00000000      0.00000000      0.00000000      0.00000000      0.00595699      4.19420397      0.00005203    153.05959923      0.03493494      1.93224302      0.99982690      0.73052086      0.47696377      0.47696377      0.57191946      0.99350901      3.80000000    -10.00000000
    -36.25418060      0.00000000      0.00000000      0.00000000      0.00000000      0.00571475      4.23790404      0.00005058    154.22961303      0.03539615      1.93386209      0.99982690      0.73009534      0.47720138      0.47720138      0.57162551      0.99355793      3.80000000    -10.00000000
    -36.42140468      0.00000000      0.00000000      0.00000000      0.00000000      0.00548195      4.28160686      0.00004916    155.35090648      0.03586917      1.93542882      0.99982690      0.72962555      0.47743614      0.47743614      0.57131581      0.99360413      3.80000000    -10.00000000
    -36.58862876      0.00000000      0.00000000      0.00000000      0.00000000      0.00525825      4.32531208      0.00004780    156.42317041      0.03635426      1.93694493      0.99982690      0.72914934      0.47766785      0.47766785      0.57100331      0.99364769      3.80000000    -10.00000000
    -36.75585284      0.00000000      0.00000000      0.00000000      0.00000000      0.00504335      4.36901932      0.00004647    157.44591833      0.03685174      1.93841210      0.99982690      0.72865281      0.47789423      0.47789423      0.57057421      0.99368870      3.80000000    -10.00000000
    -36.92307692      0.00000000      0.00000000      0.00000000      0.00000000      0.00483691      4.41272822      0.00004518    158.41886000      0.03736190      1.93983196      0.99982690      0.72814411      0.47812256      0.47812256      0.57082307      0.99372722      3.80000000    -10.00000000
    -37.09030100      0.00000000      0.00000000      0.00000000      0.00000000      0.00463863      4.45643841      0.00004394    159.33762799      0.03788602      1.94120607      0.99982690      0.72761977      0.47834804      0.47834804      0.57004875      0.99376316      3.80000000    -10.00000000
    -37.25752508      0.00000000      0.00000000      0.00000000      0.00000000      0.00444821      4.50014953      0.00004273    160.21011671      0.03842249      1.94253599      0.99982690      0.72708009      0.47857072      0.47857072      0.56972987      0.99379692      3.80000000    -10.00000000
    -37.42474916      0.00000000      0.00000000      0.00000000      0.00000000      0.00426538      4.54386123      0.00004156    161.03506586      0.03897186      1.94382319      0.99982690      0.72652547      0.47879056      0.47879056      0.56940735      0.99382850      3.80000000    -10.00000000
    -37.59197324      0.00000000      0.00000000      0.00000000      0.00000000      0.00408983      4.58757313      0.00004043    161.80229804      0.03953692      1.94506912      0.99982690      0.72582892      0.47900744      0.47900744      0.56908249      0.99385758      3.80000000    -10.00000000
    -37.75919732      0.00000000      0.00000000      0.00000000      0.00000000      0.00392132      4.63128486      0.00003933    162.52410337      0.04011499      1.94627518      0.99982690      0.72537782      0.47922146      0.47922146      0.56869613      0.99388469      3.80000000    -10.00000000
    -37.92642140      0.00000000      0.00000000      0.00000000      0.00000000      0.00375956      4.67499608      0.00003827    163.19124282      0.04070869      1.94744273      0.99982690      0.72478264      0.47943262      0.47943262      0.56843020      0.99390954      3.80000000    -10.00000000
    -38.09364548      0.00000000      0.00000000      0.00000000      0.00000000      0.00360430      4.71870640      0.00003723    163.80648400      0.04131772      1.94857307      0.99982690      0.72417826      0.47964086      0.47964086      0.56810286      0.99393228      3.80000000    -10.00000000
    -38.26086957      0.00000000      0.00000000      0.00000000      0.00000000      0.00345531      4.76241548      0.00003624    164.36967173      0.04194251      1.94966748      0.99982690      0.72356333      0.47984623      0.47984623      0.56777488      0.99395294      3.80000000    -10.00000000
    -38.42809365      0.00000000      0.00000000      0.00000000      0.00000000      0.00331234      4.80612302      0.00003527    164.87976517      0.04258375      1.95072719      0.99982690      0.72293490      0.48004871      0.48004871      0.56744638      0.99397154      3.80000000    -10.00000000
    -38.59531773      0.00000000      0.00000000      0.00000000      0.00000000      0.00317515      4.84982844      0.00003433    165.33928314      0.04324125      1.95175340      0.99982690      0.72229653      0.48024832      0.48024832      0.56711794      0.99398819      3.80000000    -10.00000000
    -38.76254181      0.00000000      0.00000000      0.00000000      0.00000000      0.00304353      4.89353159      0.00003342    165.74546585      0.04391619      1.95274726      0.99982690      0.72165208      0.48044514      0.48044514      0.56678892      0.99400284      3.80000000    -10.00000000
    -38.92976589      0.00000000      0.00000000      0.00000000      0.00000000      0.00291727      4.93723204      0.00003254    166.09916681      0.04460886      1.95370989      0.99982690      0.72061562      0.48063899      0.48063899      0.56645966      0.99401553      3.80000000    -10.00000000
    -39.09698997      0.00000000      0.00000000      0.00000000      0.00000000      0.00279614      4.98092942      0.00003168    166.40036703      0.04531980      1.95464236      0.99982690      0.72033400      0.48083007      0.48083007      0.56613085      0.99402630      3.80000000    -10.00000000
    -39.26421405      0.00000000      0.00000000      0.00000000      0.00000000      0.00267996      5.02462337      0.00003086    166.64908880      0.04604957      1.95554572      0.99982690      0.71966158      0.48101836      0.48101836      0.56580226      0.99403516      3.80000000    -10.00000000
    -39.43143813      0.00000000      0.00000000      0.00000000      0.00000000      0.00256853      5.06831351      0.00003005    166.84539584      0.04679875      1.95642098      0.99982690      0.71898098      0.48120388      0.48120388      0.56547412      0.99404214      3.80000000    -10.00000000
    -39.59866221      0.00000000      0.00000000      0.00000000      0.00000000      0.00246166      5.11199949      0.00002928    166.98938817      0.04756793      1.95726911      0.99982690      0.71829960      0.48138660      0.48138660      0.56514675      0.99404724      3.80000000    -10.00000000
    -39.76588629      0.00000000      0.00000000      0.00000000      0.00000000      0.00235917      5.15568091      0.00002852    167.08118477      0.04835774      1.95809106      0.99982690      0.71760795      0.48156661      0.48156661      0.56481768      0.99405049      3.80000000    -10.00000000
    -39.93311037      0.00000000      0.00000000      0.00000000      0.00000000      0.00226089      5.19935743      0.00002779    167.12107758      0.04916880      1.95888773      0.99982690      0.71691081      0.48174391      0.48174391      0.56449360      0.99405191      3.80000000    -10.00000000
    -40.10033445      0.00000000      0.00000000      0.00000000      0.00000000      0.00216665      5.24302864      0.00002709    167.10910038      0.05000183      1.95966001      0.99982690      0.71620896      0.48191852      0.48191852      0.56416734      0.99405148      3.80000000    -10.00000000
    -40.26755853      0.00000000      0.00000000      0.00000000      0.00000000      0.00207629      5.28669418      0.00002640    167.04569776      0.05085745      1.96040875      0.99982690      0.71550013      0.48209052      0.48209052      0.56384272      0.99404924      3.80000000    -10.00000000
    -40.43478261      0.00000000      0.00000000      0.00000000      0.00000000      0.00198966      5.33035366      0.00002574    166.93111801      0.05173641      1.96113476      0.99982690      0.71457497      0.48225988      0.48225988      0.56351904      0.99404518      3.80000000    -10.00000000
    -40.60200669      0.00000000      0.00000000      0.00000000      0.00000000      0.00190661      5.37400670      0.00002509    166.76569786      0.05263943      1.96183884      0.99982690      0.71407033      0.48242665      0.48242665      0.56320504      0.99403931      3.80000000    -10.00000000
    -40.76923077      0.00000000      0.00000000      0.00000000      0.00000000      0.00182698      5.41765290      0.00002447    166.54985033      0.05356728      1.96252175      0.99982690      0.71334874      0.48259087      0.48259087      0.56287496      0.99403163      3.80000000    -10.00000000
    -40.93645485      0.00000000      0.00000000      0.00000000      0.00000000      0.00175065      5.46129187      0.00002386    166.28399459      0.05452075      1.96318422      0.99982690      0.71262548      0.48275257      0.48275257      0.56255468      0.99402214      3.80000000    -10.00000000
    -41.10367893      0.00000000      0.00000000      0.00000000      0.00000000      0.00167748      5.50492320      0.00002328    165.96861808      0.05550065      1.96382698      0.99982690      0.71189485      0.48291179      0.48291179      0.56223526      0.99401085      3.80000000    -10.00000000
    -41.27090301      0.00000000      0.00000000      0.00000000      0.00000000      0.00160735      5.54854649      0.00002271    165.60422535      0.05650782      1.96445070      0.99982690      0.71116713      0.48306854      0.48306854      0.56200975      0.99399775      3.80000000    -10.00000000
    -41.43812709      0.00000000      0.00000000      0.00000000      0.00000000      0.00154012      5.59216134      0.00002216    165.19138194      0.05754313      1.96505605      0.99982690      0.71043393      0.48322288      0.48322288      0.56160163      0.99398284      3.80000000    -10.00000000
    -41.60535117      0.00000000      0.00000000      0.00000000      0.00000000      0.00147569      5.63576732      0.00002162    164.73067820      0.05860749      1.96564366      0.99982690      0.70969825      0.48337484      0.48337484      0.56128546      0.99396611      3.80000000    -10.00000000
    -41.77257525      0.00000000      0.00000000      0.00000000      0.00000000      0.00141393      5.67936401      0.00002111    164.22277965      0.05970181      1.96621416      0.99982690      0.70896052      0.48352442      0.48352442      0.56097408      0.99394757      3.80000000    -10.00000000
    -41.93979933      0.00000000      0.00000000      0.00000000      0.00000000      0.00135474      5.72295098      0.00002060    163.66832770      0.06082707      1.96676813      0.99982690      0.70822126      0.48367174      0.48367174      0.56066201      0.99392719      3.80000000    -10.00000000
    -42.10702341      0.00000000      0.00000000      0.00000000      0.00000000      0.00129802      5.76652779      0.00002012    163.06805677      0.06198426      1.96730616      0.99982690      0.70765467      0.48381676      0.48381676      0.56035240      0.99390497      3.80000000    -10.00000000
    -42.27424749      0.00000000      0.00000000      0.00000000      0.00000000      0.00124366      5.81009401      0.00001964    162.42268004      0.06317440      1.96782878      0.99982690      0.70673759      0.48395943      0.48395943      0.56004339      0.99388090      3.80000000    -10.00000000
    -42.44147157      0.00000000      0.00000000      0.00000000      0.00000000      0.00119157      5.85364917      0.00001919    161.73301845      0.06439857      1.96833654      0.99982690      0.70599401      0.48410009      0.48410009      0.55973655      0.99385497      3.80000000    -10.00000000
    -42.60869565      0.00000000      0.00000000      0.00000000      0.00000000      0.00114164      5.89719282      0.00001874    160.99988734      0.06565784      1.96882995      0.99982690      0.70525029      0.48423849      0.48423849      0.55945895      0.99382716      3.80000000    -10.00000000
    -42.77591973      0.00000000      0.00000000      0.00000000      0.00000000      0.00109381      5.94072449      0.00001831    160.22413020      0.06695337      1.96930951      0.99982690      0.70450667      0.48437474      0.48437474      0.55912695      0.99379745      3.80000000    -10.00000000
    -42.94314381      0.00000000      0.00000000      0.00000000      0.00000000      0.00104797      5.98424370      0.00001789    159.40663250      0.06828631      1.96977568      0.99982690      0.70374336      0.48450889      0.48450889      0.55882645      0.99376584      3.80000000    -10.00000000
    -43.11036789      0.00000000      0.00000000      0.00000000      0.00000000      0.00100404      6.02774996      0.00001749    158.54831246      0.06965789      1.97022893      0.99982690      0.70301514      0.48464098      0.48464098      0.55852657      0.99373231      3.80000000    -10.00000000
    -43.27759197      0.00000000      0.00000000      0.00000000      0.00000000      0.00096195      6.07124279      0.00001709    157.65012089      0.07106936      1.97066971      0.99982690      0.70227017      0.48477097      0.48477097      0.55822852      0.99369682      3.80000000    -10.00000000
    -43.44481605      0.00000000      0.00000000      0.00000000      0.00000000      0.00092162      6.11472166      0.00001671    156.71301619      0.07252201      1.97109844      0.99982690      0.70152506      0.48489910      0.48489910      0.55793313      0.99365937      3.80000000    -10.00000000
    -43.61204013      0.00000000      0.00000000      0.00000000      0.00000000      0.00088298      6.15818605      0.00001634    155.73800508      0.07401718      1.97151554      0.99982690      0.70078020      0.48502519      0.48502519      0.55764212      0.99361993      3.80000000    -10.00000000
    -43.77926421      0.00000000      0.00000000      0.00000000      0.00000000      0.00084596      6.20163546      0.00001598    154.72611829      0.07555624      1.97192139      0.99982690      0.70003441      0.48514935      0.48514935      0.55734563      0.99357847      3.80000000    -10.00000000
    -43.94648829      0.00000000      0.00000000      0.00000000      0.00000000      0.00081048      6.24506931      0.00001563    153.67836365      0.07714065      1.97231638      0.99982690      0.69929248      0.48527163      0.48527163      0.55705392      0.99353497      3.80000000    -10.00000000
    -44.11371237      0.00000000      0.00000000      0.00000000      0.00000000      0.00077649      6.28848707      0.00001529    152.59586341      0.07877186      1.97270089      0.99982690      0.69854977      0.48539204      0.48539204      0.55680965      0.99348941      3.80000000    -10.00000000
    -44.28093645      0.00000000      0.00000000      0.00000000      0.00000000      0.00074393      6.33188817      0.00001496    151.47968030      0.08045140      1.97307527      0.99982690      0.69780869      0.48551068      0.48551068      0.55648022      0.99344175      3.80000000    -10.00000000
    -44.44816054      0.00000000      0.00000000      0.00000000      0.00000000      0.00071273      6.37527203      0.00001464    150.33092450      0.08218085      1.97343985      0.99982690      0.69706804      0.48562741      0.48562741      0.55619561      0.99339197      3.80000000    -10.00000000
    -44.61538462      0.00000000      0.00000000      0.00000000      0.00000000      0.00068284      6.41863805      0.00001433    149.15071637      0.08396184      1.97379497      0.99982690      0.69632879      0.48574243      0.48574243      0.55591247      0.99334003      3.80000000    -10.00000000
    -44.78260870      0.00000000      0.00000000      0.00000000      0.00000000      0.00065420      6.46198563      0.00001403    147.94019704      0.08579605      1.97414095      0.99982690      0.69559096      0.48585572      0.48585572      0.55563131      0.99328590      3.80000000    -10.00000000
    -44.94983278      0.00000000      0.00000000      0.00000000      0.00000000      0.00062677      6.50531413      0.00001374    146.70050840      0.08768523      1.97447809      0.99982690      0.69485470      0.48596731      0.48596731      0.55535253      0.99322954      3.80000000    -10.00000000
    -45.11705686      0.00000000      0.00000000      0.00000000      0.00000000      0.00060048      6.54862294      0.00001346    145.43282033      0.08963117      1.97480669      0.99982690      0.69411724      0.48607723      0.48607723      0.55507541      0.99317093      3.80000000    -10.00000000
    -45.28428094      0.00000000      0.00000000      0.00000000      0.00000000      0.00057530      6.59191138      0.00001318    144.13830211      0.09163573      1.97512703      0.99982690      0.69338714      0.48618551      0.48618551      0.55480035      0.99311002      3.80000000    -10.00000000
    -45.45150502      0.00000000      0.00000000      0.00000000      0.00000000      0.00055118      6.63517878      0.00001291    142.81813129      0.09370083      1.97543939      0.99982690      0.69265734      0.48629218      0.48629218      0.55452761      0.99304677      3.80000000    -10.00000000
    -45.61872910      0.00000000      0.00000000      0.00000000      0.00000000      0.00052807      6.67842447      0.00001265    141.47349118      0.09582845      1.97574403      0.99982690      0.69192703      0.48639727      0.48639727      0.55425619      0.99298115      3.80000000    -10.00000000
    -45.78595318      0.00000000      0.00000000      0.00000000      0.00000000      0.00050593      6.72164773      0.00001240    140.10557024      0.09802066      1.97604120      0.99982690      0.69103123      0.48650081      0.48650081      0.55398659      0.99291311      3.80000000    -10.00000000
    -45.95317726      0.00000000      0.00000000      0.00000000      0.00000000      0.00048471      6.76484783      0.00001215    138.71555932      0.10027955      1.97633116      0.99982690      0.69126269      0.48660282      0.48660282      0.55371975      0.99284260      3.80000000    -10.00000000
    -46.12040134      0.00000000      0.00000000      0.00000000      0.00000000      0.00046439      6.80802404      0.00001191    137.30465131      0.10260734      1.97661413      0.99982690      0.68975055      0.48670332      0.48670332      0.55345449      0.99276959      3.80000000    -10.00000000
    -46.28762542      0.00000000      0.00000000      0.00000000      0.00000000      0.00044493      6.85117559      0.00001168    135.87403446      0.10500627      1.97689035      0.99982690      0.68903150      0.48680241      0.48680241      0.55319108      0.99269401      3.80000000    -10.00000000
    -46.45484950      0.00000000      0.00000000      0.00000000      0.00000000      0.00042628      6.89430169      0.00001146    134.42489712      0.10747869      1.97716003      0.99982690      0.68831374      0.48690002      0.48690002      0.55293006      0.99261583      3.80000000    -10.00000000
    -46.62207358      0.00000000      0.00000000      0.00000000      0.00000000      0.00040841      6.93740155      0.00001124    132.95842205      0.11002701      1.97742338      0.99982690      0.68759899      0.48699623      0.48699623      0.55266972      0.99253500      3.80000000    -10.00000000
    -46.78929766      0.00000000      0.00000000      0.00000000      0.00000000      0.00039130      6.98047432      0.00001102    131.47578880      0.11265373      1.97768062      0.99982690      0.68688591      0.48709105      0.48709105      0.55241303      0.99245145      3.80000000    -10.00000000
    -46.95652174      0.00000000      0.00000000      0.00000000      0.00000000      0.00037490      7.02351917      0.00001081    129.97817039      0.11536143      1.97793193      0.99982690      0.68617465      0.48718451      0.48718451      0.55215679      0.99236514      3.80000000    -10.00000000
    -47.12374582      0.00000000      0.00000000      0.00000000      0.00000000      0.00035920      7.06653522      0.00001061    128.46670751      0.11815279      1.97817751      0.99982690      0.68546692      0.48727664      0.48727664      0.55191880      0.99227601      3.80000000    -10.00000000
    -47.29096990      0.00000000      0.00000000      0.00000000      0.00000000      0.00034415      7.10952157      0.00001041    126.94257476      0.12103054      1.97841753      0.99982690      0.68474930      0.48736746      0.48736746      0.55165259      0.99218399      3.80000000    -10.00000000
    -47.45819398      0.00000000      0.00000000      0.00000000      0.00000000      0.00032974      7.15247730      0.00001022    125.40690286      0.12399753      1.97865218      0.99982690      0.68405913      0.48745699      0.48745699      0.55115497      0.99208904      3.80000000    -10.00000000
    -47.62541806      0.00000000      0.00000000      0.00000000      0.00000000      0.00031593      7.19540145      0.00001004    123.86081793      0.12705672      1.97888162      0.99982690      0.68335805      0.48754527      0.48754527      0.55120484      0.99199108      3.80000000    -10.00000000
    -47.79264214      0.00000000      0.00000000      0.00000000      0.00000000      0.00030270      7.23829307      0.00000986    122.30543140      0.13021113      1.97910602      0.99982690      0.68266098      0.48763230      0.48763230      0.55090822      0.99189006      3.80000000    -10.00000000
    -47.95986622      0.00000000      0.00000000      0.00000000      0.00000000      0.00029003      7.28116331      0.00000968    120.76642176      0.13343718      1.97932554      0.99982690      0.68173379      0.48771814      0.48771814      0.55066476      0.99178756      3.80000000    -10.00000000
    -48.12709030      0.00000000      0.00000000      0.00000000      0.00000000      0.00027789      7.32397463      0.00000951    119.17112265      0.13681828      1.97954032      0.99982690      0.68127637      0.48780275      0.48780275      0.55042198      0.99167853      3.80000000    -10.00000000
    -48.29431438      0.00000000      0.00000000      0.00000000      0.00000000      0.00026626      7.36676249      0.00000934    117.59434178      0.14027763      1.97975052      0.99982690      0.68057718      0.48788621      0.48788621      0.55018162      0.99156789      3.80000000    -10.00000000
    -48.46153846      0.00000000      0.00000000      0.00000000      0.00000000      0.00025512      7.40951361      0.00000918    116.01254084      0.14384540      1.97995627      0.99982690      0.67990332      0.48796853      0.48796853      0.54994316      0.99145391      3.80000000    -10.00000000
    -48.62876254      0.00000000      0.00000000      0.00000000      0.00000000      0.00024445      7.45222689      0.00000902    114.42674252      0.14752517      1.98015771      0.99982690      0.67922152      0.48804972      0.48804972      0.54970654      0.99133650      3.80000000    -10.00000000
    -48.79598662      0.00000000      0.00000000      0.00000000      0.00000000      0.00023423      7.49490117      0.00000886    112.83794835      0.15132063      1.98035497      0.99982690      0.67854279      0.48812980      0.48812980      0.54947187      0.99121558      3.80000000    -10.00000000
    -48.96321070      0.00000000      0.00000000      0.00000000      0.00000000      0.00022443      7.53753526      0.00000871    111.24714562      0.15523561      1.98054818      0.99982690      0.67786657      0.48820880      0.48820880      0.54923803      0.99109109      3.80000000    -10.00000000
    -49.13043478      0.00000000      0.00000000      0.00000000      0.00000000      0.00021505      7.58012794      0.00000856    109.65528768      0.15927404      1.98073747      0.99982690      0.67719367      0.48828674      0.48828674      0.54900842      0.99096293      3.80000000    -10.00000000
    -49.29765886      0.00000000      0.00000000      0.00000000      0.00000000      0.00020606      7.62267795      0.00000842    108.06330939      0.16344001      1.98092294      0.99982690      0.67652392      0.48836363      0.48836363      0.54877798      0.99083101      3.80000000    -10.00000000
    -49.46488294      0.00000000      0.00000000      0.00000000      0.00000000      0.00019745      7.66518400      0.00000828    106.47212732      0.16773772      1.98110472      0.99982690      0.67585677      0.48843949      0.48843949      0.54855013      0.99069526      3.80000000    -10.00000000
    -49.63210702      0.00000000      0.00000000      0.00000000      0.00000000      0.00018920      7.70764477      0.00000814    104.88263155      0.17217152      1.98128291      0.99982690      0.67519366      0.48851435      0.48851435      0.54826013      0.99055558      3.80000000    -10.00000000
    -49.79933110      0.00000000      0.00000000      0.00000000      0.00000000      0.00018130      7.75005888      0.00000801    103.29568305      0.17674590      1.98145762      0.99982690      0.67453364      0.48858822      0.48858822      0.54810037      0.99041188      3.80000000    -10.00000000
    -49.96655518      0.00000000      0.00000000      0.00000000      0.00000000      0.00017373      7.79242492      0.00000788    101.71212163      0.18146549      1.98162895      0.99982690      0.67387667      0.48866113      0.48866113      0.54787808      0.99026405      3.80000000    -10.00000000
    -50.13377926      0.00000000      0.00000000      0.00000000      0.00000000      0.00016648      7.83474145      0.00000776    100.13276102      0.18633509      1.98179700      0.99982690      0.67322290      0.48873308      0.48873308      0.54765740      0.99011201      3.80000000    -10.00000000
    -50.30100334      0.00000000      0.00000000      0.00000000      0.00000000      0.00015953      7.87700696      0.00000763     98.55838881      0.19135965      1.98196187      0.99982690      0.67257236      0.48880410      0.48880410      0.54743856      0.98995564      3.80000000    -10.00000000
    -50.46822742      0.00000000      0.00000000      0.00000000      0.00000000      0.00015287      7.91921993      0.00000751     96.98976690      0.19654428      1.98212364      0.99982690      0.67190894      0.48887420      0.48887420      0.54722159      0.98979485      3.80000000    -10.00000000
    -50.63545151      0.00000000      0.00000000      0.00000000      0.00000000      0.00014650      7.96137878      0.00000740     95.42763044      0.20189425      1.98228241      0.99982690      0.67127638      0.48894340      0.48894340      0.54700562      0.98962953      3.80000000    -10.00000000
    -50.80267559      0.00000000      0.00000000      0.00000000      0.00000000      0.00014039      8.00348187      0.00000728     93.87268835      0.20741501      1.98243826      0.99982690      0.67064063      0.48901172      0.48901172      0.54677876      0.98945956      3.80000000    -10.00000000
    -50.96989967      0.00000000      0.00000000      0.00000000      0.00000000      0.00013454      8.04552754      0.00000717     92.32562432      0.21311220      1.98259127      0.99982690      0.67000172      0.48907917      0.48907917      0.54657976      0.98928483      3.80000000    -10.00000000
    -51.13712375      0.00000000      0.00000000      0.00000000      0.00000000      0.00012893      8.08751405      0.00000706     90.78709349      0.21899162      1.98274152      0.99982690      0.66935972      0.48914577      0.48914577      0.54636923      0.98910522      3.80000000    -10.00000000
    -51.30434783      0.00000000      0.00000000      0.00000000      0.00000000      0.00012356      8.12943964      0.00000695     89.25772596      0.22505927      1.98288910      0.99982690      0.66873759      0.48921153      0.48921153      0.54616035      0.98892062      3.80000000    -10.00000000
    -51.47157191      0.00000000      0.00000000      0.00000000      0.00000000      0.00011841      8.17130247      0.00000685     87.73812465      0.23132136      1.98303407      0.99982690      0.66810946      0.48927647      0.48927647      0.54595381      0.98873089      3.80000000    -10.00000000
    -51.63879599      0.00000000      0.00000000      0.00000000      0.00000000      0.00011348      8.21310066      0.00000675     86.22886650      0.23778427      1.98317651      0.99982690      0.66748559      0.48934060      0.48934060      0.54574778      0.98853591      3.80000000    -10.00000000
    -51.80602007      0.00000000      0.00000000      0.00000000      0.00000000      0.00010875      8.25483229      0.00000665     84.73050171      0.24445461      1.98331648      0.99982690      0.66676163      0.48940394      0.48940394      0.54554343      0.98833554      3.80000000    -10.00000000
    -51.97324415      0.00000000      0.00000000      0.00000000      0.00000000      0.00010423      8.29649534      0.00000655     83.24355519      0.25133920      1.98345406      0.99982690      0.66624624      0.48946650      0.48946650      0.54526540      0.98812966      3.80000000    -10.00000000
    -52.14046823      0.00000000      0.00000000      0.00000000      0.00000000      0.00009989      8.33808778      0.00000645     81.76852537      0.25844508      1.98358930      0.99982690      0.66563229      0.48952830      0.48952830      0.54513998      0.98791811      3.80000000    -10.00000000
    -52.30769231      0.00000000      0.00000000      0.00000000      0.00000000      0.00009574      8.37960749      0.00000636     80.30588528      0.26577950      1.98372228      0.99982690      0.66502114      0.48958935      0.48958935      0.54494072      0.98770077      3.80000000    -10.00000000
    -52.47491639      0.00000000      0.00000000      0.00000000      0.00000000      0.00009176      8.42105229      0.00000627     78.85608288      0.27334997      1.98385304      0.99982690      0.66441386      0.48964966      0.48964966      0.54474351      0.98747747      3.80000000    -10.00000000
    -52.64214047      0.00000000      0.00000000      0.00000000      0.00000000      0.00008794      8.46241994      0.00000618     77.41954079      0.28116423      1.98398166      0.99982690      0.66380826      0.48970925      0.48970925      0.54454672      0.98724808      3.80000000    -10.00000000
    -52.80936455      0.00000000      0.00000000      0.00000000      0.00000000      0.00008429      8.50370928      0.00000610     75.99743726      0.28922736      1.98410818      0.99982690      0.66320734      0.48976812      0.48976812      0.54435184      0.98701255      3.80000000    -10.00000000
    -52.97658863      0.00000000      0.00000000      0.00000000      0.00000000      0.00008079      8.54491453      0.00000601     74.58780711      0.29755628      1.98423266      0.99982690      0.66260939      0.48982630      0.48982630      0.54415870      0.98677035      3.80000000    -10.00000000
    -53.14381271      0.00000000      0.00000000      0.00000000      0.00000000      0.00007744      8.58603664      0.00000593     73.19333977      0.30615082      1.98435515      0.99982690      0.66201333      0.48988379      0.48988379      0.54396698      0.98652170      3.80000000    -10.00000000
    -53.31103679      0.00000000      0.00000000      0.00000000      0.00000000      0.00007422      8.62707205      0.00000585     71.81362728      0.31502244      1.98447571      0.99982690      0.66154684      0.48994060      0.48994060      0.54375378      0.98626631      3.80000000    -10.00000000
    -53.47826087      0.00000000      0.00000000      0.00000000      0.00000000      0.00007114      8.66801747      0.00000577     70.44785408      0.32418528      1.98459439      0.99982690      0.66083474      0.48999676      0.48999676      0.54358794      0.98600378      3.80000000    -10.00000000
    -53.64548495      0.00000000      0.00000000      0.00000000      0.00000000      0.00006819      8.70887187      0.00000569     69.09939164      0.33363460      1.98471122      0.99982690      0.66025000      0.49005225      0.49005225      0.54340059      0.98573454      3.80000000    -10.00000000
    -53.81270903      0.00000000      0.00000000      0.00000000      0.00000000      0.00006537      8.74963101      0.00000561     67.76549944      0.34339372      1.98482627      0.99982690      0.65966808      0.49010711      0.49010711      0.54321467      0.98545782      3.80000000    -10.00000000
    -53.97993311      0.00000000      0.00000000      0.00000000      0.00000000      0.00006266      8.79029256      0.00000554     66.44740077      0.35346806      1.98493956      0.99982690      0.65908944      0.49016134      0.49016134      0.54303018      0.98517363      3.80000000    -10.00000000
    -54.14715719      0.00000000      0.00000000      0.00000000      0.00000000      0.00006006      8.83085360      0.00000546     65.14531307      0.36386787      1.98505115      0.99982690      0.65851421      0.49021495      0.49021495      0.54284712      0.98488177      3.80000000    -10.00000000
    -54.31438127      0.00000000      0.00000000      0.00000000      0.00000000      0.00005758      8.87131114      0.00000539     63.85943338      0.37460371      1.98516108      0.99982690      0.65794213      0.49026795      0.49026795      0.54266541      0.98458204      3.80000000    -10.00000000
    -54.48160535      0.00000000      0.00000000      0.00000000      0.00000000      0.00005519      8.91166210      0.00000532     62.58993867      0.38568647      1.98526939      0.99982690      0.65737324      0.49032036      0.49032036      0.54248512      0.98427424      3.80000000    -10.00000000
    -54.64882943      0.00000000      0.00000000      0.00000000      0.00000000      0.00005291      8.95190332      0.00000525     61.33698991      0.39712737      1.98537612      0.99982690      0.65680777      0.49037217      0.49037217      0.54230617      0.98395816      3.80000000    -10.00000000
    -54.81605351      0.00000000      0.00000000      0.00000000      0.00000000      0.00005072      8.99203152      0.00000519     60.10071819      0.40893802      1.98548130      0.99982690      0.65614427      0.49042341      0.49042341      0.54212843      0.98363358      3.80000000    -10.00000000
    -54.98327759      0.00000000      0.00000000      0.00000000      0.00000000      0.00004863      9.03204336      0.00000512     58.88125243      0.42113031      1.98558497      0.99982690      0.65568582      0.49047407      0.49047407      0.54195253      0.98330028      3.80000000    -10.00000000
    -55.15050167      0.00000000      0.00000000      0.00000000      0.00000000      0.00004662      9.07193537      0.00000506     57.67869373      0.43371654      1.98568717      0.99982690      0.65512951      0.49052418      0.49052418      0.54177747      0.98295804      3.80000000    -10.00000000
    -55.31772575      0.00000000      0.00000000      0.00000000      0.00000000      0.00004469      9.11170399      0.00000499     56.49311861      0.44670948      1.98578793      0.99982690      0.65457647      0.49057374      0.49057374      0.54160393      0.98260661      3.80000000    -10.00000000
    -55.48494983      0.00000000      0.00000000      0.00000000      0.00000000      0.00004285      9.15134550      0.00000493     55.32464877      0.46012173      1.98588729      0.99982690      0.65402639      0.49062276      0.49062276      0.54143163      0.98224578      3.80000000    -10.00000000
    -55.65217391      0.00000000      0.00000000      0.00000000      0.00000000      0.00004108      9.19085644      0.00000487     54.17324428      0.47396757      1.98598528      0.99982690      0.65342859      0.49067124      0.49067124      0.54126081      0.98187527      3.80000000    -10.00000000
    -55.81939799      0.00000000      0.00000000      0.00000000      0.00000000      0.00003939      9.23023258      0.00000481     53.03901700      0.48826021      1.98608193      0.99982690      0.65293621      0.49071921      0.49071921      0.54109175      0.98149485      3.80000000    -10.00000000
    -55.98662207      0.00000000      0.00000000      0.00000000      0.00000000      0.00003776      9.26946998      0.00000475     51.92198050      0.50301399      1.98617727      0.99982690      0.65239548      0.49076665      0.49076665      0.54092235      0.98110426      3.80000000    -10.00000000
    -56.15384615      0.00000000      0.00000000      0.00000000      0.00000000      0.00003621      9.30856495      0.00000469     50.82215485      0.51824354      1.98627133      0.99982690      0.65185803      0.49081360      0.49081360      0.54075540      0.98070323      3.80000000    -10.00000000
    -56.32107023      0.00000000      0.00000000      0.00000000      0.00000000      0.00003472      9.34751259      0.00000463     49.73945326      0.53396479      1.98636413      0.99982690      0.65132273      0.49086002      0.49086002      0.54058947      0.98029147      3.80000000    -10.00000000
    -56.48829431      0.00000000      0.00000000      0.00000000      0.00000000      0.00003329      9.38630916      0.00000458     48.67398580      0.55019205      1.98645571      0.99982690      0.65066856      0.49090600      0.49090600      0.54042481      0.97986874      3.80000000    -10.00000000
    -56.65551839      0.00000000      0.00000000      0.00000000      0.00000000      0.00003192      9.42494974      0.00000452     47.62560574      0.56694259      1.98654610      0.99982690      0.65076066      0.49095146      0.49095146      0.54026138      0.97943470      3.80000000    -10.00000000
    -56.82274247      0.00000000      0.00000000      0.00000000      0.00000000      0.00003061      9.46343010      0.00000447     46.59436208      0.58423194      1.98663531      0.99982690      0.64973835      0.49099646      0.49099646      0.54009816      0.97898911      3.80000000    -10.00000000
    -56.98996656      0.00000000      0.00000000      0.00000000      0.00000000      0.00002935      9.50174533      0.00000442     45.58016921      0.60207743      1.98672338      0.99982690      0.64921605      0.49104099      0.49104099      0.53993811      0.97853164      3.80000000    -10.00000000
    -57.15719064      0.00000000      0.00000000      0.00000000      0.00000000      0.00002814      9.53989068      0.00000437     44.58295866      0.62049662      1.98681032      0.99982690      0.64869500      0.49108506      0.49108506      0.53977820      0.97806198      3.80000000    -10.00000000
    -57.32441472      0.00000000      0.00000000      0.00000000      0.00000000      0.00002699      9.57786111      0.00000432     43.60266162      0.63950741      1.98689617      0.99982690      0.64818040      0.49112867      0.49112867      0.53961972      0.97757981      3.80000000    -10.00000000
    -57.49163880      0.00000000      0.00000000      0.00000000      0.00000000      0.00002588      9.61565149      0.00000427     42.63919611      0.65912826      1.98698095      0.99982690      0.64766671      0.49117184      0.49117184      0.53946202      0.97708482      3.80000000    -10.00000000
    -57.65886288      0.00000000      0.00000000      0.00000000      0.00000000      0.00002482      9.65325655      0.00000422     41.69246923      0.67937817      1.98706467      0.99982690      0.64715634      0.49121458      0.49121458      0.53909994      0.97657667      3.80000000    -10.00000000
    -57.82608696      0.00000000      0.00000000      0.00000000      0.00000000      0.00002380      9.69067087      0.00000417     40.76237975      0.70027668      1.98714736      0.99982690      0.64664852      0.49125688      0.49125688      0.53912136      0.97605500      3.80000000    -10.00000000
    -57.99331104      0.00000000      0.00000000      0.00000000      0.00000000      0.00002283      9.72788886      0.00000412     39.84881809      0.72184386      1.98722905      0.99982690      0.64614409      0.49129875      0.49129875      0.53914256      0.97551949      3.80000000    -10.00000000
    -58.16053512      0.00000000      0.00000000      0.00000000      0.00000000      0.00002190      9.76490480      0.00000407     38.95166641      0.74410033      1.98730974      0.99982690      0.64563987      0.49134021      0.49134021      0.53884340      0.97496975      3.80000000    -10.00000000
    -58.32775920      0.00000000      0.00000000      0.00000000      0.00000000      0.00002100      9.80171282      0.00000403     38.07080075      0.76706726      1.98738947      0.99982690      0.64510870      0.49138125      0.49138125      0.53869166      0.97440544      3.80000000    -10.00000000
    -58.49498328      0.00000000      0.00000000      0.00000000      0.00000000      0.00002014      9.83830684      0.00000398     37.20608827      0.79076643      1.98746825      0.99982690      0.64464737      0.49142189      0.49142189      0.53853866      0.97382616      3.80000000    -10.00000000
    -58.66220736      0.00000000      0.00000000      0.00000000      0.00000000      0.00001932      9.87468066      0.00000394     36.35739082      0.81522018      1.98754610      0.99982690      0.64415434      0.49146213      0.49146213      0.53839113      0.97323154      3.80000000    -10.00000000
    -58.82943144      0.00000000      0.00000000      0.00000000      0.00000000      0.00001853      9.91082791      0.00000389     35.52456568      0.84045140      1.98762303      0.99982690      0.64366403      0.49150198      0.49150198      0.53824232      0.97262117      3.80000000    -10.00000000
    -58.99665552      0.00000000      0.00000000      0.00000000      0.00000000      0.00001778      9.94674198      0.00000385     34.70745688      0.86648375      1.98769907      0.99982690      0.64317566      0.49154144      0.49154144      0.53809503      0.97199465      3.80000000    -10.00000000
    -59.16387960      0.00000000      0.00000000      0.00000000      0.00000000      0.00001705      9.98241618      0.00000381     33.90591455      0.89334126      1.98777424      0.99982690      0.64269139      0.49158051      0.49158051      0.53795196      0.97135156      3.80000000    -10.00000000
    -59.33110368      0.00000000      0.00000000      0.00000000      0.00000000      0.00001636     10.01784357      0.00000377     33.11977574      0.92104874      1.98784855      0.99982690      0.64220939      0.49161921      0.49161921      0.53780316      0.97069148      3.80000000    -10.00000000
    -59.49832776      0.00000000      0.00000000      0.00000000      0.00000000      0.00001569     10.05301705      0.00000373     32.34887592      0.94963159      1.98792201      0.99982690      0.64173015      0.49165754      0.49165754      0.53765718      0.97001398      3.80000000    -10.00000000
    -59.66555184      0.00000000      0.00000000      0.00000000      0.00000000      0.00001505     10.08792932      0.00000369     31.59304550      0.97911584      1.98799464      0.99982690      0.64125364      0.49169551      0.49169551      0.53751552      0.96931861      3.80000000    -10.00000000
    -59.83277592      0.00000000      0.00000000      0.00000000      0.00000000      0.00001444     10.12257289      0.00000365     30.85211126      1.00952818      1.98806647      0.99982690      0.64077972      0.49173311      0.49173311      0.53737312      0.96860491      3.80000000    -10.00000000
    -60.00000000      0.00000000      0.00000000      0.00000000      0.00000000      0.00001386     10.15694008      0.00000361     30.12589647      1.04089593      1.98813749      0.99982690      0.64030883      0.49177036      0.49177036      0.53723180      0.96787241      3.80000000    -10.00000000
