    -10.00000000      0.00000000      0.00000000      0.00000000      0.00000000      0.01782122      0.00000222      0.01022205      0.00000000      3.11339503      0.99981943      0.99981943      0.50003847      0.50005149      0.50005149      0.49999349      0.00000000      2.80000000    -10.00000000
    -10.16722408      0.00000000      0.00000000      0.00000000      0.00000000      0.01776499     -0.11518270      0.01019582      0.00129451      3.11523288      1.00184589      0.99981943      0.49597010      0.50059413      0.50059413      0.49861148      0.00129284      2.80000000    -10.00000000
    -10.33444816      0.00000000      0.00000000      0.00000000      0.00000000      0.01784511     -0.22951840      0.01015408      0.00518444      3.08854998      1.00369706      0.99981943      0.49173644      0.50115458      0.50115458      0.49700942      0.00515770      2.80000000    -10.00000000
    -10.50167224      0.00000000      0.00000000      0.00000000      0.00000000      0.01797320     -0.34179398      0.01008528      0.01165881      3.04576363      1.00555841      0.99981943      0.48685969      0.50172939      0.50172939      0.49505136      0.01152445      2.80000000    -10.00000000
    -10.66889632      0.00000000      0.00000000      0.00000000      0.00000000      0.01814239     -0.45137320      0.00999032      0.02071928      2.98894847      1.00743505      0.99981943      0.48095260      0.50229973      0.50229973      0.49396468      0.02029870      2.80000000    -10.00000000
    -10.83612040      0.00000000      0.00000000      0.00000000      0.00000000      0.01835556     -0.55748736      0.00987043      0.03236604      2.91878446      1.00933212      0.99981943      0.47802193      0.50286792      0.50286792      0.49276675      0.03135132      2.80000000    -10.00000000
    -11.00334448      0.00000000      0.00000000      0.00000000      0.00000000      0.01861451     -0.65940519      0.00972715      0.04659707      2.83640103      1.01125479      0.99981943      0.47451605      0.50344335      0.50344335      0.49152388      0.04452245      2.80000000    -10.00000000
    -11.17056856      0.00000000      0.00000000      0.00000000      0.00000000      0.01892031     -0.75647405      0.00956227      0.06340788      2.74325606      1.01320827      0.99981943      0.47090555      0.50401423      0.50401423      0.49027674      0.05962705      2.80000000    -10.00000000
    -11.33779264      0.00000000      0.00000000      0.00000000      0.00000000      0.01927374     -0.84813292      0.00937778      0.08279078      2.64099391      1.01519781      0.99981943      0.46729407      0.50457941      0.50457941      0.48897831      0.07646055      2.80000000    -10.00000000
    -11.50501672      0.00000000      0.00000000      0.00000000      0.00000000      0.01967546     -0.93391786      0.00917579      0.10473384      2.53134797      1.01722874      0.99981943      0.46372115      0.50513978      0.50513978      0.48780047      0.09480459      2.80000000    -10.00000000
    -11.67224080      0.00000000      0.00000000      0.00000000      0.00000000      0.02012613     -1.01346361      0.00895851      0.12921971      2.41606750      1.01930643      0.99981943      0.46019727      0.50569496      0.50569496      0.48658460      0.11443274      2.80000000    -10.00000000
    -11.83946488      0.00000000      0.00000000      0.00000000      0.00000000      0.02062640     -1.08650198      0.00872819      0.15622414      2.29685933      1.02143634      0.99981943      0.45677273      0.50624166      0.50624166      0.48538912      0.13511579      2.80000000    -10.00000000
    -12.00668896      0.00000000      0.00000000      0.00000000      0.00000000      0.02117695     -1.15285763      0.00848706      0.18571436      2.17534123      1.02362398      0.99981943      0.45341761      0.50678424      0.50678424      0.48421489      0.15662656      2.80000000    -10.00000000
    -12.17391304      0.00000000      0.00000000      0.00000000      0.00000000      0.02177850     -1.21244184      0.00823730      0.21764720      2.05300620      1.02587498      0.99981943      0.45016381      0.50731710      0.50731710      0.48306874      0.17874405      2.80000000    -10.00000000
    -12.34113712      0.00000000      0.00000000      0.00000000      0.00000000      0.02243177     -1.26524453      0.00798099      0.25196710      1.93119718      1.02819502      0.99981943      0.44701581      0.50783991      0.50783991      0.48199737      0.20125696      2.80000000    -10.00000000
    -12.50836120      0.00000000      0.00000000      0.00000000      0.00000000      0.02313749     -1.31132547      0.00772010      0.28860388      1.81109129      1.03058989      0.99981943      0.44399017      0.50835280      0.50835280      0.48087142      0.22396633      2.80000000    -10.00000000
    -12.67558528      0.00000000      0.00000000      0.00000000      0.00000000      0.02389641     -1.35080470      0.00745648      0.32747038      1.69369265      1.03306548      0.99981943      0.44113858      0.50885373      0.50885373      0.47981636      0.24668753      2.80000000    -10.00000000
    -12.84280936      0.00000000      0.00000000      0.00000000      0.00000000      0.02470925     -1.38385302      0.00719179      0.36846001      1.57983262      1.03562777      0.99981943      0.43841519      0.50934318      0.50934318      0.47882529      0.26925158      2.80000000    -10.00000000
    -13.01003344      0.00000000      0.00000000      0.00000000      0.00000000      0.02557672     -1.41068256      0.00692757      0.41144411      1.47017575      1.03828285      0.99981943      0.43586588      0.50981954      0.50981954      0.47787017      0.29150578      2.80000000    -10.00000000
    -13.17725753      0.00000000      0.00000000      0.00000000      0.00000000      0.02649950     -1.43153789      0.00666515      0.45626932      1.36523037      1.04103689      0.99981943      0.43352900      0.51028166      0.51028166      0.47696170      0.31331383      2.80000000    -10.00000000
    -13.34448161      0.00000000      0.00000000      0.00000000      0.00000000      0.02747819     -1.44668776      0.00640574      0.50275486      1.26536216      1.04389620      0.99981943      0.43144304      0.51072536      0.51072536      0.47610335      0.33455547      2.80000000    -10.00000000
    -13.51170569      0.00000000      0.00000000      0.00000000      0.00000000      0.02851335     -1.45641776      0.00615037      0.55068998      1.17080959      1.04686715      0.99981943      0.42955623      0.51115514      0.51115514      0.47529416      0.35512577      2.80000000    -10.00000000
    -13.67892977      0.00000000      0.00000000      0.00000000      0.00000000      0.02960544     -1.46102357      0.00589991      0.59983102      1.08170052      1.04995623      0.99981943      0.42848930      0.51156465      0.51156465      0.47454948      0.37493398      2.80000000    -10.00000000
    -13.84615385      0.00000000      0.00000000      0.00000000      0.00000000      0.03075483     -1.46080557      0.00565510      0.64989930      0.99806833      1.05317003      0.99981943      0.42611561      0.51195197      0.51195197      0.47386752      0.39390240      2.80000000    -10.00000000
    -14.01337793      0.00000000      0.00000000      0.00000000      0.00000000      0.03196174     -1.45606392      0.00541655      0.70057866      0.91986794      1.05651520      0.99981943      0.42405872      0.51231699      0.51231699      0.47325271      0.41196487      2.80000000    -10.00000000
    -14.18060201      0.00000000      0.00000000      0.00000000      0.00000000      0.03322626     -1.44709464      0.00518474      0.75151352      0.84699058      1.05999850      0.99981943      0.42224824      0.51265585      0.51265585      0.47271031      0.42906521      2.80000000    -10.00000000
    -14.34782609      0.00000000      0.00000000      0.00000000      0.00000000      0.03454831     -1.43418651      0.00496004      0.80230735      0.77927726      1.06362675      0.99981943      0.42069078      0.51297075      0.51297075      0.47224338      0.44515568      2.80000000    -10.00000000
    -14.51505017      0.00000000      0.00000000      0.00000000      0.00000000      0.03592761     -1.41761856      0.00474274      0.85252170      0.71653077      1.06740682      0.99981943      0.41938840      0.51325545      0.51325545      0.47185683      0.46019526      2.80000000    -10.00000000
    -14.68227425      0.00000000      0.00000000      0.00000000      0.00000000      0.03736365     -1.39765828      0.00453303      0.90167585      0.65852623      1.07134564      0.99981943      0.41836485      0.51350895      0.51350895      0.47155435      0.47414803      2.80000000    -10.00000000
    -14.84949833      0.00000000      0.00000000      0.00000000      0.00000000      0.03885572     -1.37456032      0.00433103      0.94924740      0.60501995      1.07545016      0.99981943      0.41758286      0.51372880      0.51372880      0.47134177      0.48698149      2.80000000    -10.00000000
    -15.01672241      0.00000000      0.00000000      0.00000000      0.00000000      0.04040279     -1.34856562      0.00413678      0.99467381      0.55575706      1.07972736      0.99981943      0.41708752      0.51391526      0.51391526      0.47122468      0.49866490      2.80000000    -10.00000000
    -15.18394649      0.00000000      0.00000000      0.00000000      0.00000000      0.04200358     -1.31990101      0.00395029      1.03735524      0.51047764      1.08418421      0.99981943      0.41687077      0.51405902      0.51405902      0.47121197      0.50916758      2.80000000    -10.00000000
    -15.35117057      0.00000000      0.00000000      0.00000000      0.00000000      0.04365646     -1.28877909      0.00377151      1.07665882      0.46892174      1.08882762      0.99981943      0.41693846      0.51416505      0.51416505      0.47129879      0.51845725      2.80000000    -10.00000000
    -15.51839465      0.00000000      0.00000000      0.00000000      0.00000000      0.04535947     -1.25539836      0.00360034      1.11192455      0.43083334      1.09366449      0.99981943      0.41729103      0.51422841      0.51422841      0.47150119      0.52649824      2.80000000    -10.00000000
    -15.68561873      0.00000000      0.00000000      0.00000000      0.00000000      0.04711030     -1.21994359      0.00343667      1.14247318      0.39596336      1.09870160      0.99981943      0.41794052      0.51424290      0.51424290      0.47185343      0.53324970      2.80000000    -10.00000000
    -15.85284281      0.00000000      0.00000000      0.00000000      0.00000000      0.04890620     -1.18258630      0.00328033      1.16761603      0.36407189      1.10394564      0.99981943      0.41887357      0.51421242      0.51421242      0.47249547      0.53866368      2.80000000    -10.00000000
    -16.02006689      0.00000000      0.00000000      0.00000000      0.00000000      0.05074403     -1.14348539      0.00313116      1.18666707      0.33492985      1.10940315      0.99981943      0.42011393      0.51413022      0.51413022      0.47283053      0.54268301      2.80000000    -10.00000000
    -16.18729097      0.00000000      0.00000000      0.00000000      0.00000000      0.05262021     -1.10278778      0.00298896      1.19895728      0.30832000      1.11508047      0.99981943      0.42165094      0.51399476      0.51399476      0.47330393      0.54523901      2.80000000    -10.00000000
    -16.35451505      0.00000000      0.00000000      0.00000000      0.00000000      0.05453069     -1.06062913      0.00285354      1.20385120      0.28403758      1.12098374      0.99981943      0.42348879      0.51380420      0.51380420      0.47389293      0.54624886      2.80000000    -10.00000000
    -16.52173913      0.00000000      0.00000000      0.00000000      0.00000000      0.05647095     -1.01713446      0.00272466      1.20076579      0.26189062      1.12711881      0.99981943      0.42562761      0.51355556      0.51355556      0.47460603      0.54561271      2.80000000    -10.00000000
    -16.68896321      0.00000000      0.00000000      0.00000000      0.00000000      0.05843598     -0.97241890      0.00260210      1.18919130      0.24169996      1.13349126      0.99981943      0.42806776      0.51324476      0.51324476      0.47544209      0.54321032      2.80000000    -10.00000000
    -16.85618729      0.00000000      0.00000000      0.00000000      0.00000000      0.06042030     -0.92658828      0.00248563      1.16871405      0.22329904      1.14010628      0.99981943      0.43080435      0.51287515      0.51287515      0.47641174      0.53889726      2.80000000    -10.00000000
    -17.02341137      0.00000000      0.00000000      0.00000000      0.00000000      0.06241793     -0.87973975      0.00237502      1.13904076      0.20653358      1.14696869      0.99981943      0.43383343      0.51244034      0.51244034      0.47750173      0.53250073      2.80000000    -10.00000000
    -17.19063545      0.00000000      0.00000000      0.00000000      0.00000000      0.06442240     -0.83196240      0.00227002      1.10002411      0.19126112      1.15408285      0.99981943      0.43716510      0.51194027      0.51194027      0.47872224      0.52381499      2.80000000    -10.00000000
    -17.35785953      0.00000000      0.00000000      0.00000000      0.00000000      0.06642682     -0.78333779      0.00217041      1.05168906      0.17735046      1.16145260      0.99981943      0.44077517      0.51137263      0.51137263      0.48007080      0.51259671      2.80000000    -10.00000000
    -17.52508361      0.00000000      0.00000000      0.00000000      0.00000000      0.06842382     -0.73394053      0.00207595      0.99425924      0.16468105      1.16908126      0.99981943      0.44442656      0.51073704      0.51073704      0.48154627      0.49856068      2.80000000    -10.00000000
    -17.69230769      0.00000000      0.00000000      0.00000000      0.00000000      0.07040565     -0.68383881      0.00198641      0.92818288      0.15314240      1.17697152      0.99981943      0.44881027      0.51003289      0.51003289      0.48315908      0.48137700      2.80000000    -10.00000000
    -17.85953177      0.00000000      0.00000000      0.00000000      0.00000000      0.07236419     -0.63309486      0.00190157      0.85415728      0.14263340      1.18512543      0.99981943      0.45315728      0.50925838      0.50925838      0.48487461      0.46067143      2.80000000    -10.00000000
    -18.02675585      0.00000000      0.00000000      0.00000000      0.00000000      0.07429102     -0.58176547      0.00182119      0.77315108      0.13306169      1.19354433      0.99981943      0.45782062      0.50841499      0.50841499      0.48672269      0.43603226      2.80000000    -10.00000000
    -18.19397993      0.00000000      0.00000000      0.00000000      0.00000000      0.07617743     -0.52990242      0.00174508      0.68642328      0.12434299      1.20222879      0.99981943      0.46292621      0.50749635      0.50749635      0.48869638      0.40702906      2.80000000    -10.00000000
    -18.36120401      0.00000000      0.00000000      0.00000000      0.00000000      0.07801452     -0.47755293      0.00167300      0.59553805      0.11640055      1.21117859      0.99981943      0.46832514      0.50652017      0.50652017      0.49077749      0.37325218      2.80000000    -10.00000000
    -18.52842809      0.00000000      0.00000000      0.00000000      0.00000000      0.07979326     -0.42475999      0.00160477      0.50237430      0.10916447      1.22039264      0.99981943      0.47382760      0.50547540      0.50547540      0.49297558      0.33438691      2.80000000    -10.00000000
    -18.69565217      0.00000000      0.00000000      0.00000000      0.00000000      0.08150458     -0.37156279      0.00154019      0.40912918      0.10257121      1.22986898      0.99981943      0.47963070      0.50436206      0.50436206      0.49528245      0.29034186      2.80000000    -10.00000000
    -18.86287625      0.00000000      0.00000000      0.00000000      0.00000000      0.08313942     -0.31799703      0.00147906      0.31831471      0.09656304      1.23960470      0.99981943      0.48559625      0.50318483      0.50318483      0.49769273      0.24145578      2.80000000    -10.00000000
    -19.03010033      0.00000000      0.00000000      0.00000000      0.00000000      0.08468883     -0.26409519      0.00142119      0.23274679      0.09108751      1.24959593      0.99981943      0.49178070      0.50195083      0.50195083      0.50020351      0.18880340      2.80000000    -10.00000000
    -19.19732441      0.00000000      0.00000000      0.00000000      0.00000000      0.08614407     -0.20988688      0.00136641      0.15552634      0.08609702      1.25983781      0.99981943      0.49814566      0.50065092      0.50065092      0.50280249      0.13459351      2.80000000    -10.00000000
    -19.36454849      0.00000000      0.00000000      0.00000000      0.00000000      0.08749669     -0.15539902      0.00131454      0.09001245      0.08154841      1.27032446      0.99981943      0.50467871      0.49929946      0.49929946      0.50549007      0.08257929      2.80000000    -10.00000000
    -19.53177258      0.00000000      0.00000000      0.00000000      0.00000000      0.08873864     -0.10065613      0.00126542      0.03978754      0.07740249      1.28104899      0.99981943      0.51136573      0.49790036      0.49790036      0.50825462      0.03826506      2.80000000    -10.00000000
    -19.69899666      0.00000000      0.00000000      0.00000000      0.00000000      0.08986233     -0.04568049      0.00121888      0.00861520      0.07362374      1.29200346      0.99981943      0.51818899      0.49645473      0.49645473      0.51105134      0.00854161      2.80000000    -10.00000000
    -19.86622074      0.00000000      0.00000000      0.00000000      0.00000000      0.09086074      0.00950763      0.00117478      0.00039152      0.07017994      1.30317891      0.99981943      0.52529510      0.49496390      0.49496390      0.51387737      0.00039137      2.80000000    -10.00000000
    -20.03344482      0.00000000      0.00000000      0.00000000      0.00000000      0.09172751      0.06488980      0.00113295      0.01909098      0.06704190      1.31456535      0.99981943      0.53212637      0.49342805      0.49342805      0.51688379      0.01873334      2.80000000    -10.00000000
    -20.20066890      0.00000000      0.00000000      0.00000000      0.00000000      0.09245699      0.12044931      0.00109327      0.06870833      0.06418311      1.32615180      0.99981943      0.53933625      0.49188301      0.49188301      0.51994743      0.06429100      2.80000000    -10.00000000
    -20.36789298      0.00000000      0.00000000      0.00000000      0.00000000      0.09304434      0.17617096      0.00105558      0.15319817      0.06157956      1.33792630      0.99981943      0.54662274      0.49029999      0.49029999      0.52305574      0.13284635      2.80000000    -10.00000000
    -20.53511706      0.00000000      0.00000000      0.00000000      0.00000000      0.09348560      0.23204099      0.00101977      0.27641390      0.05920946      1.34987597      0.99981943      0.55384073      0.48870226      0.48870226      0.52620151      0.21655507      2.80000000    -10.00000000
    -20.70234114      0.00000000      0.00000000      0.00000000      0.00000000      0.09377770      0.28804692      0.00098570      0.44204783      0.05705303      1.36198703      0.99981943      0.56117319      0.48708930      0.48708930      0.52937576      0.30654173      2.80000000    -10.00000000
    -20.86956522      0.00000000      0.00000000      0.00000000      0.00000000      0.09391852      0.34417742      0.00095325      0.65357426      0.05509235      1.37424489      0.99981943      0.56852068      0.48547007      0.48547007      0.53260548      0.39524942      2.80000000    -10.00000000
    -21.03678930      0.00000000      0.00000000      0.00000000      0.00000000      0.09390694      0.40042224      0.00092232      0.91419690      0.05331116      1.38663418      0.99981943      0.57589939      0.48385052      0.48385052      0.53577756      0.47758770      2.80000000    -10.00000000
    -21.20401338      0.00000000      0.00000000      0.00000000      0.00000000      0.09374281      0.45677207      0.00089279      1.22680201      0.05169471      1.39913885      0.99981943      0.58326247      0.48223842      0.48223842      0.53898778      0.55092550      2.80000000    -10.00000000
    -21.37123746      0.00000000      0.00000000      0.00000000      0.00000000      0.09342702      0.51321846      0.00086457      1.59391792      0.05022964      1.41174226      0.99981943      0.59058121      0.48063525      0.48063525      0.54219310      0.61448279      2.80000000    -10.00000000
    -21.53846154      0.00000000      0.00000000      0.00000000      0.00000000      0.09296139      0.56975371      0.00083755      2.01768150      0.04890387      1.42442722      0.99981943      0.59796945      0.47905317      0.47905317      0.54538573      0.66861977      2.80000000    -10.00000000
    -21.70568562      0.00000000      0.00000000      0.00000000      0.00000000      0.09234875      0.62637075      0.00081166      2.49981123      0.04770646      1.43717615      0.99981943      0.60521871      0.47747871      0.47747871      0.54855775      0.71427030      2.80000000    -10.00000000
    -21.87290970      0.00000000      0.00000000      0.00000000      0.00000000      0.09159282      0.68306310      0.00078681      3.04158653      0.04662759      1.44997111      0.99981943      0.61251346      0.47597229      0.47597229      0.55170264      0.75257241      2.80000000    -10.00000000
    -22.04013378      0.00000000      0.00000000      0.00000000      0.00000000      0.09069821      0.73982478      0.00076293      3.64383264      0.04565842      1.46279398      0.99981943      0.61969840      0.47447456      0.47447456      0.55481308      0.78466063      2.80000000    -10.00000000
    -22.20735786      0.00000000      0.00000000      0.00000000      0.00000000      0.08967032      0.79665025      0.00073996      4.30691071      0.04479103      1.47562647      0.99981943      0.62680836      0.47302430      0.47302430      0.55777183      0.81156645      2.80000000    -10.00000000
    -22.37458194      0.00000000      0.00000000      0.00000000      0.00000000      0.08851529      0.85353443      0.00071783      5.03071357      0.04401838      1.48845033      0.99981943      0.63384244      0.47161961      0.47161961      0.56089742      0.83418214      2.80000000    -10.00000000
    -22.54180602      0.00000000      0.00000000      0.00000000      0.00000000      0.08723992      0.91047272      0.00069649      5.81466944      0.04333416      1.50124736      0.99981943      0.64078095      0.47026784      0.47026784      0.56387240      0.85325774      2.80000000    -10.00000000
    -22.70903010      0.00000000      0.00000000      0.00000000      0.00000000      0.08585155      0.96746114      0.00067589      6.65775772      0.04273272      1.51399960      0.99981943      0.64762391      0.46896046      0.46896046      0.56678295      0.86941347      2.80000000    -10.00000000
    -22.87625418      0.00000000      0.00000000      0.00000000      0.00000000      0.08435799      1.02449644      0.00065599      7.55854243      0.04220893      1.52668935      0.99981943      0.65435549      0.46772380      0.46772380      0.56966121      0.88315767      2.80000000    -10.00000000
    -23.04347826      0.00000000      0.00000000      0.00000000      0.00000000      0.08276741      1.08157631      0.00063674      8.51522756      0.04175799      1.53929934      0.99981943      0.66100729      0.46656490      0.46656490      0.57240979      0.89490530      2.80000000    -10.00000000
    -23.21070234      0.00000000      0.00000000      0.00000000      0.00000000      0.08108826      1.13869943      0.00061811      9.52573465      0.04137531      1.55181276      0.99981943      0.66747239      0.46542598      0.46542598      0.57511755      0.90499475      2.80000000    -10.00000000
    -23.37792642      0.00000000      0.00000000      0.00000000      0.00000000      0.07932920      1.19586547      0.00060004     10.58779472      0.04105638      1.56421341      0.99981943      0.67384300      0.46437473      0.46437473      0.57774647      0.91370230      2.80000000    -10.00000000
    -23.54515050      0.00000000      0.00000000      0.00000000      0.00000000      0.07749901      1.25307490      0.00058249     11.69904056      0.04079673      1.57648573      0.99981943      0.68008121      0.46339099      0.46339099      0.58030353      0.92125389      2.80000000    -10.00000000
    -23.71237458      0.00000000      0.00000000      0.00000000      0.00000000      0.07560651      1.31032875      0.00056541     12.85708371      0.04059192      1.58861488      0.99981943      0.68618523      0.46247346      0.46247346      0.58277547      0.92783474      2.80000000    -10.00000000
    -23.87959866      0.00000000      0.00000000      0.00000000      0.00000000      0.07366056      1.36762819      0.00054877     14.05956665      0.04043763      1.60058683      0.99981943      0.69214767      0.46163018      0.46163018      0.58516391      0.93359703      2.80000000    -10.00000000
    -24.04682274      0.00000000      0.00000000      0.00000000      0.00000000      0.07166990      1.42497434      0.00053251     15.30419080      0.04032972      1.61238840      0.99981943      0.69797034      0.46085405      0.46085405      0.58742753      0.93866608      2.80000000    -10.00000000
    -24.21404682      0.00000000      0.00000000      0.00000000      0.00000000      0.06964316      1.48236802      0.00051661     16.58872837      0.04026433      1.62400729      0.99981943      0.70363703      0.46014510      0.46014510      0.58968264      0.94314541      2.80000000    -10.00000000
    -24.38127090      0.00000000      0.00000000      0.00000000      0.00000000      0.06758873      1.53980975      0.00050104     17.91102703      0.04023789      1.63543215      0.99981943      0.70915791      0.45950834      0.45950834      0.59180863      0.94712080      2.80000000    -10.00000000
    -24.54849498      0.00000000      0.00000000      0.00000000      0.00000000      0.06551473      1.59729974      0.00048578     19.26901244      0.04024713      1.64665258      0.99981943      0.71452332      0.45893411      0.45893411      0.59384963      0.95066361      2.80000000    -10.00000000
    -24.71571906      0.00000000      0.00000000      0.00000000      0.00000000      0.06342893      1.65483792      0.00047081     20.66068871      0.04028911      1.65765916      0.99981943      0.71972908      0.45843690      0.45843690      0.59579375      0.95383342      2.80000000    -10.00000000
    -24.88294314      0.00000000      0.00000000      0.00000000      0.00000000      0.06133874      1.71242402      0.00045611     22.08413426      0.04036117      1.66844347      0.99981943      0.72481408      0.45800492      0.45800492      0.59765149      0.95668020      2.80000000    -10.00000000
    -25.05016722      0.00000000      0.00000000      0.00000000      0.00000000      0.05925112      1.77005761      0.00044167     23.53749088      0.04046096      1.67899806      0.99981943      0.72972449      0.45763235      0.45763235      0.59941937      0.95924604      2.80000000    -10.00000000
    -25.21739130      0.00000000      0.00000000      0.00000000      0.00000000      0.05717260      1.82773807      0.00042750     25.01894501      0.04058639      1.68931649      0.99981943      0.73448393      0.45732995      0.45732995      0.60109618      0.96156647      2.80000000    -10.00000000
    -25.38461538      0.00000000      0.00000000      0.00000000      0.00000000      0.05510923      1.88546466      0.00041359     26.52670210      0.04073569      1.69939327      0.99981943      0.73908644      0.45708478      0.45708478      0.60272954      0.96367164      2.80000000    -10.00000000
    -25.55183946      0.00000000      0.00000000      0.00000000      0.00000000      0.05306657      1.94323647      0.00039993     28.05895604      0.04090735      1.70922388      0.99981943      0.74353373      0.45689393      0.45689393      0.60419728      0.96558720      2.80000000    -10.00000000
    -25.71906355      0.00000000      0.00000000      0.00000000      0.00000000      0.05104971      2.00105245      0.00038655     29.61385553      0.04110016      1.71880471      0.99981943      0.74782669      0.45675992      0.45675992      0.60557734      0.96733505      2.80000000    -10.00000000
    -25.88628763      0.00000000      0.00000000      0.00000000      0.00000000      0.04906325      2.05891138      0.00037343     31.18946959      0.04131320      1.72813304      0.99981943      0.75197396      0.45667753      0.45667753      0.60693483      0.96893394      2.80000000    -10.00000000
    -26.05351171      0.00000000      0.00000000      0.00000000      0.00000000      0.04711129      2.11681191      0.00036059     32.78375376      0.04154582      1.73720703      0.99981943      0.75596175      0.45663976      0.45663976      0.60807391      0.97039997      2.80000000    -10.00000000
    -26.22073579      0.00000000      0.00000000      0.00000000      0.00000000      0.04519748      2.17475252      0.00034804     34.39451845      0.04179766      1.74602564      0.99981943      0.75981080      0.45666043      0.45666043      0.60934483      0.97174704      2.80000000    -10.00000000
    -26.38795987      0.00000000      0.00000000      0.00000000      0.00000000      0.04332500      2.23273158      0.00033579     36.01939950      0.04206860      1.75458858      0.99981943      0.76350573      0.45671968      0.45671968      0.61042842      0.97298714      2.80000000    -10.00000000
    -26.55518395      0.00000000      0.00000000      0.00000000      0.00000000      0.04149658      2.29074730      0.00032383     37.65583460      0.04235880      1.76289633      0.99981943      0.76698382      0.45682068      0.45682068      0.61143345      0.97413068      2.80000000    -10.00000000
    -26.72240803      0.00000000      0.00000000      0.00000000      0.00000000      0.03971455      2.34879781      0.00031219     39.30104120      0.04266863      1.77095002      0.99981943      0.77034800      0.45696063      0.45696063      0.61236089      0.97518675      2.80000000    -10.00000000
    -26.88963211      0.00000000      0.00000000      0.00000000      0.00000000      0.03798081      2.40688109      0.00030088     40.95200358      0.04299873      1.77875141      0.99981943      0.77357350      0.45713684      0.45713684      0.61321614      0.97616324      2.80000000    -10.00000000
    -27.05685619      0.00000000      0.00000000      0.00000000      0.00000000      0.03629690      2.46499508      0.00028988     42.60546241      0.04334992      1.78630284      0.99981943      0.77666107      0.45734649      0.45734649      0.61399816      0.97706709      2.80000000    -10.00000000
    -27.22408027      0.00000000      0.00000000      0.00000000      0.00000000      0.03466400      2.52313761      0.00027923     44.25791570      0.04372325      1.79360719      0.99981943      0.77960567      0.45758715      0.45758715      0.61471078      0.97790442      2.80000000    -10.00000000
    -27.39130435      0.00000000      0.00000000      0.00000000      0.00000000      0.03308298      2.58130648      0.00026891     45.90562516      0.04411992      1.80066782      0.99981943      0.78241548      0.45785627      0.45785627      0.61535442      0.97868060      2.80000000    -10.00000000
    -27.55852843      0.00000000      0.00000000      0.00000000      0.00000000      0.03155438      2.63949945      0.00025893     47.54463598      0.04454133      1.80748850      0.99981943      0.78509079      0.45815129      0.45815129      0.61593567      0.97940040      2.80000000    -10.00000000
    -27.72575251      0.00000000      0.00000000      0.00000000      0.00000000      0.03007848      2.69771426      0.00024930     49.17090403      0.04498888      1.81407340      0.99981943      0.78763239      0.45847000      0.45847000      0.61644890      0.98006813      2.80000000    -10.00000000
    -27.89297659      0.00000000      0.00000000      0.00000000      0.00000000      0.02865530      2.75594869      0.00024002     50.77983891      0.04546450      1.82042703      0.99981943      0.79004854      0.45880999      0.45880999      0.61690416      0.98068746      2.80000000    -10.00000000
    -28.06020067      0.00000000      0.00000000      0.00000000      0.00000000      0.02728464      2.81420056      0.00023108     52.36735656      0.04596962      1.82655418      0.99981943      0.79233627      0.45916958      0.45916958      0.61730046      0.98126195      2.80000000    -10.00000000
    -28.22742475      0.00000000      0.00000000      0.00000000      0.00000000      0.02596610      2.87246775      0.00022248     53.92894538      0.04650610      1.83245991      0.99981943      0.79450150      0.45954497      0.45954497      0.61764169      0.98179466      2.80000000    -10.00000000
    -28.39464883      0.00000000      0.00000000      0.00000000      0.00000000      0.02469908      2.93074828      0.00021421     55.46024131      0.04707570      1.83814948      0.99981943      0.79646629      0.45993650      0.45993650      0.61792665      0.98228842      2.80000000    -10.00000000
    -28.56187291      0.00000000      0.00000000      0.00000000      0.00000000      0.02348284      2.98904029      0.00020628     56.95701065      0.04768018      1.84362832      0.99981943      0.79847411      0.46034092      0.46034092      0.61816219      0.98274583      2.80000000    -10.00000000
    -28.72909699      0.00000000      0.00000000      0.00000000      0.00000000      0.02231650      3.04734206      0.00019867     58.41523474      0.04832121      1.84890201      0.99981943      0.80027888      0.46075660      0.46075660      0.61835238      0.98316930      2.80000000    -10.00000000
    -28.89632107      0.00000000      0.00000000      0.00000000      0.00000000      0.02119906      3.10565209      0.00019137     59.83119518      0.04900038      1.85397622      0.99981943      0.80197803      0.46118256      0.46118256      0.61848671      0.98356107      2.80000000    -10.00000000
    -29.06354515      0.00000000      0.00000000      0.00000000      0.00000000      0.02012940      3.16396933      0.00018438     61.20187699      0.04971888      1.85885672      0.99981943      0.80381259      0.46161696      0.46161696      0.61857804      0.98392331      2.80000000    -10.00000000
    -29.23076923      0.00000000      0.00000000      0.00000000      0.00000000      0.01910635      3.22229189      0.00017769     62.52338992      0.05047877      1.86354931      0.99981943      0.80505320      0.46205812      0.46205812      0.61862793      0.98425777      2.80000000    -10.00000000
    -29.39799331      0.00000000      0.00000000      0.00000000      0.00000000      0.01812864      3.28061963      0.00017127     63.79429375      0.05128040      1.86805981      0.99981943      0.80643493      0.46250469      0.46250469      0.61863682      0.98456654      2.80000000    -10.00000000
    -29.56521739      0.00000000      0.00000000      0.00000000      0.00000000      0.01719497      3.33895178      0.00016512     65.01259681      0.05212479      1.87239403      0.99981943      0.80771699      0.46295539      0.46295539      0.61860759      0.98485138      2.80000000    -10.00000000
    -29.73244147      0.00000000      0.00000000      0.00000000      0.00000000      0.01630399      3.39728722      0.00015924     66.17617082      0.05301325      1.87655779      0.99981943      0.80890456      0.46340908      0.46340908      0.61854225      0.98511377      2.80000000    -10.00000000
    -29.89966555      0.00000000      0.00000000      0.00000000      0.00000000      0.01545431      3.45562629      0.00015359     67.28502829      0.05394567      1.88055683      0.99981943      0.80999743      0.46386465      0.46386465      0.61843976      0.98535550      2.80000000    -10.00000000
    -30.06688963      0.00000000      0.00000000      0.00000000      0.00000000      0.01464454      3.51396817      0.00014818     68.33804271      0.05492305      1.88439686      0.99981943      0.81099253      0.46432128      0.46432128      0.61830335      0.98557790      2.80000000    -10.00000000
    -30.23411371      0.00000000      0.00000000      0.00000000      0.00000000      0.01387326      3.57231270      0.00014299     69.33523219      0.05594567      1.88808350      0.99981943      0.81191469      0.46477731      0.46477731      0.61813969      0.98578237      2.80000000    -10.00000000
    -30.40133779      0.00000000      0.00000000      0.00000000      0.00000000      0.01313907      3.63065996      0.00013801     70.27719646      0.05701357      1.89162228      0.99981943      0.81274486      0.46523248      0.46523248      0.61794361      0.98597027      2.80000000    -10.00000000
    -30.56856187      0.00000000      0.00000000      0.00000000      0.00000000      0.01244055      3.68900966      0.00013322     71.16432274      0.05812712      1.89501865      0.99981943      0.81349171      0.46568533      0.46568533      0.61772008      0.98614274      2.80000000    -10.00000000
    -30.73578595      0.00000000      0.00000000      0.00000000      0.00000000      0.01177632      3.74736157      0.00012863     71.99732984      0.05928657      1.89827793      0.99981943      0.81415934      0.46613353      0.46613353      0.61746724      0.98630087      2.80000000    -10.00000000
    -30.90301003      0.00000000      0.00000000      0.00000000      0.00000000      0.01114500      3.80571529      0.00012421     72.77762039      0.06049176      1.90140534      0.99981943      0.81475619      0.46658501      0.46658501      0.61720249      0.98644575      2.80000000    -10.00000000
    -31.07023411      0.00000000      0.00000000      0.00000000      0.00000000      0.01054523      3.86407064      0.00011995     73.50545202      0.06174362      1.90440597      0.99981943      0.81527972      0.46703307      0.46703307      0.61689757      0.98657816      2.80000000    -10.00000000
    -31.23745819      0.00000000      0.00000000      0.00000000      0.00000000      0.00997569      3.92242725      0.00011586     74.18137616      0.06304293      1.90728478      0.99981943      0.81573172      0.46747715      0.46747715      0.61657279      0.98669883      2.80000000    -10.00000000
    -31.40468227      0.00000000      0.00000000      0.00000000      0.00000000      0.00943507      3.98078442      0.00011193     74.80683649      0.06438987      1.91004659      0.99981943      0.81611774      0.46791686      0.46791686      0.61623750      0.98680858      2.80000000    -10.00000000
    -31.57190635      0.00000000      0.00000000      0.00000000      0.00000000      0.00892210      4.03914146      0.00010813     75.38268893      0.06578517      1.91269611      0.99981943      0.81643734      0.46835175      0.46835175      0.61581742      0.98690803      2.80000000    -10.00000000
    -31.73913043      0.00000000      0.00000000      0.00000000      0.00000000      0.00843555      4.09749756      0.00010448     75.90972890      0.06722975      1.91523787      0.99981943      0.81669410      0.46878143      0.46878143      0.61550036      0.98699774      2.80000000    -10.00000000
    -31.90635452      0.00000000      0.00000000      0.00000000      0.00000000      0.00797423      4.15585179      0.00010096     76.38866493      0.06872467      1.91767630      0.99981943      0.81689017      0.46920569      0.46920569      0.61510725      0.98707821      2.80000000    -10.00000000
    -32.07357860      0.00000000      0.00000000      0.00000000      0.00000000      0.00753696      4.21420308      0.00009758     76.82012633      0.07027121      1.92001566      0.99981943      0.81702828      0.46962417      0.46962417      0.61469794      0.98714985      2.80000000    -10.00000000
    -32.24080268      0.00000000      0.00000000      0.00000000      0.00000000      0.00712262      4.27255030      0.00009431     77.20466535      0.07187078      1.92226008      0.99981943      0.81711034      0.47003663      0.47003663      0.61427191      0.98721304      2.80000000    -10.00000000
    -32.40802676      0.00000000      0.00000000      0.00000000      0.00000000      0.00673014      4.33089219      0.00009116     77.54276495      0.07352499      1.92441355      0.99981943      0.81713894      0.47044282      0.47044282      0.61383454      0.98726808      2.80000000    -10.00000000
    -32.57525084      0.00000000      0.00000000      0.00000000      0.00000000      0.00635845      4.38922739      0.00008813     77.83485115      0.07523563      1.92647990      0.99981943      0.81711556      0.47084247      0.47084247      0.61354573      0.98731525      2.80000000    -10.00000000
    -32.74247492      0.00000000      0.00000000      0.00000000      0.00000000      0.00600655      4.44755449      0.00008521     78.08130409      0.07700466      1.92846286      0.99981943      0.81704265      0.47123517      0.47123517      0.61292310      0.98735479      2.80000000    -10.00000000
    -32.90969900      0.00000000      0.00000000      0.00000000      0.00000000      0.00567346      4.50587197      0.00008240     78.28247296      0.07883420      1.93036598      0.99981943      0.81692061      0.47161961      0.47161961      0.61245123      0.98738687      2.80000000    -10.00000000
    -33.07692308      0.00000000      0.00000000      0.00000000      0.00000000      0.00535827      4.56417828      0.00007969     78.43868989      0.08072655      1.93219271      0.99981943      0.81670451      0.47199875      0.47199875      0.61196935      0.98741168      2.80000000    -10.00000000
    -33.24414716      0.00000000      0.00000000      0.00000000      0.00000000      0.00506007      4.62247179      0.00007708     78.55027767      0.08268416      1.93394636      0.99981943      0.81654845      0.47237412      0.47237412      0.61147916      0.98742933      2.80000000    -10.00000000
    -33.41137124      0.00000000      0.00000000      0.00000000      0.00000000      0.00477801      4.68075082      0.00007457     78.61757100      0.08470966      1.93563008      0.99981943      0.81629898      0.47274108      0.47274108      0.61098011      0.98743996      2.80000000    -10.00000000
    -33.57859532      0.00000000      0.00000000      0.00000000      0.00000000      0.00451126      4.73901365      0.00007215     78.64096354      0.08680577      1.93724694      0.99981943      0.81601153      0.47310303      0.47310303      0.61046917      0.98744365      2.80000000    -10.00000000
    -33.74581940      0.00000000      0.00000000      0.00000000      0.00000000      0.00425904      4.79725845      0.00006982     78.62067868      0.08897561      1.93879986      0.99981943      0.81568938      0.47346140      0.47346140      0.60996144      0.98744045      2.80000000    -10.00000000
    -33.91304348      0.00000000      0.00000000      0.00000000      0.00000000      0.00402061      4.85548345      0.00006757     78.55726820      0.09122211      1.94029165      0.99981943      0.81533072      0.47381310      0.47381310      0.60944306      0.98743044      2.80000000    -10.00000000
    -34.08026756      0.00000000      0.00000000      0.00000000      0.00000000      0.00379524      4.91368676      0.00006541     78.45112209      0.09354860      1.94172499      0.99981943      0.81494261      0.47415795      0.47415795      0.60891794      0.98741365      2.80000000    -10.00000000
    -34.24749164      0.00000000      0.00000000      0.00000000      0.00000000      0.00358226      4.97186648      0.00006333     78.30272522      0.09595852      1.94310247      0.99981943      0.81451162      0.47449621      0.47449621      0.60839110      0.98739009      2.80000000    -10.00000000
    -34.41471572      0.00000000      0.00000000      0.00000000      0.00000000      0.00338100      5.03002066      0.00006133     78.11260015      0.09845549      1.94442655      0.99981943      0.81405391      0.47482788      0.47482788      0.60787143      0.98735979      2.80000000    -10.00000000
    -34.58193980      0.00000000      0.00000000      0.00000000      0.00000000      0.00319086      5.08814730      0.00005940     77.88134380      0.10104328      1.94569959      0.99981943      0.81321312      0.47515304      0.47515304      0.60732047      0.98732273      2.80000000    -10.00000000
    -34.74916388      0.00000000      0.00000000      0.00000000      0.00000000      0.00301125      5.14624434      0.00005754     77.60954949      0.10372589      1.94692387      0.99981943      0.81304983      0.47547173      0.47547173      0.60677983      0.98727890      2.80000000    -10.00000000
    -34.91638796      0.00000000      0.00000000      0.00000000      0.00000000      0.00284159      5.20430973      0.00005576     77.29792736      0.10650744      1.94810153      0.99981943      0.81250594      0.47578407      0.47578407      0.60623821      0.98722827      2.80000000    -10.00000000
    -35.08361204      0.00000000      0.00000000      0.00000000      0.00000000      0.00268137      5.26234131      0.00005404     76.94721896      0.10939226      1.94923465      0.99981943      0.81193588      0.47609014      0.47609014      0.60569351      0.98717081      2.80000000    -10.00000000
    -35.25083612      0.00000000      0.00000000      0.00000000      0.00000000      0.00253006      5.32033691      0.00005238     76.55816704      0.11238497      1.95032521      0.99981943      0.81134214      0.47639003      0.47639003      0.60514699      0.98710645      2.80000000    -10.00000000
    -35.41806020      0.00000000      0.00000000      0.00000000      0.00000000      0.00238719      5.37829426      0.00005079     76.13161360      0.11549032      1.95137509      0.99981943      0.81072388      0.47668384      0.47668384      0.60459898      0.98703515      2.80000000    -10.00000000
    -35.58528428      0.00000000      0.00000000      0.00000000      0.00000000      0.00225230      5.43621114      0.00004926     75.66855196      0.11871312      1.95238610      0.99981943      0.81008231      0.47697168      0.47697168      0.60404932      0.98695684      2.80000000    -10.00000000
    -35.75250836      0.00000000      0.00000000      0.00000000      0.00000000      0.00212496      5.49408511      0.00004778     75.16974554      0.12205883      1.95335996      0.99981943      0.80942208      0.47725368      0.47725368      0.60350034      0.98687143      2.80000000    -10.00000000
    -35.91973244      0.00000000      0.00000000      0.00000000      0.00000000      0.00200475      5.55191383      0.00004636     74.63632106      0.12553266      1.95429832      0.99981943      0.80874040      0.47752984      0.47752984      0.60291652      0.98677884      2.80000000    -10.00000000
    -36.08695652      0.00000000      0.00000000      0.00000000      0.00000000      0.00189128      5.60969478      0.00004500     74.06923338      0.12914040      1.95520275      0.99981943      0.80802380      0.47780039      0.47780039      0.60239121      0.98667896      2.80000000    -10.00000000
    -36.25418060      0.00000000      0.00000000      0.00000000      0.00000000      0.00178419      5.66742541      0.00004368     73.46955574      0.13288799      1.95607475      0.99981943      0.80732807      0.47806538      0.47806538      0.60185721      0.98657169      2.80000000    -10.00000000
    -36.42140468      0.00000000      0.00000000      0.00000000      0.00000000      0.00168312      5.72510311      0.00004241     72.83841672      0.13678159      1.95691574      0.99981943      0.80660206      0.47832494      0.47832494      0.60131442      0.98645691      2.80000000    -10.00000000
    -36.58862876      0.00000000      0.00000000      0.00000000      0.00000000      0.00158774      5.78272518      0.00004119     72.17695637      0.14082769      1.95772710      0.99981943      0.80583195      0.47857918      0.47857918      0.60076313      0.98633450      2.80000000    -10.00000000
    -36.75585284      0.00000000      0.00000000      0.00000000      0.00000000      0.00149773      5.84028884      0.00004002     71.48634808      0.14503307      1.95851012      0.99981943      0.80506237      0.47882820      0.47882820      0.60020362      0.98620430      2.80000000    -10.00000000
    -36.92307692      0.00000000      0.00000000      0.00000000      0.00000000      0.00141280      5.89779123      0.00003889     70.76780716      0.14940480      1.95926605      0.99981943      0.80428317      0.47907212      0.47907212      0.59963615      0.98606618      2.80000000    -10.00000000
    -37.09030100      0.00000000      0.00000000      0.00000000      0.00000000      0.00133267      5.95522938      0.00003780     70.02255968      0.15395029      1.95999607      0.99981943      0.80348707      0.47931104      0.47931104      0.59911287      0.98591997      2.80000000    -10.00000000
    -37.25752508      0.00000000      0.00000000      0.00000000      0.00000000      0.00125706      6.01260025      0.00003675     69.25187781      0.15867723      1.96070132      0.99981943      0.80267884      0.47954508      0.47954508      0.59847832      0.98576551      2.80000000    -10.00000000
    -37.42474916      0.00000000      0.00000000      0.00000000      0.00000000      0.00118573      6.06990070      0.00003574     68.45704132      0.16359369      1.96138286      0.99981943      0.80185909      0.47977438      0.47977438      0.59802768      0.98560261      2.80000000    -10.00000000
    -37.59197324      0.00000000      0.00000000      0.00000000      0.00000000      0.00111843      6.12711958      0.00003477     67.62238882      0.16874997      1.96204173      0.99981943      0.80102599      0.47999896      0.47999896      0.59748752      0.98542750      2.80000000    -10.00000000
    -37.75919732      0.00000000      0.00000000      0.00000000      0.00000000      0.00105495      6.18427718      0.00003382     66.80009361      0.17402928      1.96267890      0.99981943      0.80018316      0.48021900      0.48021900      0.59695042      0.98525076      2.80000000    -10.00000000
    -37.92642140      0.00000000      0.00000000      0.00000000      0.00000000      0.00099506      6.24134639      0.00003292     65.94061926      0.17956639      1.96329531      0.99981943      0.79930669      0.48043460      0.48043460      0.59641408      0.98506139      2.80000000    -10.00000000
    -38.09364548      0.00000000      0.00000000      0.00000000      0.00000000      0.00093857      6.29833147      0.00003205     65.06224139      0.18532906      1.96389184      0.99981943      0.79846724      0.48064585      0.48064585      0.59588135      0.98486276      2.80000000    -10.00000000
    -38.26086957      0.00000000      0.00000000      0.00000000      0.00000000      0.00088528      6.35522872      0.00003120     64.16629444      0.19132729      1.96446935      0.99981943      0.79759621      0.48085285      0.48085285      0.59535080      0.98465464      2.80000000    -10.00000000
    -38.42809365      0.00000000      0.00000000      0.00000000      0.00000000      0.00083501      6.41203426      0.00003039     63.25409349      0.19757161      1.96502865      0.99981943      0.79671684      0.48105571      0.48105571      0.59482274      0.98443679      2.80000000    -10.00000000
    -38.59531773      0.00000000      0.00000000      0.00000000      0.00000000      0.00078760      6.46874414      0.00002961     62.32700523      0.20407283      1.96557050      0.99981943      0.79582962      0.48125452      0.48125452      0.59429769      0.98420895      2.80000000    -10.00000000
    -38.76254181      0.00000000      0.00000000      0.00000000      0.00000000      0.00074288      6.52535419      0.00002886     61.38630429      0.21084252      1.96609564      0.99981943      0.79493489      0.48144939      0.48144939      0.59369302      0.98397084      2.80000000    -10.00000000
    -38.92976589      0.00000000      0.00000000      0.00000000      0.00000000      0.00070070      6.58186014      0.00002813     60.43332155      0.21789253      1.96660478      0.99981943      0.79403948      0.48164041      0.48164041      0.59325583      0.98372219      2.80000000    -10.00000000
    -39.09698997      0.00000000      0.00000000      0.00000000      0.00000000      0.00066092      6.63825754      0.00002743     59.46935339      0.22523532      1.96709857      0.99981943      0.79312841      0.48182767      0.48182767      0.59273924      0.98346270      2.80000000    -10.00000000
    -39.26421405      0.00000000      0.00000000      0.00000000      0.00000000      0.00062340      6.69454179      0.00002675     58.49567811      0.23288389      1.96757765      0.99981943      0.79221484      0.48201126      0.48201126      0.59222577      0.98319206      2.80000000    -10.00000000
    -39.43143813      0.00000000      0.00000000      0.00000000      0.00000000      0.00058801      6.75070811      0.00002609     57.51356037      0.24085181      1.96804264      0.99981943      0.79129608      0.48219128      0.48219128      0.59171546      0.98290994      2.80000000    -10.00000000
    -39.59866221      0.00000000      0.00000000      0.00000000      0.00000000      0.00055464      6.80675154      0.00002546     56.52423685      0.24915327      1.96849410      0.99981943      0.79037323      0.48236781      0.48236781      0.59118859      0.98261602      2.80000000    -10.00000000
    -39.76588629      0.00000000      0.00000000      0.00000000      0.00000000      0.00052316      6.86266695      0.00002485     55.52893453      0.25780303      1.96893260      0.99981943      0.78944595      0.48254094      0.48254094      0.59070472      0.98230994      2.80000000    -10.00000000
    -39.93311037      0.00000000      0.00000000      0.00000000      0.00000000      0.00049348      6.91844900      0.00002426     54.52884130      0.26681653      1.96935865      0.99981943      0.78851483      0.48271076      0.48271076      0.59020394      0.98199134      2.80000000    -10.00000000
    -40.10033445      0.00000000      0.00000000      0.00000000      0.00000000      0.00046549      6.97409214      0.00002369     53.52512256      0.27620987      1.96977277      0.99981943      0.78758116      0.48287733      0.48287733      0.58970695      0.98165983      2.80000000    -10.00000000
    -40.26755853      0.00000000      0.00000000      0.00000000      0.00000000      0.00043909      7.02959064      0.00002314     52.51891630      0.28599986      1.97017542      0.99981943      0.78664841      0.48304076      0.48304076      0.58921306      0.98131502      2.80000000    -10.00000000
    -40.43478261      0.00000000      0.00000000      0.00000000      0.00000000      0.00041419      7.08493851      0.00002260     51.51132497      0.29620403      1.97056707      0.99981943      0.78570025      0.48320111      0.48320111      0.58858019      0.98095649      2.80000000    -10.00000000
    -40.60200669      0.00000000      0.00000000      0.00000000      0.00000000      0.00039071      7.14012958      0.00002209     50.50342110      0.30684065      1.97094814      0.99981943      0.78475724      0.48335845      0.48335845      0.58823571      0.98058381      2.80000000    -10.00000000
    -40.76923077      0.00000000      0.00000000      0.00000000      0.00000000      0.00036856      7.19515739      0.00002159     49.49624086      0.31792881      1.97131906      0.99981943      0.78380998      0.48351288      0.48351288      0.58775220      0.98019655      2.80000000    -10.00000000
    -40.93645485      0.00000000      0.00000000      0.00000000      0.00000000      0.00034768      7.25001526      0.00002111     48.49078590      0.32948840      1.97168022      0.99981943      0.78286379      0.48366445      0.48366445      0.58728333      0.97979422      2.80000000    -10.00000000
    -41.10367893      0.00000000      0.00000000      0.00000000      0.00000000      0.00032799      7.30469627      0.00002064     47.48802118      0.34154015      1.97203200      0.99981943      0.78191402      0.48381324      0.48381324      0.58679564      0.97937635      2.80000000    -10.00000000
    -41.27090301      0.00000000      0.00000000      0.00000000      0.00000000      0.00030941      7.35919319      0.00002019     46.48887362      0.35410568      1.97237476      0.99981943      0.78098008      0.48395931      0.48395931      0.58632212      0.97894244      2.80000000    -10.00000000
    -41.43812709      0.00000000      0.00000000      0.00000000      0.00000000      0.00029190      7.41349855      0.00001975     45.49423297      0.36720753      1.97270884      0.99981943      0.78017294      0.48410274      0.48410274      0.58585315      0.97849196      2.80000000    -10.00000000
    -41.60535117      0.00000000      0.00000000      0.00000000      0.00000000      0.00027538      7.46760456      0.00001932     44.50494982      0.38086917      1.97303458      0.99981943      0.77905924      0.48424359      0.48424359      0.58538734      0.97802437      2.80000000    -10.00000000
    -41.77257525      0.00000000      0.00000000      0.00000000      0.00000000      0.00025980      7.52150316      0.00001891     43.52183232      0.39511510      1.97335228      0.99981943      0.77810547      0.48438193      0.48438193      0.58493220      0.97753911      2.80000000    -10.00000000
    -41.93979933      0.00000000      0.00000000      0.00000000      0.00000000      0.00024511      7.57518595      0.00001851     42.54565431      0.40997077      1.97366224      0.99981943      0.77715162      0.48451780      0.48451780      0.58446615      0.97703560      2.80000000    -10.00000000
    -42.10702341      0.00000000      0.00000000      0.00000000      0.00000000      0.00023126      7.62864358      0.00001813     41.57727663      0.42546136      1.97396476      0.99981943      0.77619905      0.48465129      0.48465129      0.58401065      0.97651329      2.80000000    -10.00000000
    -42.27424749      0.00000000      0.00000000      0.00000000      0.00000000      0.00021820      7.68186836      0.00001775     40.61710879      0.44161745      1.97426010      0.99981943      0.77524380      0.48478244      0.48478244      0.58355925      0.97597142      2.80000000    -10.00000000
    -42.44147157      0.00000000      0.00000000      0.00000000      0.00000000      0.00020587      7.73485015      0.00001739     39.66595881      0.45846624      1.97454853      0.99981943      0.77429139      0.48491131      0.48491131      0.58311105      0.97540941      2.80000000    -10.00000000
    -42.60869565      0.00000000      0.00000000      0.00000000      0.00000000      0.00019425      7.78757921      0.00001704     38.72443705      0.47603770      1.97483029      0.99981943      0.77305503      0.48503796      0.48503796      0.58266634      0.97482658      2.80000000    -10.00000000
    -42.77591973      0.00000000      0.00000000      0.00000000      0.00000000      0.00018329      7.84004540      0.00001669     37.79311717      0.49436299      1.97510563      0.99981943      0.77238612      0.48516244      0.48516244      0.58222501      0.97422223      2.80000000    -10.00000000
    -42.94314381      0.00000000      0.00000000      0.00000000      0.00000000      0.00017296      7.89223819      0.00001636     36.87253666      0.51347448      1.97537477      0.99981943      0.77143472      0.48528480      0.48528480      0.58178772      0.97359564      2.80000000    -10.00000000
    -43.11036789      0.00000000      0.00000000      0.00000000      0.00000000      0.00016321      7.94414665      0.00001604     35.96318953      0.53340590      1.97563793      0.99981943      0.77048429      0.48540510      0.48540510      0.58135376      0.97294606      2.80000000    -10.00000000
    -43.27759197      0.00000000      0.00000000      0.00000000      0.00000000      0.00015402      7.99575944      0.00001573     35.06553646      0.55419227      1.97589532      0.99981943      0.76953545      0.48552338      0.48552338      0.58092321      0.97227270      2.80000000    -10.00000000
    -43.44481605      0.00000000      0.00000000      0.00000000      0.00000000      0.00014535      8.04706477      0.00001542     34.17999959      0.57586999      1.97614713      0.99981943      0.76858780      0.48563969      0.48563969      0.58043497      0.97157476      2.80000000    -10.00000000
    -43.61204013      0.00000000      0.00000000      0.00000000      0.00000000      0.00013717      8.09805041      0.00001512     33.30696587      0.59847690      1.97639356      0.99981943      0.76763976      0.48575409      0.48575409      0.58007261      0.97085140      2.80000000    -10.00000000
    -43.77926421      0.00000000      0.00000000      0.00000000      0.00000000      0.00012946      8.14870367      0.00001484     32.44678731      0.62205224      1.97663480      0.99981943      0.76669568      0.48586661      0.48586661      0.57965256      0.97010176      2.80000000    -10.00000000
    -43.94648829      0.00000000      0.00000000      0.00000000      0.00000000      0.00012218      8.19901137      0.00001456     31.59978173      0.64663678      1.97687100      0.99981943      0.76558435      0.48597730      0.48597730      0.57923643      0.96932495      2.80000000    -10.00000000
    -44.11371237      0.00000000      0.00000000      0.00000000      0.00000000      0.00011532      8.24895985      0.00001428     30.76623357      0.67227282      1.97710235      0.99981943      0.76481134      0.48608620      0.48608620      0.57882268      0.96852003      2.80000000    -10.00000000
    -44.28093645      0.00000000      0.00000000      0.00000000      0.00000000      0.00010885      8.29853492      0.00001402     29.94639597      0.69900422      1.97732900      0.99981943      0.76387234      0.48619336      0.48619336      0.57841282      0.96768606      2.80000000    -10.00000000
    -44.44816054      0.00000000      0.00000000      0.00000000      0.00000000      0.00010275      8.34772188      0.00001376     29.14049024      0.72687645      1.97755111      0.99981943      0.76293086      0.48629881      0.48629881      0.57800637      0.96682204      2.80000000    -10.00000000
    -44.61538462      0.00000000      0.00000000      0.00000000      0.00000000      0.00009699      8.39650547      0.00001351     28.34870794      0.75593663      1.97776882      0.99981943      0.76199996      0.48640260      0.48640260      0.57760778      0.96592695      2.80000000    -10.00000000
    -44.78260870      0.00000000      0.00000000      0.00000000      0.00000000      0.00009156      8.44486987      0.00001326     27.57121138      0.78623357      1.97798227      0.99981943      0.76106744      0.48650476      0.48650476      0.57766099      0.96499973      2.80000000    -10.00000000
    -44.94983278      0.00000000      0.00000000      0.00000000      0.00000000      0.00008644      8.49279867      0.00001302     26.80813575      0.81781779      1.97819160      0.99981943      0.76013765      0.48660534      0.48660534      0.57680719      0.96403930      2.80000000    -10.00000000
    -45.11705686      0.00000000      0.00000000      0.00000000      0.00000000      0.00008161      8.54027489      0.00001279     26.05958962      0.85074153      1.97839693      0.99981943      0.75920955      0.48670436      0.48670436      0.57641407      0.96304452      2.80000000    -10.00000000
    -45.28428094      0.00000000      0.00000000      0.00000000      0.00000000      0.00007705      8.58728090      0.00001256     25.32565564      0.88505885      1.97859839      0.99981943      0.75828447      0.48680187      0.48680187      0.57602418      0.96201424      2.80000000    -10.00000000
    -45.45150502      0.00000000      0.00000000      0.00000000      0.00000000      0.00007275      8.63379845      0.00001234     24.60639229      0.92082559      1.97879611      0.99981943      0.75771902      0.48689789      0.48689789      0.57563766      0.96094725      2.80000000    -10.00000000
    -45.61872910      0.00000000      0.00000000      0.00000000      0.00000000      0.00006870      8.67980864      0.00001213     23.90183511      0.95809939      1.97899018      0.99981943      0.75644255      0.48699246      0.48699246      0.57525431      0.95984232      2.80000000    -10.00000000
    -45.78595318      0.00000000      0.00000000      0.00000000      0.00000000      0.00006487      8.72529191      0.00001191     23.21199743      0.99693978      1.97918073      0.99981943      0.75552583      0.48708562      0.48708562      0.57487412      0.95869816      2.80000000    -10.00000000
    -45.95317726      0.00000000      0.00000000      0.00000000      0.00000000      0.00006126      8.77022799      0.00001171     22.53687184      1.03740812      1.97936786      0.99981943      0.75461204      0.48717739      0.48717739      0.57449717      0.95751347      2.80000000    -10.00000000
    -46.12040134      0.00000000      0.00000000      0.00000000      0.00000000      0.00005786      8.81459593      0.00001151     21.87643101      1.07956763      1.97955166      0.99981943      0.75370118      0.48726781      0.48726781      0.57412262      0.95628689      2.80000000    -10.00000000
    -46.28762542      0.00000000      0.00000000      0.00000000      0.00000000      0.00005464      8.85837402      0.00001131     21.23062915      1.12348343      1.97973224      0.99981943      0.75279405      0.48735690      0.48735690      0.57375260      0.95501702      2.80000000    -10.00000000
    -46.45484950      0.00000000      0.00000000      0.00000000      0.00000000      0.00005161      8.90153985      0.00001112     20.59940284      1.16922249      1.97990969      0.99981943      0.75188898      0.48744470      0.48744470      0.57338538      0.95370242      2.80000000    -10.00000000
    -46.62207358      0.00000000      0.00000000      0.00000000      0.00000000      0.00004875      8.94407022      0.00001093     19.98267217      1.21685364      1.98008409      0.99981943      0.75098738      0.48753123      0.48753123      0.57302059      0.95234163      2.80000000    -10.00000000
    -46.78929766      0.00000000      0.00000000      0.00000000      0.00000000      0.00004606      8.98594119      0.00001075     19.38034190      1.26644758      1.98025554      0.99981943      0.75008941      0.48761652      0.48761652      0.57265908      0.95093311      2.80000000    -10.00000000
    -46.95652174      0.00000000      0.00000000      0.00000000      0.00000000      0.00004351      9.02712799      0.00001057     18.79230231      1.31807681      1.98042411      0.99981943      0.74926533      0.48770060      0.48770060      0.57230061      0.94947531      2.80000000    -10.00000000
    -47.12374582      0.00000000      0.00000000      0.00000000      0.00000000      0.00004111      9.06760508      0.00001039     18.21843033      1.37181563      1.98058989      0.99981943      0.74830251      0.48778349      0.48778349      0.57194518      0.94796661      2.80000000    -10.00000000
    -47.29096990      0.00000000      0.00000000      0.00000000      0.00000000      0.00003884      9.10734607      0.00001022     17.65859046      1.42774009      1.98075295      0.99981943      0.74741389      0.48786522      0.48786522      0.57159287      0.94640538      2.80000000    -10.00000000
    -47.45819398      0.00000000      0.00000000      0.00000000      0.00000000      0.00003670      9.14632376      0.00001005     17.11263559      1.48592794      1.98091337      0.99981943      0.74654218      0.48794582      0.48794582      0.57124275      0.94478992      2.80000000    -10.00000000
    -47.62541806      0.00000000      0.00000000      0.00000000      0.00000000      0.00003469      9.18451008      0.00000988     16.58040823      1.54645854      1.98107121      0.99981943      0.74564962      0.48802530      0.48802530      0.57089646      0.94311850      2.80000000    -10.00000000
    -47.79264214      0.00000000      0.00000000      0.00000000      0.00000000      0.00003278      9.22187613      0.00000972     16.06174106      1.60941283      1.98122655      0.99981943      0.74477172      0.48810369      0.48810369      0.57055241      0.94138933      2.80000000    -10.00000000
    -47.95986622      0.00000000      0.00000000      0.00000000      0.00000000      0.00003098      9.25839211      0.00000956     15.55645795      1.67487319      1.98137944      0.99981943      0.74389630      0.48818102      0.48818102      0.57021227      0.93960061      2.80000000    -10.00000000
    -48.12709030      0.00000000      0.00000000      0.00000000      0.00000000      0.00002929      9.29402737      0.00000940     15.06437474      1.74292337      1.98152996      0.99981943      0.74302514      0.48825730      0.48825730      0.56987391      0.93775046      2.80000000    -10.00000000
    -48.29431438      0.00000000      0.00000000      0.00000000      0.00000000      0.00002769      9.32875035      0.00000925     14.58529991      1.81364836      1.98167816      0.99981943      0.74215854      0.48833255      0.48833255      0.56953889      0.93583697      2.80000000    -10.00000000
    -48.46153846      0.00000000      0.00000000      0.00000000      0.00000000      0.00002618      9.36252860      0.00000910     14.11903561      1.88713422      1.98182411      0.99981943      0.74129503      0.48840681      0.48840681      0.56920571      0.93385822      2.80000000    -10.00000000
    -48.62876254      0.00000000      0.00000000      0.00000000      0.00000000      0.00002475      9.39532880      0.00000895     13.66537806      1.96346799      1.98196785      0.99981943      0.74042483      0.48848008      0.48848008      0.56887653      0.93181219      2.80000000    -10.00000000
    -48.79598662      0.00000000      0.00000000      0.00000000      0.00000000      0.00002341      9.42711671      0.00000881     13.22411845      2.04273743      1.98210945      0.99981943      0.73957728      0.48855239      0.48855239      0.56854975      0.92969687      2.80000000    -10.00000000
    -48.96321070      0.00000000      0.00000000      0.00000000      0.00000000      0.00002214      9.45785748      0.00000867     12.79504873      2.12503015      1.98224896      0.99981943      0.73872490      0.48862376      0.48862376      0.56822539      0.92751022      2.80000000    -10.00000000
    -49.13043478      0.00000000      0.00000000      0.00000000      0.00000000      0.00002094      9.48751424      0.00000853     12.37793600      2.21043709      1.98238642      0.99981943      0.73787816      0.48869420      0.48869420      0.56790347      0.92525005      2.80000000    -10.00000000
    -49.29765886      0.00000000      0.00000000      0.00000000      0.00000000      0.00001981      9.51605094      0.00000839     11.97257567      2.29904481      1.98252189      0.99981943      0.73703327      0.48876374      0.48876374      0.56758565      0.92291431      2.80000000    -10.00000000
    -49.46488294      0.00000000      0.00000000      0.00000000      0.00000000      0.00001874      9.54342951      0.00000825     11.57873944      2.39094270      1.98265541      0.99981943      0.73619163      0.48883239      0.48883239      0.56726867      0.92050078      2.80000000    -10.00000000
    -49.63210702      0.00000000      0.00000000      0.00000000      0.00000000      0.00001773      9.56961130      0.00000812     11.19620207      2.48621898      1.98278703      0.99981943      0.73535468      0.48890017      0.48890017      0.56695502      0.91800726      2.80000000    -10.00000000
    -49.79933110      0.00000000      0.00000000      0.00000000      0.00000000      0.00001678      9.59455683      0.00000799     10.82473674      2.58496106      1.98291680      0.99981943      0.73452120      0.48896710      0.48896710      0.56664390      0.91543152      2.80000000    -10.00000000
    -49.96655518      0.00000000      0.00000000      0.00000000      0.00000000      0.00001588      9.61822577      0.00000786     10.46411534      2.68725528      1.98304476      0.99981943      0.73369131      0.48903319      0.48903319      0.56633531      0.91277129      2.80000000    -10.00000000
    -50.13377926      0.00000000      0.00000000      0.00000000      0.00000000      0.00001503      9.64057700      0.00000773     10.11410910      2.79318648      1.98317094      0.99981943      0.73286509      0.48909846      0.48909846      0.56602929      0.91002428      2.80000000    -10.00000000
    -50.30100334      0.00000000      0.00000000      0.00000000      0.00000000      0.00001423      9.66156863      0.00000761      9.77448882      2.90283761      1.98329539      0.99981943      0.73204310      0.48916292      0.48916292      0.56579405      0.90718817      2.80000000    -10.00000000
    -50.46822742      0.00000000      0.00000000      0.00000000      0.00000000      0.00001347      9.68115804      0.00000748      9.44502548      3.01628931      1.98341815      0.99981943      0.73118417      0.48922659      0.48922659      0.56542501      0.90426065      2.80000000    -10.00000000
    -50.63545151      0.00000000      0.00000000      0.00000000      0.00000000      0.00001275      9.69930188      0.00000736      9.12549037      3.13361943      1.98353925      0.99981943      0.73041036      0.48928949      0.48928949      0.56512597      0.90123935      2.80000000    -10.00000000
    -50.80267559      0.00000000      0.00000000      0.00000000      0.00000000      0.00001208      9.71595619      0.00000724      8.81565560      3.25490254      1.98365873      0.99981943      0.72959902      0.48935163      0.48935163      0.56482955      0.89812193      2.80000000    -10.00000000
    -50.96989967      0.00000000      0.00000000      0.00000000      0.00000000      0.00001144      9.73107636      0.00000712      8.51529425      3.38020944      1.98377663      0.99981943      0.72882219      0.48941302      0.48941302      0.56453612      0.89490604      2.80000000    -10.00000000
    -51.13712375      0.00000000      0.00000000      0.00000000      0.00000000      0.00001084      9.74461726      0.00000701      8.22418089      3.50960651      1.98389298      0.99981943      0.72799011      0.48947368      0.48947368      0.56426449      0.89158929      2.80000000    -10.00000000
    -51.30434783      0.00000000      0.00000000      0.00000000      0.00000000      0.00001027      9.75653326      0.00000689      7.94209163      3.64315522      1.98400781      0.99981943      0.72719289      0.48953362      0.48953362      0.56395565      0.88816934      2.80000000    -10.00000000
    -51.47157191      0.00000000      0.00000000      0.00000000      0.00000000      0.00000973      9.76677832      0.00000678      7.66880448      3.78091143      1.98412116      0.99981943      0.72642662      0.48959285      0.48959285      0.56366890      0.88464384      2.80000000    -10.00000000
    -51.63879599      0.00000000      0.00000000      0.00000000      0.00000000      0.00000922      9.77530604      0.00000667      7.40409955      3.92292482      1.98423305      0.99981943      0.72560461      0.48965139      0.48965139      0.56338455      0.88101045      2.80000000    -10.00000000
    -51.80602007      0.00000000      0.00000000      0.00000000      0.00000000      0.00000874      9.78206977      0.00000655      7.14775925      4.06923813      1.98434352      0.99981943      0.72481856      0.48970925      0.48970925      0.56310230      0.87726687      2.80000000    -10.00000000
    -51.97324415      0.00000000      0.00000000      0.00000000      0.00000000      0.00000829      9.78702268      0.00000645      6.89956851      4.21988648      1.98445259      0.99981943      0.72399828      0.48976644      0.48976644      0.56282253      0.87341081      2.80000000    -10.00000000
    -52.14046823      0.00000000      0.00000000      0.00000000      0.00000000      0.00000786      9.79011789      0.00000634      6.65931493      4.37489666      1.98456030      0.99981943      0.72325386      0.48982297      0.48982297      0.56254501      0.86944002      2.80000000    -10.00000000
    -52.30769231      0.00000000      0.00000000      0.00000000      0.00000000      0.00000746      9.79130851      0.00000623      6.42678891      4.53428634      1.98466667      0.99981943      0.72247823      0.48987886      0.48987886      0.56226948      0.86535231      2.80000000    -10.00000000
    -52.47491639      0.00000000      0.00000000      0.00000000      0.00000000      0.00000707      9.79054780      0.00000612      6.20178387      4.69806333      1.98477172      0.99981943      0.72153797      0.48993412      0.48993412      0.56199631      0.86114551      2.80000000    -10.00000000
    -52.64214047      0.00000000      0.00000000      0.00000000      0.00000000      0.00000671      9.78778930      0.00000602      5.98409628      4.86622472      1.98487549      0.99981943      0.72094525      0.48998875      0.48998875      0.56172515      0.85681755      2.80000000    -10.00000000
    -52.80936455      0.00000000      0.00000000      0.00000000      0.00000000      0.00000637      9.78298692      0.00000591      5.77352584      5.03875615      1.98497799      0.99981943      0.72017398      0.49004277      0.49004277      0.56145629      0.85236640      2.80000000    -10.00000000
    -52.97658863      0.00000000      0.00000000      0.00000000      0.00000000      0.00000605      9.77609509      0.00000581      5.56987554      5.21563094      1.98507926      0.99981943      0.71941334      0.49009619      0.49009619      0.56118468      0.84779012      2.80000000    -10.00000000
    -53.14381271      0.00000000      0.00000000      0.00000000      0.00000000      0.00000574      9.76706890      0.00000571      5.37295177      5.39680927      1.98517932      0.99981943      0.71865654      0.49014902      0.49014902      0.56092505      0.84308684      2.80000000    -10.00000000
    -53.31103679      0.00000000      0.00000000      0.00000000      0.00000000      0.00000545      9.75586422      0.00000561      5.18256423      5.58223751      1.98527818      0.99981943      0.71790365      0.49020127      0.49020127      0.56066212      0.83825481      2.80000000    -10.00000000
    -53.47826087      0.00000000      0.00000000      0.00000000      0.00000000      0.00000518      9.74243804      0.00000551      4.99852665      5.77184689      1.98537588      0.99981943      0.71715474      0.49025295      0.49025295      0.56041101      0.83329240      2.80000000    -10.00000000
    -53.64548495      0.00000000      0.00000000      0.00000000      0.00000000      0.00000492      9.72674825      0.00000541      4.82065560      5.96555364      1.98547242      0.99981943      0.71640987      0.49030406      0.49030406      0.56014329      0.82819805      2.80000000    -10.00000000
    -53.81270903      0.00000000      0.00000000      0.00000000      0.00000000      0.00000468      9.70875421      0.00000531      4.64877174      6.16325732      1.98556785      0.99981943      0.71566771      0.49035463      0.49035463      0.55988652      0.82297036      2.80000000    -10.00000000
    -53.97993311      0.00000000      0.00000000      0.00000000      0.00000000      0.00000445      9.68841670      0.00000522      4.48269925      6.36484052      1.98566217      0.99981943      0.71493041      0.49040465      0.49040465      0.55963314      0.81760809      2.80000000    -10.00000000
    -54.14715719      0.00000000      0.00000000      0.00000000      0.00000000      0.00000423      9.66569817      0.00000512      4.32226597      6.57016809      1.98575540      0.99981943      0.71419664      0.49045414      0.49045414      0.55937949      0.81211010      2.80000000    -10.00000000
    -54.31438127      0.00000000      0.00000000      0.00000000      0.00000000      0.00000402      9.64056291      0.00000502      4.16730342      6.77908646      1.98584757      0.99981943      0.71345245      0.49050310      0.49050310      0.55912890      0.80647546      2.80000000    -10.00000000
    -54.48160535      0.00000000      0.00000000      0.00000000      0.00000000      0.00000383      9.61297726      0.00000493      4.01764682      6.99142307      1.98593869      0.99981943      0.71274134      0.49055155      0.49055155      0.55888026      0.80070339      2.80000000    -10.00000000
    -54.64882943      0.00000000      0.00000000      0.00000000      0.00000000      0.00000364      9.58290975      0.00000484      3.87313504      7.20698581      1.98602879      0.99981943      0.71201641      0.49059949      0.49059949      0.55863351      0.79479329      2.80000000    -10.00000000
    -54.81605351      0.00000000      0.00000000      0.00000000      0.00000000      0.00000347      9.55033137      0.00000474      3.73361065      7.42556261      1.98611788      0.99981943      0.71129875      0.49064693      0.49064693      0.55838861      0.78874477      2.80000000    -10.00000000
    -54.98327759      0.00000000      0.00000000      0.00000000      0.00000000      0.00000330      9.51521570      0.00000465      3.59891987      7.64692109      1.98620597      0.99981943      0.71058376      0.49069388      0.49069388      0.55814583      0.78255764      2.80000000    -10.00000000
    -55.15050167      0.00000000      0.00000000      0.00000000      0.00000000      0.00000315      9.47753912      0.00000456      3.46891254      7.87080821      1.98629309      0.99981943      0.70987142      0.49074034      0.49074034      0.55790432      0.77623192      2.80000000    -10.00000000
    -55.31772575      0.00000000      0.00000000      0.00000000      0.00000000      0.00000300      9.43728101      0.00000447      3.34344215      8.09695025      1.98637925      0.99981943      0.70916468      0.49078633      0.49078633      0.55766537      0.76976786      2.80000000    -10.00000000
    -55.48494983      0.00000000      0.00000000      0.00000000      0.00000000      0.00000286      9.39442392      0.00000438      3.22236572      8.32505263      1.98646447      0.99981943      0.70846120      0.49083185      0.49083185      0.55742794      0.76316594      2.80000000    -10.00000000
    -55.65217391      0.00000000      0.00000000      0.00000000      0.00000000      0.00000272      9.34895374      0.00000429      3.10554383      8.55480012      1.98654877      0.99981943      0.70776104      0.49087691      0.49087691      0.55719092      0.75642691      2.80000000    -10.00000000
    -55.81939799      0.00000000      0.00000000      0.00000000      0.00000000      0.00000260      9.30085988      0.00000420      2.99284057      8.78585698      1.98663215      0.99981943      0.70705284      0.49092151      0.49092151      0.55695797      0.74955173      2.80000000    -10.00000000
    -55.98662207      0.00000000      0.00000000      0.00000000      0.00000000      0.00000248      9.25013540      0.00000412      2.88412345      9.01786737      1.98671464      0.99981943      0.70641084      0.49096567      0.49096567      0.55672634      0.74254165      2.80000000    -10.00000000
    -56.15384615      0.00000000      0.00000000      0.00000000      0.00000000      0.00000236      9.19677717      0.00000403      2.77926337      9.25045585      1.98679625      0.99981943      0.70568095      0.49100939      0.49100939      0.55650444      0.73539817      2.80000000    -10.00000000
    -56.32107023      0.00000000      0.00000000      0.00000000      0.00000000      0.00000226      9.14078594      0.00000394      2.67813455      9.48322804      1.98687699      0.99981943      0.70499453      0.49105267      0.49105267      0.55626706      0.72812305      2.80000000    -10.00000000
    -56.48829431      0.00000000      0.00000000      0.00000000      0.00000000      0.00000216      9.08216645      0.00000386      2.58061450      9.71577145      1.98695688      0.99981943      0.70431167      0.49109553      0.49109553      0.55604047      0.72071833      2.80000000    -10.00000000
    -56.65551839      0.00000000      0.00000000      0.00000000      0.00000000      0.00000206      9.02092744      0.00000377      2.48658386      9.94765643      1.98703594      0.99981943      0.70363816      0.49113796      0.49113796      0.55581481      0.71318631      2.80000000    -10.00000000
    -56.82274247      0.00000000      0.00000000      0.00000000      0.00000000      0.00000197      8.95708168      0.00000369      2.39592639     10.17843733      1.98711417      0.99981943      0.70295966      0.49117999      0.49117999      0.55559177      0.70552954      2.80000000    -10.00000000
    -56.98996656      0.00000000      0.00000000      0.00000000      0.00000000      0.00000188      8.89064591      0.00000361      2.30852883     10.40765373      1.98719158      0.99981943      0.70228809      0.49122160      0.49122160      0.55536988      0.69775086      2.80000000    -10.00000000
    -57.15719064      0.00000000      0.00000000      0.00000000      0.00000000      0.00000180      8.82164067      0.00000353      2.22428078     10.63483183      1.98726820      0.99981943      0.70111935      0.49126282      0.49126282      0.55514914      0.68985331      2.80000000    -10.00000000
    -57.32441472      0.00000000      0.00000000      0.00000000      0.00000000      0.00000172      8.75009008      0.00000345      2.14307460     10.85948597      1.98734403      0.99981943      0.70120103      0.49130364      0.49130364      0.55492661      0.68184020      2.80000000    -10.00000000
    -57.49163880      0.00000000      0.00000000      0.00000000      0.00000000      0.00000165      8.67602150      0.00000337      2.06480519     11.08112022      1.98741909      0.99981943      0.70029481      0.49134406      0.49134406      0.55471389      0.67371499      2.80000000    -10.00000000
    -57.65886288      0.00000000      0.00000000      0.00000000      0.00000000      0.00000158      8.59946501      0.00000329      1.98936984     11.29922992      1.98749339      0.99981943      0.69963768      0.49138411      0.49138411      0.55449866      0.66548134      2.80000000    -10.00000000
    -57.82608696      0.00000000      0.00000000      0.00000000      0.00000000      0.00000151      8.52045260      0.00000321      1.91666799     11.51330338      1.98756694      0.99981943      0.69898334      0.49142377      0.49142377      0.55428418      0.65714301      2.80000000    -10.00000000
    -57.99331104      0.00000000      0.00000000      0.00000000      0.00000000      0.00000145      8.43901720      0.00000313      1.84660087     11.72282326      1.98763975      0.99981943      0.69833294      0.49146307      0.49146307      0.55407257      0.64870382      2.80000000    -10.00000000
    -58.16053512      0.00000000      0.00000000      0.00000000      0.00000000      0.00000139      8.35519113      0.00000305      1.77907114     11.92726788      1.98771183      0.99981943      0.69768578      0.49150199      0.49150199      0.55386173      0.64016754      2.80000000    -10.00000000
    -58.32775920      0.00000000      0.00000000      0.00000000      0.00000000      0.00000133      8.26900398      0.00000298      1.71398230     12.12611210      1.98778319      0.99981943      0.69704214      0.49154056      0.49154056      0.55331405      0.63153776      2.80000000    -10.00000000
    -58.49498328      0.00000000      0.00000000      0.00000000      0.00000000      0.00000128      8.18047979      0.00000290      1.65123807     12.31882734      1.98785385      0.99981943      0.69640187      0.49157876      0.49157876      0.55333316      0.62281773      2.80000000    -10.00000000
    -58.66220736      0.00000000      0.00000000      0.00000000      0.00000000      0.00000123      8.08963270      0.00000283      1.59074131     12.50488085      1.98792382      0.99981943      0.69586518      0.49161662      0.49161662      0.55335210      0.61401009      2.80000000    -10.00000000
    -58.82943144      0.00000000      0.00000000      0.00000000      0.00000000      0.00000118      7.99646100      0.00000275      1.53239267     12.68373296      1.98799309      0.99981943      0.69513100      0.49165412      0.49165412      0.55303419      0.60511653      2.80000000    -10.00000000
    -58.99665552      0.00000000      0.00000000      0.00000000      0.00000000      0.00000113      7.90093830      0.00000268      1.47608868     12.85483186      1.98806170      0.99981943      0.69451233      0.49169129      0.49169129      0.55283096      0.59613724      2.80000000    -10.00000000
    -59.16387960      0.00000000      0.00000000      0.00000000      0.00000000      0.00000109      7.80300055      0.00000261      1.42171886     13.01760409      1.98812964      0.99981943      0.69387434      0.49172811      0.49172811      0.55262917      0.58707015      2.80000000    -10.00000000
    -59.33110368      0.00000000      0.00000000      0.00000000      0.00000000      0.00000104      7.70252679      0.00000253      1.36916172     13.17143815      1.98819692      0.99981943      0.69325110      0.49176461      0.49176461      0.55242945      0.57790978      2.80000000    -10.00000000
    -59.49832776      0.00000000      0.00000000      0.00000000      0.00000000      0.00000100      7.59930980      0.00000246      1.31827859     13.31565729      1.98826356      0.99981943      0.69263089      0.49180077      0.49180077      0.55223032      0.56864546      2.80000000    -10.00000000
    -59.66555184      0.00000000      0.00000000      0.00000000      0.00000000      0.00000097      7.49301126      0.00000239      1.26890461     13.44947412      1.98832956      0.99981943      0.69201404      0.49183662      0.49183662      0.55203264      0.55925869      2.80000000    -10.00000000
    -59.83277592      0.00000000      0.00000000      0.00000000      0.00000000      0.00000093      7.38309220      0.00000232      1.22083499     13.57191483      1.98839493      0.99981943      0.69140020      0.49187214      0.49187214      0.55183641      0.54971891      2.80000000    -10.00000000
    -60.00000000      0.00000000      0.00000000      0.00000000      0.00000000      0.00000089      7.26870401      0.00000225      1.17380424     13.68169186      1.98845969      0.99981943      0.69078951      0.49190735      0.49190735      0.55164163      0.53997698      2.80000000    -10.00000000
