    -10.00000000     -0.00000000     -0.00000000      0.00000000      0.00000000      0.03462803      0.00000134      0.01276323      0.00000000      1.05693505      0.00000000      0.99983995      0.50001957      0.50002547      0.50002547      0.49999710      0.00000000      5.30000000    -10.00000000
     -9.83277592     -0.00000000     -0.00000000      0.00000000      0.00000000      0.03452661      0.01843909      0.01274169      0.00009766      1.05825121      0.00000000      0.99983995      0.50012825      0.49990507      0.49990507      0.50008906      0.00009765      5.30000000    -10.00000000
     -9.66555184     -0.00000000     -0.00000000      0.00000000      0.00000000      0.03455014      0.03683680      0.01272386      0.00039057      1.05605037      0.00000000      0.99983995      0.50052569      0.49981228      0.49981228      0.50056107      0.00039042      5.30000000    -10.00000000
     -9.49832776     -0.00000000     -0.00000000      0.00000000      0.00000000      0.03459835      0.05506229      0.01269428      0.00087591      1.05212761      0.00000000      0.99983995      0.50199949      0.49971785      0.49971785      0.50061074      0.00087515      5.30000000    -10.00000000
     -9.33110368     -0.00000000     -0.00000000      0.00000000      0.00000000      0.03466195      0.07305954      0.01265305      0.00154995      1.04678570      0.00000000      0.99983995      0.50217857      0.49962833      0.49962833      0.50045202      0.00154755      5.30000000    -10.00000000
     -9.16387960     -0.00000000     -0.00000000      0.00000000      0.00000000      0.03474030      0.09076032      0.01260031      0.00240741      1.04007170      0.00000000      0.99983995      0.50168158      0.49953871      0.49953871      0.50038529      0.00240163      5.30000000    -10.00000000
     -8.99665552     -0.00000000     -0.00000000      0.00000000      0.00000000      0.03483360      0.10809515      0.01253626      0.00344151      1.03201320      0.00000000      0.99983995      0.50149000      0.49945150      0.49945150      0.50033813      0.00342970      5.30000000    -10.00000000
     -8.82943144     -0.00000000     -0.00000000      0.00000000      0.00000000      0.03494209      0.12499509      0.01246114      0.00464390      1.02264432      0.00000000      0.99983995      0.50134212      0.49936845      0.49936845      0.50031421      0.00462243      5.30000000    -10.00000000
     -8.66220736     -0.00000000     -0.00000000      0.00000000      0.00000000      0.03506585      0.14139305      0.01237524      0.00600472      1.01200991      0.00000000      0.99983995      0.50129823      0.49929133      0.49929133      0.50028922      0.00596888      5.30000000    -10.00000000
     -8.49498328     -0.00000000     -0.00000000      0.00000000      0.00000000      0.03520484      0.15722476      0.01227886      0.00751263      1.00016435      0.00000000      0.99983995      0.50121742      0.49920698      0.49920698      0.50026741      0.00745661      5.30000000    -10.00000000
     -8.32775920     -0.00000000     -0.00000000      0.00000000      0.00000000      0.03535895      0.17242938      0.01217238      0.00915487      0.98716977      0.00000000      0.99983995      0.50114464      0.49913236      0.49913236      0.50023892      0.00907182      5.30000000    -10.00000000
     -8.16053512     -0.00000000     -0.00000000      0.00000000      0.00000000      0.03552797      0.18694999      0.01205618      0.01091735      0.97309448      0.00000000      0.99983995      0.50105353      0.49906033      0.49906033      0.50022046      0.01079945      5.30000000    -10.00000000
     -7.99331104     -0.00000000     -0.00000000      0.00000000      0.00000000      0.03571170      0.20073382      0.01193069      0.01278474      0.95801170      0.00000000      0.99983995      0.50097778      0.49899333      0.49899333      0.50019016      0.01262335      5.30000000    -10.00000000
     -7.82608696     -0.00000000     -0.00000000      0.00000000      0.00000000      0.03590987      0.21373243      0.01179637      0.01474050      0.94199848      0.00000000      0.99983995      0.50091429      0.49892955      0.49892955      0.50015886      0.01452637      5.30000000    -10.00000000
     -7.65886288     -0.00000000     -0.00000000      0.00000000      0.00000000      0.03612219      0.22590175      0.01165369      0.01676701      0.92513471      0.00000000      0.99983995      0.50074832      0.49888163      0.49888163      0.50012101      0.01649052      5.30000000    -10.00000000
     -7.49163880     -0.00000000     -0.00000000      0.00000000      0.00000000      0.03634834      0.23720203      0.01150315      0.01884563      0.90750215      0.00000000      0.99983995      0.50054407      0.49882349      0.49882349      0.50007638      0.01849704      5.30000000    -10.00000000
     -7.32441472     -0.00000000     -0.00000000      0.00000000      0.00000000      0.03658797      0.24759791      0.01134525      0.02095675      0.88918363      0.00000000      0.99983995      0.50028373      0.49877757      0.49877757      0.50002664      0.02052658      5.30000000    -10.00000000
     -7.15719064     -0.00000000     -0.00000000      0.00000000      0.00000000      0.03684071      0.25705829      0.01118053      0.02307994      0.87026220      0.00000000      0.99983995      0.49990006      0.49874016      0.49874016      0.49997041      0.02255927      5.30000000    -10.00000000
     -6.98996656     -0.00000000     -0.00000000      0.00000000      0.00000000      0.03710615      0.26555632      0.01100951      0.02519399      0.85082039      0.00000000      0.99983995      0.49909030      0.49870976      0.49870976      0.49990300      0.02457485      5.30000000    -10.00000000
     -6.82274247     -0.00000000     -0.00000000      0.00000000      0.00000000      0.03738385      0.27306932      0.01083273      0.02727708      0.83093957      0.00000000      0.99983995      0.49922667      0.49868600      0.49868600      0.49983103      0.02655280      5.30000000    -10.00000000
     -6.65551839     -0.00000000     -0.00000000      0.00000000      0.00000000      0.03767336      0.27957863      0.01065071      0.02930689      0.81069926      0.00000000      0.99983995      0.49918404      0.49866979      0.49866979      0.49972522      0.02847245      5.30000000    -10.00000000
     -6.48829431     -0.00000000     -0.00000000      0.00000000      0.00000000      0.03797418      0.28506996      0.01046398      0.03126081      0.79017668      0.00000000      0.99983995      0.49932918      0.49866148      0.49866148      0.49965385      0.03031319      5.30000000    -10.00000000
     -6.32107023     -0.00000000     -0.00000000      0.00000000      0.00000000      0.03828581      0.28953214      0.01027307      0.03311592      0.76944616      0.00000000      0.99983995      0.49928127      0.49866120      0.49866120      0.49955761      0.03205441      5.30000000    -10.00000000
     -6.15384615     -0.00000000     -0.00000000      0.00000000      0.00000000      0.03860771      0.29295785      0.01007850      0.03484932      0.74857884      0.00000000      0.99983995      0.49918952      0.49868045      0.49868045      0.49944392      0.03367574      5.30000000    -10.00000000
     -5.98662207     -0.00000000     -0.00000000      0.00000000      0.00000000      0.03893931      0.29534372      0.00988076      0.03643838      0.72764227      0.00000000      0.99983995      0.49909601      0.49869134      0.49869134      0.49931674      0.03515731      5.30000000    -10.00000000
     -5.81939799     -0.00000000     -0.00000000      0.00000000      0.00000000      0.03928003      0.29668933      0.00968036      0.03786083      0.70670014      0.00000000      0.99983995      0.49886130      0.49871527      0.49871527      0.49917534      0.03647968      5.30000000    -10.00000000
     -5.65217391     -0.00000000     -0.00000000      0.00000000      0.00000000      0.03962924      0.29699740      0.00947775      0.03909504      0.68581213      0.00000000      0.99983995      0.49857250      0.49875314      0.49875314      0.49901303      0.03762412      5.30000000    -10.00000000
     -5.48494983     -0.00000000     -0.00000000      0.00000000      0.00000000      0.03998633      0.29627354      0.00927341      0.04012025      0.66503369      0.00000000      0.99983995      0.49834216      0.49880548      0.49880548      0.49881437      0.03857270      5.30000000    -10.00000000
     -5.31772575     -0.00000000     -0.00000000      0.00000000      0.00000000      0.04035063      0.29452601      0.00906778      0.04091688      0.64441602      0.00000000      0.99983995      0.49801440      0.49884924      0.49884924      0.49872623      0.03930850      5.30000000    -10.00000000
     -5.15050167     -0.00000000     -0.00000000      0.00000000      0.00000000      0.04072148      0.29176551      0.00886128      0.04146681      0.62400600      0.00000000      0.99983995      0.49764106      0.49891400      0.49891400      0.49834804      0.03981578      5.30000000    -10.00000000
     -4.98327759     -0.00000000     -0.00000000      0.00000000      0.00000000      0.04109816      0.28800496      0.00865432      0.04175371      0.60384620      0.00000000      0.99983995      0.49721575      0.49899061      0.49899061      0.49814586      0.04008021      5.30000000    -10.00000000
     -4.81605351     -0.00000000     -0.00000000      0.00000000      0.00000000      0.04147998      0.28325925      0.00844728      0.04176336      0.58397498      0.00000000      0.99983995      0.49682575      0.49907676      0.49907676      0.49802592      0.04008911      5.30000000    -10.00000000
     -4.64882943     -0.00000000     -0.00000000      0.00000000      0.00000000      0.04186619      0.27754509      0.00824053      0.04148405      0.56442654      0.00000000      0.99983995      0.49623861      0.49917376      0.49917376      0.49789031      0.03983167      5.30000000    -10.00000000
     -4.48160535     -0.00000000     -0.00000000      0.00000000      0.00000000      0.04225606      0.27088073      0.00803441      0.04090695      0.54523105      0.00000000      0.99983995      0.49567762      0.49928159      0.49928159      0.49773615      0.03929934      5.30000000    -10.00000000
     -4.31438127     -0.00000000     -0.00000000      0.00000000      0.00000000      0.04264882      0.26328581      0.00782924      0.04002656      0.52641485      0.00000000      0.99983995      0.49505274      0.49939971      0.49939971      0.49755955      0.03848609      5.30000000    -10.00000000
     -4.14715719     -0.00000000     -0.00000000      0.00000000      0.00000000      0.04304369      0.25478116      0.00762532      0.03884114      0.50800058      0.00000000      0.99983995      0.49442574      0.49953054      0.49953054      0.49737540      0.03738891      5.30000000    -10.00000000
     -3.97993311     -0.00000000     -0.00000000      0.00000000      0.00000000      0.04343987      0.24538863      0.00742293      0.03735319      0.49000738      0.00000000      0.99983995      0.49372833      0.49967199      0.49967199      0.49719700      0.03600817      5.30000000    -10.00000000
     -3.81270903     -0.00000000     -0.00000000      0.00000000      0.00000000      0.04383657      0.23513089      0.00722234      0.03557001      0.47245112      0.00000000      0.99983995      0.49299474      0.49982411      0.49982411      0.49694789      0.03434824      5.30000000    -10.00000000
     -3.64548495     -0.00000000     -0.00000000      0.00000000      0.00000000      0.04423295      0.22403131      0.00702377      0.03350416      0.45534457      0.00000000      0.99983995      0.49221201      0.49998731      0.49998731      0.49670969      0.03241803      5.30000000    -10.00000000
     -3.47826087     -0.00000000     -0.00000000      0.00000000      0.00000000      0.04462820      0.21211379      0.00682746      0.03117411      0.43869765      0.00000000      0.99983995      0.49138717      0.50016467      0.50016467      0.49645545      0.03023166      5.30000000    -10.00000000
     -3.31103679     -0.00000000     -0.00000000      0.00000000      0.00000000      0.04502147      0.19940263      0.00663359      0.02860477      0.42251763      0.00000000      0.99983995      0.49050551      0.50035155      0.50035155      0.49618516      0.02780929      5.30000000    -10.00000000
     -3.14381271     -0.00000000     -0.00000000      0.00000000      0.00000000      0.04541190      0.18592238      0.00644236      0.02582819      0.40680934      0.00000000      0.99983995      0.48959709      0.50054972      0.50054972      0.49585655      0.02517789      5.30000000    -10.00000000
     -2.97658863     -0.00000000     -0.00000000      0.00000000      0.00000000      0.04579865      0.17169774      0.00625392      0.02288418      0.39157539      0.00000000      0.99983995      0.48864802      0.50076014      0.50076014      0.49559952      0.02237221      5.30000000    -10.00000000
     -2.80936455     -0.00000000     -0.00000000      0.00000000      0.00000000      0.04618084      0.15675344      0.00606842      0.01982102      0.37681633      0.00000000      0.99983995      0.48765971      0.50098170      0.50098170      0.49528427      0.01943578      5.30000000    -10.00000000
     -2.64214047     -0.00000000     -0.00000000      0.00000000      0.00000000      0.04655761      0.14111414      0.00588600      0.01669620      0.36253091      0.00000000      0.99983995      0.48662784      0.50121398      0.50121398      0.49495606      0.01642201      5.30000000    -10.00000000
     -2.47491639     -0.00000000     -0.00000000      0.00000000      0.00000000      0.04692808      0.12480431      0.00570676      0.01357715      0.34871620      0.00000000      0.99983995      0.48556047      0.50144862      0.50144862      0.49460862      0.01339528      5.30000000    -10.00000000
     -2.30769231     -0.00000000     -0.00000000      0.00000000      0.00000000      0.04729140      0.10784820      0.00553080      0.01054207      0.33536784      0.00000000      0.99983995      0.48462083      0.50170797      0.50170797      0.49424861      0.01043209      5.30000000    -10.00000000
     -2.14046823     -0.00000000     -0.00000000      0.00000000      0.00000000      0.04764669      0.09026972      0.00535821      0.00768073      0.32248012      0.00000000      0.99983995      0.48339540      0.50197901      0.50197901      0.49387630      0.00762219      5.30000000    -10.00000000
     -1.97324415     -0.00000000     -0.00000000      0.00000000      0.00000000      0.04799310      0.07209239      0.00518907      0.00509535      0.31004623      0.00000000      0.99983995      0.48222575      0.50226016      0.50226016      0.49349083      0.00506952      5.30000000    -10.00000000
     -1.80602007     -0.00000000     -0.00000000      0.00000000      0.00000000      0.04832977      0.05333929      0.00502343      0.00290145      0.29805834      0.00000000      0.99983995      0.48086807      0.50254363      0.50254363      0.49309150      0.00289305      5.30000000    -10.00000000
     -1.63879599     -0.00000000     -0.00000000      0.00000000      0.00000000      0.04865587      0.03403301      0.00486134      0.00122881      0.28650779      0.00000000      0.99983995      0.47952104      0.50280665      0.50280665      0.49267979      0.00122731      5.30000000    -10.00000000
     -1.47157191     -0.00000000     -0.00000000      0.00000000      0.00000000      0.04897058      0.01419561      0.00470284      0.00022243      0.27538519      0.00000000      0.99983995      0.47814271      0.50314877      0.50314877      0.49225477      0.00022238      5.30000000    -10.00000000
     -1.30434783     -0.00000000     -0.00000000      0.00000000      0.00000000      0.04927309     -0.00615140      0.00454796      0.00004346      0.26468055      0.00000000      0.99983995      0.47673632      0.50346683      0.50346683      0.49190172      0.00004345      5.30000000    -10.00000000
     -1.13712375     -0.00000000     -0.00000000      0.00000000      0.00000000      0.04956260     -0.02698712      0.00439670      0.00087025      0.25438342      0.00000000      0.99983995      0.47541373      0.50378985      0.50378985      0.49137024      0.00086950      5.30000000    -10.00000000
     -0.96989967     -0.00000000     -0.00000000      0.00000000      0.00000000      0.04983835     -0.04829124      0.00424910      0.00289941      0.24448293      0.00000000      0.99983995      0.47380531      0.50412959      0.50412959      0.49091307      0.00289103      5.30000000    -10.00000000
     -0.80267559     -0.00000000     -0.00000000      0.00000000      0.00000000      0.05009960     -0.07004404      0.00410513      0.00634681      0.23496792      0.00000000      0.99983995      0.47229343      0.50447505      0.50447505      0.49050476      0.00630678      5.30000000    -10.00000000
     -0.63545151     -0.00000000     -0.00000000      0.00000000      0.00000000      0.05034562     -0.09222647      0.00396481      0.01144872      0.22582706      0.00000000      0.99983995      0.47073937      0.50482826      0.50482826      0.48996588      0.01131913      5.30000000    -10.00000000
     -0.46822742     -0.00000000     -0.00000000      0.00000000      0.00000000      0.05057573     -0.11482009      0.00382811      0.01846290      0.21704884      0.00000000      0.99983995      0.46920550      0.50518973      0.50518973      0.48947840      0.01812820      5.30000000    -10.00000000
     -0.30100334     -0.00000000     -0.00000000      0.00000000      0.00000000      0.05078926     -0.13780709      0.00369501      0.02766975      0.20862170      0.00000000      0.99983995      0.46757749      0.50555191      0.50555191      0.48898404      0.02692474      5.30000000    -10.00000000
     -0.13377926     -0.00000000     -0.00000000      0.00000000      0.00000000      0.05098558     -0.16117028      0.00356550      0.03937343      0.20053407      0.00000000      0.99983995      0.46593815      0.50593721      0.50593721      0.48848638      0.03788189      5.30000000    -10.00000000
      0.03344482     -0.00000000     -0.00000000      0.00000000      0.00000000      0.05116410     -0.18489310      0.00343953      0.05390307      0.19277442      0.00000000      0.99983995      0.46428486      0.50632001      0.50632001      0.48799492      0.05114614      5.30000000    -10.00000000
      0.20066890     -0.00000000     -0.00000000      0.00000000      0.00000000      0.05132426     -0.20895961      0.00331708      0.07161390      0.18533133      0.00000000      0.99983995      0.46261206      0.50670891      0.50670891      0.48744254      0.06682808      5.30000000    -10.00000000
      0.36789298     -0.00000000     -0.00000000      0.00000000      0.00000000      0.05146554     -0.23335444      0.00319810      0.09288847      0.17819348      0.00000000      0.99983995      0.46092479      0.50710451      0.50710451      0.48688127      0.08499355      5.30000000    -10.00000000
      0.53511706     -0.00000000     -0.00000000      0.00000000      0.00000000      0.05158745     -0.25806282      0.00308256      0.11813782      0.17134974      0.00000000      0.99983995      0.45915578      0.50750542      0.50750542      0.48631431      0.10565587      5.30000000    -10.00000000
      0.70234114     -0.00000000     -0.00000000      0.00000000      0.00000000      0.05168956     -0.28307057      0.00297041      0.14780268      0.16478915      0.00000000      0.99983995      0.45740889      0.50791104      0.50791104      0.48575473      0.12877011      5.30000000    -10.00000000
      0.86956522     -0.00000000     -0.00000000      0.00000000      0.00000000      0.05177146     -0.30836400      0.00286159      0.18235464      0.15850101      0.00000000      0.99983995      0.45562482      0.50832374      0.50832374      0.48518473      0.15423007      5.30000000    -10.00000000
      1.03678930     -0.00000000     -0.00000000      0.00000000      0.00000000      0.05183282     -0.33393000      0.00275605      0.22229730      0.15247484      0.00000000      0.99983995      0.45407450      0.50873531      0.50873531      0.48459363      0.18186844      5.30000000    -10.00000000
      1.20401338     -0.00000000     -0.00000000      0.00000000      0.00000000      0.05187331     -0.35975592      0.00265375      0.26816743      0.14670042      0.00000000      0.99983995      0.45201367      0.50915253      0.50915253      0.48402159      0.21146059      5.30000000    -10.00000000
      1.37123746     -0.00000000     -0.00000000      0.00000000      0.00000000      0.05189268     -0.38582960      0.00255462      0.32053602      0.14116784      0.00000000      0.99983995      0.45018427      0.50957265      0.50957265      0.48343138      0.24273175      5.30000000    -10.00000000
      1.53846154     -0.00000000     -0.00000000      0.00000000      0.00000000      0.05189073     -0.41213934      0.00245861      0.38000927      0.13586746      0.00000000      0.99983995      0.44834083      0.50999445      0.50999445      0.48283681      0.27536719      5.30000000    -10.00000000
      1.70568562     -0.00000000     -0.00000000      0.00000000      0.00000000      0.05186728     -0.43867384      0.00236566      0.44722960      0.13078997      0.00000000      0.99983995      0.44648221      0.51041828      0.51041828      0.48221703      0.30902464      5.30000000    -10.00000000
      1.87290970     -0.00000000     -0.00000000      0.00000000      0.00000000      0.05182223     -0.46542221      0.00227571      0.52287639      0.12592637      0.00000000      0.99983995      0.44461343      0.51084362      0.51084362      0.48163720      0.34334788      5.30000000    -10.00000000
      2.04013378     -0.00000000     -0.00000000      0.00000000      0.00000000      0.05175551     -0.49237397      0.00218870      0.60766668      0.12126801      0.00000000      0.99983995      0.44273520      0.51126910      0.51126910      0.48103389      0.37798051      5.30000000    -10.00000000
      2.20735786     -0.00000000     -0.00000000      0.00000000      0.00000000      0.05166710     -0.51951900      0.00210458      0.70235577      0.11680656      0.00000000      0.99983995      0.44085609      0.51169485      0.51169485      0.48042878      0.41257872      5.30000000    -10.00000000
      2.37458194     -0.00000000     -0.00000000      0.00000000      0.00000000      0.05155703     -0.54684760      0.00202328      0.80773760      0.11253402      0.00000000      0.99983995      0.43892800      0.51211876      0.51211876      0.47982123      0.44682237      5.30000000    -10.00000000
      2.54180602     -0.00000000     -0.00000000      0.00000000      0.00000000      0.05142537     -0.57435053      0.00194474      0.92464514      0.10844274      0.00000000      0.99983995      0.43725797      0.51254307      0.51254307      0.47923369      0.48042370      5.30000000    -10.00000000
      2.70903010     -0.00000000     -0.00000000      0.00000000      0.00000000      0.05127221     -0.60201905      0.00186891      1.05395070      0.10452536      0.00000000      0.99983995      0.43515636      0.51296496      0.51296496      0.47860671      0.51313340      5.30000000    -10.00000000
      2.87625418     -0.00000000     -0.00000000      0.00000000      0.00000000      0.05109768     -0.62984501      0.00179572      1.19656649      0.10077483      0.00000000      0.99983995      0.43325175      0.51338464      0.51338464      0.47799405      0.54474403      5.30000000    -10.00000000
      3.04347826     -0.00000000     -0.00000000      0.00000000      0.00000000      0.05090194     -0.65782094      0.00172510      1.35344523      0.09718432      0.00000000      0.99983995      0.43142408      0.51380171      0.51380171      0.47739388      0.57509103      5.30000000    -10.00000000
      3.21070234     -0.00000000     -0.00000000      0.00000000      0.00000000      0.05068516     -0.68594005      0.00165700      1.52558121      0.09374724      0.00000000      0.99983995      0.42944930      0.51421509      0.51421509      0.47678978      0.60405154      5.30000000    -10.00000000
      3.37792642     -0.00000000     -0.00000000      0.00000000      0.00000000      0.05044754     -0.71419627      0.00159136      1.71401137      0.09045716      0.00000000      0.99983995      0.42755041      0.51462550      0.51462550      0.47618770      0.63154171      5.30000000    -10.00000000
      3.54515050     -0.00000000     -0.00000000      0.00000000      0.00000000      0.05018934     -0.74258409      0.00152809      1.91981644      0.08730781      0.00000000      0.99983995      0.42573704      0.51503113      0.51503113      0.47558978      0.65751272      5.30000000    -10.00000000
      3.71237458     -0.00000000     -0.00000000      0.00000000      0.00000000      0.04991084     -0.77109847      0.00146714      2.14412179      0.08429305      0.00000000      0.99983995      0.42377144      0.51543291      0.51543291      0.47499101      0.68194616      5.30000000    -10.00000000
      3.87959866     -0.00000000     -0.00000000      0.00000000      0.00000000      0.04961236     -0.79973468      0.00140843      2.38809773      0.08140691      0.00000000      0.99983995      0.42189219      0.51582791      0.51582791      0.47440152      0.70484913      5.30000000    -10.00000000
      4.04682274     -0.00000000     -0.00000000      0.00000000      0.00000000      0.04929429     -0.82848813      0.00135190      2.65295952      0.07864362      0.00000000      0.99983995      0.41982882      0.51621802      0.51621802      0.47381245      0.72624936      5.30000000    -10.00000000
      4.21404682     -0.00000000     -0.00000000      0.00000000      0.00000000      0.04895708     -0.85735432      0.00129748      2.93996698      0.07599757      0.00000000      0.99983995      0.41815959      0.51659622      0.51659622      0.47322950      0.74619077      5.30000000    -10.00000000
      4.38127090     -0.00000000     -0.00000000      0.00000000      0.00000000      0.04860120     -0.88632876      0.00124510      3.25042398      0.07346343      0.00000000      0.99983995      0.41630335      0.51698003      0.51698003      0.47265148      0.76472935      5.30000000    -10.00000000
      4.54849498     -0.00000000     -0.00000000      0.00000000      0.00000000      0.04822719     -0.91540707      0.00119469      3.58567800      0.07103604      0.00000000      0.99983995      0.41447723      0.51735196      0.51735196      0.47204603      0.78192974      5.30000000    -10.00000000
      4.71571906     -0.00000000     -0.00000000      0.00000000      0.00000000      0.04783561     -0.94458490      0.00114620      3.94711959      0.06871052      0.00000000      0.99983995      0.41265634      0.51771625      0.51771625      0.47151481      0.79786217      5.30000000    -10.00000000
      4.88294314     -0.00000000     -0.00000000      0.00000000      0.00000000      0.04742705     -0.97385802      0.00109955      4.33618189      0.06648219      0.00000000      0.99983995      0.41082310      0.51806949      0.51806949      0.47099888      0.81260009      5.30000000    -10.00000000
      5.05016722     -0.00000000     -0.00000000      0.00000000      0.00000000      0.04700214     -1.00322234      0.00105470      4.75433984      0.06434661      0.00000000      0.99983995      0.40905496      0.51841487      0.51841487      0.47040157      0.82621812      5.30000000    -10.00000000
      5.21739130     -0.00000000     -0.00000000      0.00000000      0.00000000      0.04656150     -1.03267390      0.00101157      5.20310922      0.06229956      0.00000000      0.99983995      0.40730758      0.51875153      0.51875153      0.46986121      0.83879052      5.30000000    -10.00000000
      5.38461538     -0.00000000     -0.00000000      0.00000000      0.00000000      0.04610580     -1.06220890      0.00097012      5.68404541      0.06033702      0.00000000      0.99983995      0.40552268      0.51908085      0.51908085      0.46932443      0.85039000      5.30000000    -10.00000000
      5.55183946     -0.00000000     -0.00000000      0.00000000      0.00000000      0.04563572     -1.09182367      0.00093028      6.19874182      0.05845518      0.00000000      0.99983995      0.40378366      0.51939976      0.51939976      0.46879696      0.86108684      5.30000000    -10.00000000
      5.71906355     -0.00000000     -0.00000000      0.00000000      0.00000000      0.04515194     -1.12151471      0.00089200      6.74882815      0.05665041      0.00000000      0.99983995      0.40213378      0.51971129      0.51971129      0.46827745      0.87094823      5.30000000    -10.00000000
      5.88628763     -0.00000000     -0.00000000      0.00000000      0.00000000      0.04465517     -1.15127866      0.00085523      7.33596830      0.05491930      0.00000000      0.99983995      0.40035797      0.52001231      0.52001231      0.46779567      0.88003793      5.30000000    -10.00000000
      6.05351171     -0.00000000     -0.00000000      0.00000000      0.00000000      0.04414612     -1.18111231      0.00081991      7.96185804      0.05325857      0.00000000      0.99983995      0.39865579      0.52030398      0.52030398      0.46726802      0.88841600      5.30000000    -10.00000000
      6.22073579     -0.00000000     -0.00000000      0.00000000      0.00000000      0.04362550     -1.21101257      0.00078600      8.62822248      0.05166512      0.00000000      0.99983995      0.39699024      0.52059436      0.52059436      0.46662252      0.89613867      5.30000000    -10.00000000
      6.38795987     -0.00000000     -0.00000000      0.00000000      0.00000000      0.04309403     -1.24097652      0.00075344      9.33681321      0.05013603      0.00000000      0.99983995      0.39547829      0.52085762      0.52085762      0.46629555      0.90325839      5.30000000    -10.00000000
      6.55518395     -0.00000000     -0.00000000      0.00000000      0.00000000      0.04255246     -1.27100135      0.00072220     10.08940519      0.04866850      0.00000000      0.99983995      0.39390870      0.52111925      0.52111925      0.46582567      0.90982384      5.30000000    -10.00000000
      6.72240803     -0.00000000     -0.00000000      0.00000000      0.00000000      0.04200149     -1.30108439      0.00069222     10.88779333      0.04725988      0.00000000      0.99983995      0.39236132      0.52137060      0.52137060      0.46536531      0.91588010      5.30000000    -10.00000000
      6.88963211     -0.00000000     -0.00000000      0.00000000      0.00000000      0.04144186     -1.33122309      0.00066345     11.73378871      0.04590764      0.00000000      0.99983995      0.39074587      0.52161226      0.52161226      0.46488736      0.92146878      5.30000000    -10.00000000
      7.05685619     -0.00000000     -0.00000000      0.00000000      0.00000000      0.04087430     -1.36141503      0.00063586     12.62921445      0.04460939      0.00000000      0.99983995      0.38934396      0.52184201      0.52184201      0.46447745      0.92662820      5.30000000    -10.00000000
      7.22408027     -0.00000000     -0.00000000      0.00000000      0.00000000      0.04029951     -1.39165788      0.00060940     13.57590125      0.04336285      0.00000000      0.99983995      0.38787520      0.52206205      0.52206205      0.46404986      0.93139361      5.30000000    -10.00000000
      7.39130435     -0.00000000     -0.00000000      0.00000000      0.00000000      0.03971823     -1.42194945      0.00058403     14.57568236      0.04216586      0.00000000      0.99983995      0.38642735      0.52227129      0.52227129      0.46361197      0.93579736      5.30000000    -10.00000000
      7.55852843     -0.00000000     -0.00000000      0.00000000      0.00000000      0.03913114     -1.45228763      0.00055971     15.63038834      0.04101635      0.00000000      0.99983995      0.38502528      0.52247037      0.52247037      0.46322864      0.93986911      5.30000000    -10.00000000
      7.72575251     -0.00000000     -0.00000000      0.00000000      0.00000000      0.03853896     -1.48267042      0.00053640     16.74184188      0.03991237      0.00000000      0.99983995      0.38364448      0.52265916      0.52265916      0.46283453      0.94363607      5.30000000    -10.00000000
      7.89297659     -0.00000000     -0.00000000      0.00000000      0.00000000      0.03794236     -1.51309590      0.00051407     17.91184827      0.03885206      0.00000000      0.99983995      0.38229337      0.52283597      0.52283597      0.46245281      0.94712310      5.30000000    -10.00000000
      8.06020067     -0.00000000     -0.00000000      0.00000000      0.00000000      0.03734201     -1.54356227      0.00049267     19.14219521      0.03783364      0.00000000      0.99983995      0.38097396      0.52300365      0.52300365      0.46208279      0.95035298      5.30000000    -10.00000000
      8.22742475     -0.00000000     -0.00000000      0.00000000      0.00000000      0.03673859     -1.57406779      0.00047218     20.43463915      0.03685542      0.00000000      0.99983995      0.37968356      0.52316050      0.52316050      0.46172345      0.95334654      5.30000000    -10.00000000
      8.39464883     -0.00000000     -0.00000000      0.00000000      0.00000000      0.03613274     -1.60461084      0.00045255     21.79091629      0.03591579      0.00000000      0.99983995      0.37843108      0.52330715      0.52330715      0.46137098      0.95612287      5.30000000    -10.00000000
      8.56187291     -0.00000000     -0.00000000      0.00000000      0.00000000      0.03552507     -1.63518975      0.00043376     23.21265657      0.03501329      0.00000000      0.99983995      0.37720478      0.52344413      0.52344413      0.46104175      0.95869929      5.30000000    -10.00000000
      8.72909699     -0.00000000     -0.00000000      0.00000000      0.00000000      0.03491622     -1.66580312      0.00041577     24.70153660      0.03414640      0.00000000      0.99983995      0.37601424      0.52357133      0.52357133      0.46071812      0.96109182      5.30000000    -10.00000000
      8.89632107     -0.00000000     -0.00000000      0.00000000      0.00000000      0.03430677     -1.69644947      0.00039855     26.25908224      0.03331377      0.00000000      0.99983995      0.37484935      0.52368425      0.52368425      0.46040639      0.96331498      5.30000000    -10.00000000
      9.06354515     -0.00000000     -0.00000000      0.00000000      0.00000000      0.03369731     -1.72712746      0.00038208     27.88680414      0.03251409      0.00000000      0.99983995      0.37371960      0.52378927      0.52378927      0.46010670      0.96538212      5.30000000    -10.00000000
      9.23076923     -0.00000000     -0.00000000      0.00000000      0.00000000      0.03308839     -1.75783577      0.00036631     29.58610551      0.03174609      0.00000000      0.99983995      0.37262337      0.52388454      0.52388454      0.45971938      0.96730542      5.30000000    -10.00000000
      9.39799331     -0.00000000     -0.00000000      0.00000000      0.00000000      0.03248055     -1.78857318      0.00035123     31.35830475      0.03100861      0.00000000      0.99983995      0.37155813      0.52397020      0.52397020      0.45954206      0.96909603      5.30000000    -10.00000000
      9.56521739     -0.00000000     -0.00000000      0.00000000      0.00000000      0.03187430     -1.81933850      0.00033680     33.20462111      0.03030051      0.00000000      0.99983995      0.37051154      0.52404629      0.52404629      0.45927727      0.97076418      5.30000000    -10.00000000
      9.73244147     -0.00000000     -0.00000000      0.00000000      0.00000000      0.03127016     -1.85013060      0.00032301     35.12616202      0.02962072      0.00000000      0.99983995      0.36952576      0.52411306      0.52411306      0.45902403      0.97231923      5.30000000    -10.00000000
      9.89966555     -0.00000000     -0.00000000      0.00000000      0.00000000      0.03066859     -1.88094843      0.00030981     37.12392023      0.02896820      0.00000000      0.99983995      0.36855825      0.52417070      0.52417070      0.45878219      0.97376975      5.30000000    -10.00000000
     10.06688963     -0.00000000     -0.00000000      0.00000000      0.00000000      0.03007005     -1.91179653      0.00029713     39.20793710      0.02833550      0.00000000      0.99983995      0.36762404      0.52421936      0.52421936      0.45855178      0.97512929      5.30000000    -10.00000000
     10.23411371     -0.00000000     -0.00000000      0.00000000      0.00000000      0.02947498     -1.94265722      0.00028514     41.35135571      0.02774113      0.00000000      0.99983995      0.36672576      0.52425926      0.52425926      0.45833269      0.97638800      5.30000000    -10.00000000
     10.40133779     -0.00000000     -0.00000000      0.00000000      0.00000000      0.02888380     -1.97354628      0.00027362     43.58229505      0.02716477      0.00000000      0.99983995      0.36584974      0.52429057      0.52429057      0.45811849      0.97756957      5.30000000    -10.00000000
     10.56856187     -0.00000000     -0.00000000      0.00000000      0.00000000      0.02829688     -2.00445728      0.00026260     45.89200518      0.02661203      0.00000000      0.99983995      0.36496780      0.52431353      0.52431353      0.45792784      0.97867440      5.30000000    -10.00000000
     10.73578595     -0.00000000     -0.00000000      0.00000000      0.00000000      0.02771461     -2.03539281      0.00025204     48.28874154      0.02607787      0.00000000      0.99983995      0.36419711      0.52432856      0.52432856      0.45774184      0.97971139      5.30000000    -10.00000000
     10.90301003     -0.00000000     -0.00000000      0.00000000      0.00000000      0.02713734     -2.06634180      0.00024202     50.74849318      0.02557424      0.00000000      0.99983995      0.36342610      0.52433525      0.52433525      0.45756604      0.98067577      5.30000000    -10.00000000
     11.07023411     -0.00000000     -0.00000000      0.00000000      0.00000000      0.02656539     -2.09731379      0.00023241     53.29523129      0.02508765      0.00000000      0.99983995      0.36268163      0.52433444      0.52433444      0.45740187      0.98158218      5.30000000    -10.00000000
     11.23745819     -0.00000000     -0.00000000      0.00000000      0.00000000      0.02599908     -2.12830464      0.00022323     55.92063651      0.02462164      0.00000000      0.99983995      0.36196672      0.52432616      0.52432616      0.45724807      0.98243168      5.30000000    -10.00000000
     11.40468227     -0.00000000     -0.00000000      0.00000000      0.00000000      0.02543868     -2.15931368      0.00021446     58.62423124      0.02417552      0.00000000      0.99983995      0.36128216      0.52431076      0.52431076      0.45710362      0.98322830      5.30000000    -10.00000000
     11.57190635     -0.00000000     -0.00000000      0.00000000      0.00000000      0.02488440     -2.19032036      0.00020636     61.32304354      0.02378007      0.00000000      0.99983995      0.36071229      0.52428792      0.52428792      0.45696972      0.98395457      5.30000000    -10.00000000
     11.73913043     -0.00000000     -0.00000000      0.00000000      0.00000000      0.02433671     -2.22138383      0.00019809     64.26314164      0.02334032      0.00000000      0.99983995      0.36000771      0.52425870      0.52425870      0.45686742      0.98467742      5.30000000    -10.00000000
     11.90635452     -0.00000000     -0.00000000      0.00000000      0.00000000      0.02379561     -2.25244379      0.00019044     67.19657762      0.02294998      0.00000000      0.99983995      0.35941188      0.52422281      0.52422281      0.45673163      0.98533651      5.30000000    -10.00000000
     12.07357860     -0.00000000     -0.00000000      0.00000000      0.00000000      0.02326138     -2.28351961      0.00018314     70.20441933      0.02257702      0.00000000      0.99983995      0.35884657      0.52418055      0.52418055      0.45663088      0.98595593      5.30000000    -10.00000000
     12.24080268     -0.00000000     -0.00000000      0.00000000      0.00000000      0.02273423     -2.31461081      0.00017617     73.28528515      0.02222085      0.00000000      0.99983995      0.35831054      0.52413223      0.52413223      0.45653131      0.98653838      5.30000000    -10.00000000
     12.40802676     -0.00000000     -0.00000000      0.00000000      0.00000000      0.02221431     -2.34571690      0.00016951     76.43761319      0.02188092      0.00000000      0.99983995      0.35780244      0.52407794      0.52407794      0.45644579      0.98708638      5.30000000    -10.00000000
     12.57525084     -0.00000000     -0.00000000      0.00000000      0.00000000      0.02170179     -2.37683746      0.00016314     79.65968374      0.02155668      0.00000000      0.99983995      0.35732253      0.52401814      0.52401814      0.45636870      0.98760223      5.30000000    -10.00000000
     12.74247492     -0.00000000     -0.00000000      0.00000000      0.00000000      0.02119681     -2.40797205      0.00015706     82.94961791      0.02124761      0.00000000      0.99983995      0.35689771      0.52395290      0.52395290      0.45630051      0.98808809      5.30000000    -10.00000000
     12.90969900     -0.00000000     -0.00000000      0.00000000      0.00000000      0.02069950     -2.43912030      0.00015125     86.30544096      0.02095317      0.00000000      0.99983995      0.35646929      0.52388244      0.52388244      0.45624070      0.98854596      5.30000000    -10.00000000
     13.07692308     -0.00000000     -0.00000000      0.00000000      0.00000000      0.02020995     -2.47028183      0.00014570     89.72497618      0.02067289      0.00000000      0.99983995      0.35604692      0.52380704      0.52380704      0.45617191      0.98897768      5.30000000    -10.00000000
     13.24414716     -0.00000000     -0.00000000      0.00000000      0.00000000      0.01972826     -2.50145630      0.00014039     93.20600506      0.02040626      0.00000000      0.99983995      0.35567321      0.52372692      0.52372692      0.45614635      0.98938497      5.30000000    -10.00000000
     13.41137124     -0.00000000     -0.00000000      0.00000000      0.00000000      0.01925452     -2.53264339      0.00013532     96.74617662      0.02015282      0.00000000      0.99983995      0.35532623      0.52364221      0.52364221      0.45611121      0.98976942      5.30000000    -10.00000000
     13.57859532     -0.00000000     -0.00000000      0.00000000      0.00000000      0.01878878     -2.56384277      0.00013047    100.34306039      0.01991209      0.00000000      0.99983995      0.35500444      0.52355271      0.52355271      0.45608384      0.99013253      5.30000000    -10.00000000
     13.74581940     -0.00000000     -0.00000000      0.00000000      0.00000000      0.01833110     -2.59505417      0.00012583    103.99415249      0.01968364      0.00000000      0.99983995      0.35470728      0.52346015      0.52346015      0.45606409      0.99047566      5.30000000    -10.00000000
     13.91304348     -0.00000000     -0.00000000      0.00000000      0.00000000      0.01788152     -2.62627729      0.00012139    107.69688982      0.01946702      0.00000000      0.99983995      0.35442522      0.52336342      0.52336342      0.45605015      0.99080010      5.30000000    -10.00000000
     14.08026756     -0.00000000     -0.00000000      0.00000000      0.00000000      0.01744006     -2.65751188      0.00011715    111.44866831      0.01926181      0.00000000      0.99983995      0.35418573      0.52326250      0.52326250      0.45604647      0.99110705      5.30000000    -10.00000000
     14.24749164     -0.00000000     -0.00000000      0.00000000      0.00000000      0.01700674     -2.68875761      0.00011308    115.24619375      0.01906770      0.00000000      0.99983995      0.35396009      0.52315837      0.52315837      0.45604851      0.99139757      5.30000000    -10.00000000
     14.41471572     -0.00000000     -0.00000000      0.00000000      0.00000000      0.01658157     -2.72001442      0.00010920    119.08873516      0.01888397      0.00000000      0.99983995      0.35375809      0.52305086      0.52305086      0.45605688      0.99167282      5.30000000    -10.00000000
     14.58193980     -0.00000000     -0.00000000      0.00000000      0.00000000      0.01616453     -2.75128190      0.00010547    122.97166572      0.01871055      0.00000000      0.99983995      0.35357580      0.52294033      0.52294033      0.45607190      0.99193364      5.30000000    -10.00000000
     14.74916388     -0.00000000     -0.00000000      0.00000000      0.00000000      0.01575562     -2.78255986      0.00010190    126.89294678      0.01854697      0.00000000      0.99983995      0.35338548      0.52282686      0.52282686      0.45608331      0.99218096      5.30000000    -10.00000000
     14.91638796     -0.00000000     -0.00000000      0.00000000      0.00000000      0.01535480     -2.81384809      0.00009849    130.84988966      0.01839287      0.00000000      0.99983995      0.35327921      0.52271066      0.52271066      0.45612096      0.99241562      5.30000000    -10.00000000
     15.08361204     -0.00000000     -0.00000000      0.00000000      0.00000000      0.01496205     -2.84514636      0.00009521    134.83981443      0.01824789      0.00000000      0.99983995      0.35316412      0.52259189      0.52259189      0.45615448      0.99263839      5.30000000    -10.00000000
     15.25083612     -0.00000000     -0.00000000      0.00000000      0.00000000      0.01457733     -2.87645446      0.00009207    138.86004982      0.01811170      0.00000000      0.99983995      0.35306719      0.52247075      0.52247075      0.45619353      0.99285000      5.30000000    -10.00000000
     15.41806020     -0.00000000     -0.00000000      0.00000000      0.00000000      0.01420058     -2.90777217      0.00008906    142.90794925      0.01798398      0.00000000      0.99983995      0.35299082      0.52234741      0.52234741      0.45632853      0.99305111      5.30000000    -10.00000000
     15.58528428     -0.00000000     -0.00000000      0.00000000      0.00000000      0.01383175     -2.93909928      0.00008617    146.98088767      0.01786443      0.00000000      0.99983995      0.35308401      0.52222205      0.52222205      0.45628902      0.99324237      5.30000000    -10.00000000
     15.75250836     -0.00000000     -0.00000000      0.00000000      0.00000000      0.01347078     -2.97043559      0.00008340    151.07626058      0.01775275      0.00000000      0.99983995      0.35289724      0.52209481      0.52209481      0.45634458      0.99342435      5.30000000    -10.00000000
     15.91973244     -0.00000000     -0.00000000      0.00000000      0.00000000      0.01311760     -3.00178089      0.00008073    155.19150870      0.01764865      0.00000000      0.99983995      0.35287791      0.52196592      0.52196592      0.45640510      0.99359760      5.30000000    -10.00000000
     16.08695652     -0.00000000     -0.00000000      0.00000000      0.00000000      0.01277213     -3.03313611      0.00007817    159.33370433      0.01755083      0.00000000      0.99983995      0.35287412      0.52183578      0.52183578      0.45647054      0.99376301      5.30000000    -10.00000000
     16.25418060     -0.00000000     -0.00000000      0.00000000      0.00000000      0.01243431     -3.06449766      0.00007572    163.47203869      0.01746211      0.00000000      0.99983995      0.35289168      0.52170443      0.52170443      0.45654063      0.99391994      5.30000000    -10.00000000
     16.42140468     -0.00000000     -0.00000000      0.00000000      0.00000000      0.01210403     -3.09586966      0.00007335    167.64021436      0.01737835      0.00000000      0.99983995      0.35292628      0.52157170      0.52157170      0.45661538      0.99407022      5.30000000    -10.00000000
     16.58862876     -0.00000000     -0.00000000      0.00000000      0.00000000      0.01178123     -3.12724882      0.00007108    171.80949748      0.01730212      0.00000000      0.99983995      0.35297047      0.52143574      0.52143574      0.45669401      0.99421328      5.30000000    -10.00000000
     16.75585284     -0.00000000     -0.00000000      0.00000000      0.00000000      0.01146579     -3.15863510      0.00006890    175.97807582      0.01723304      0.00000000      0.99983995      0.35303505      0.52129950      0.52129950      0.45677814      0.99434958      5.30000000    -10.00000000
     16.92307692     -0.00000000     -0.00000000      0.00000000      0.00000000      0.01115763     -3.19003008      0.00006680    180.16006228      0.01716930      0.00000000      0.99983995      0.35311573      0.52116196      0.52116196      0.45686462      0.99448002      5.30000000    -10.00000000
     17.09030100     -0.00000000     -0.00000000      0.00000000      0.00000000      0.01085665     -3.22143098      0.00006477    184.38240130      0.01710802      0.00000000      0.99983995      0.35321131      0.52102352      0.52102352      0.45695604      0.99460574      5.30000000    -10.00000000
     17.25752508     -0.00000000     -0.00000000      0.00000000      0.00000000      0.01056274     -3.25284330      0.00006284    188.53758887      0.01705885      0.00000000      0.99983995      0.35331794      0.52088441      0.52088441      0.45704991      0.99472400      5.30000000    -10.00000000
     17.42474916     -0.00000000     -0.00000000      0.00000000      0.00000000      0.01027580     -3.28425976      0.00006097    192.71320615      0.01701316      0.00000000      0.99983995      0.35358758      0.52074466      0.52074466      0.45714990      0.99483773      5.30000000    -10.00000000
     17.59197324     -0.00000000     -0.00000000      0.00000000      0.00000000      0.00999573     -3.31568457      0.00005916    196.89999210      0.01697158      0.00000000      0.99983995      0.35357881      0.52060443      0.52060443      0.45725083      0.99494694      5.30000000    -10.00000000
     17.75919732     -0.00000000     -0.00000000      0.00000000      0.00000000      0.00972241     -3.34711372      0.00005743    201.02872762      0.01693965      0.00000000      0.99983995      0.35372924      0.52046380      0.52046380      0.45735534      0.99505021      5.30000000    -10.00000000
     17.92642140     -0.00000000     -0.00000000      0.00000000      0.00000000      0.00945573     -3.37855259      0.00005575    205.23007688      0.01690604      0.00000000      0.99983995      0.35394449      0.52032286      0.52032286      0.45746339      0.99515105      5.30000000    -10.00000000
     18.09364548     -0.00000000     -0.00000000      0.00000000      0.00000000      0.00919559     -3.40999719      0.00005413    209.39051826      0.01688000      0.00000000      0.99983995      0.35406819      0.52018169      0.52018169      0.45797711      0.99524693      5.30000000    -10.00000000
     18.26086957     -0.00000000     -0.00000000      0.00000000      0.00000000      0.00894187     -3.44144608      0.00005258    213.49307189      0.01686241      0.00000000      0.99983995      0.35425629      0.52004041      0.52004041      0.45771426      0.99533784      5.30000000    -10.00000000
     18.42809365     -0.00000000     -0.00000000      0.00000000      0.00000000      0.00869445     -3.47290397      0.00005107    217.65791767      0.01684351      0.00000000      0.99983995      0.35448740      0.51989908      0.51989908      0.45780479      0.99542665      5.30000000    -10.00000000
     18.59531773     -0.00000000     -0.00000000      0.00000000      0.00000000      0.00845322     -3.50436508      0.00004963    221.73210107      0.01683494      0.00000000      0.99983995      0.35466676      0.51975779      0.51975779      0.45792387      0.99551030      5.30000000    -10.00000000
     18.76254181     -0.00000000     -0.00000000      0.00000000      0.00000000      0.00821807     -3.53583446      0.00004822    225.85824406      0.01682556      0.00000000      0.99983995      0.35488875      0.51961663      0.51961663      0.45804899      0.99559196      5.30000000    -10.00000000
     18.92976589     -0.00000000     -0.00000000      0.00000000      0.00000000      0.00798887     -3.56730816      0.00004687    229.92839389      0.01682326      0.00000000      0.99983995      0.35512036      0.51947566      0.51947566      0.45816936      0.99566965      5.30000000    -10.00000000
     19.09698997     -0.00000000     -0.00000000      0.00000000      0.00000000      0.00776552     -3.59878628      0.00004557    233.94523601      0.01682749      0.00000000      0.99983995      0.35536376      0.51933497      0.51933497      0.45829582      0.99574369      5.30000000    -10.00000000
     19.26421405     -0.00000000     -0.00000000      0.00000000      0.00000000      0.00754790     -3.63027166      0.00004430    237.99926932      0.01683155      0.00000000      0.99983995      0.35561757      0.51919462      0.51919462      0.45842365      0.99581589      5.30000000    -10.00000000
     19.43143813     -0.00000000     -0.00000000      0.00000000      0.00000000      0.00733589     -3.66176026      0.00004309    241.96834676      0.01684390      0.00000000      0.99983995      0.35609586      0.51905471      0.51905471      0.45855384      0.99588424      5.30000000    -10.00000000
     19.59866221     -0.00000000     -0.00000000      0.00000000      0.00000000      0.00712938     -3.69325473      0.00004191    245.97886162      0.01685552      0.00000000      0.99983995      0.35614965      0.51891530      0.51891530      0.45868588      0.99595107      5.30000000    -10.00000000
     19.76588629     -0.00000000     -0.00000000      0.00000000      0.00000000      0.00692825     -3.72475448      0.00004077    249.90053001      0.01687523      0.00000000      0.99983995      0.35642954      0.51877652      0.51877652      0.45881990      0.99601436      5.30000000    -10.00000000
     19.93311037     -0.00000000     -0.00000000      0.00000000      0.00000000      0.00673240     -3.75625786      0.00003967    253.78865257      0.01689896      0.00000000      0.99983995      0.35671826      0.51863853      0.51863853      0.45889676      0.99607518      5.30000000    -10.00000000
     20.10033445     -0.00000000     -0.00000000      0.00000000      0.00000000      0.00654169     -3.78776622      0.00003861    257.66487199      0.01692515      0.00000000      0.99983995      0.35701685      0.51850285      0.51850285      0.45909246      0.99613399      5.30000000    -10.00000000
     20.26755853     -0.00000000     -0.00000000      0.00000000      0.00000000      0.00635604     -3.81927892      0.00003758    261.50647592      0.01695516      0.00000000      0.99983995      0.35732028      0.51836486      0.51836486      0.45923073      0.99619057      5.30000000    -10.00000000
     20.43478261     -0.00000000     -0.00000000      0.00000000      0.00000000      0.00617531     -3.85079582      0.00003658    265.34266849      0.01698695      0.00000000      0.99983995      0.35763016      0.51822761      0.51822761      0.45937059      0.99624544      5.30000000    -10.00000000
     20.60200669     -0.00000000     -0.00000000      0.00000000      0.00000000      0.00599941     -3.88231678      0.00003562    269.07956135      0.01702640      0.00000000      0.99983995      0.35794906      0.51809119      0.51809119      0.45951168      0.99629739      5.30000000    -10.00000000
     20.76923077     -0.00000000     -0.00000000      0.00000000      0.00000000      0.00582823     -3.91384166      0.00003469    272.80799630      0.01706754      0.00000000      0.99983995      0.35827463      0.51795570      0.51795570      0.45965412      0.99634781      5.30000000    -10.00000000
     20.93645485     -0.00000000     -0.00000000      0.00000000      0.00000000      0.00566165     -3.94537033      0.00003379    276.49594777      0.01711230      0.00000000      0.99983995      0.35860760      0.51782152      0.51782152      0.45979759      0.99639634      5.30000000    -10.00000000
     21.10367893     -0.00000000     -0.00000000      0.00000000      0.00000000      0.00549957     -3.97690267      0.00003291    280.16651749      0.01715913      0.00000000      0.99983995      0.35894599      0.51768832      0.51768832      0.45993904      0.99644339      5.30000000    -10.00000000
     21.27090301     -0.00000000     -0.00000000      0.00000000      0.00000000      0.00534188     -4.00843854      0.00003206    283.74453564      0.01721252      0.00000000      0.99983995      0.35928868      0.51755418      0.51755418      0.46008613      0.99648808      5.30000000    -10.00000000
     21.43812709     -0.00000000     -0.00000000      0.00000000      0.00000000      0.00518849     -4.03997782      0.00003124    287.30255798      0.01726792      0.00000000      0.99983995      0.35963755      0.51742093      0.51742093      0.46023399      0.99653142      5.30000000    -10.00000000
     21.60535117     -0.00000000     -0.00000000      0.00000000      0.00000000      0.00503929     -4.07152039      0.00003045    290.83529677      0.01732557      0.00000000      0.99983995      0.35999185      0.51728862      0.51728862      0.46038552      0.99657341      5.30000000    -10.00000000
     21.77257525     -0.00000000     -0.00000000      0.00000000      0.00000000      0.00489417     -4.10306613      0.00002968    294.29913363      0.01738800      0.00000000      0.99983995      0.36035149      0.51715725      0.51715725      0.46044942      0.99661360      5.30000000    -10.00000000
     21.93979933     -0.00000000     -0.00000000      0.00000000      0.00000000      0.00475305     -4.13461493      0.00002893    297.71473010      0.01745385      0.00000000      0.99983995      0.36071853      0.51702686      0.51702686      0.46067826      0.99665232      5.30000000    -10.00000000
     22.10702341     -0.00000000     -0.00000000      0.00000000      0.00000000      0.00461581     -4.16616668      0.00002821    301.08085998      0.01752313      0.00000000      0.99983995      0.36108292      0.51689746      0.51689746      0.46082670      0.99668963      5.30000000    -10.00000000
     22.27424749     -0.00000000     -0.00000000      0.00000000      0.00000000      0.00448238     -4.19772125      0.00002751    304.38024448      0.01759674      0.00000000      0.99983995      0.36145900      0.51676907      0.51676907      0.46097623      0.99672539      5.30000000    -10.00000000
     22.44147157     -0.00000000     -0.00000000      0.00000000      0.00000000      0.00435264     -4.22927854      0.00002683    307.64541796      0.01767273      0.00000000      0.99983995      0.36183729      0.51664171      0.51664171      0.46112674      0.99676004      5.30000000    -10.00000000
     22.60869565     -0.00000000     -0.00000000      0.00000000      0.00000000      0.00422652     -4.26083846      0.00002616    310.85790616      0.01775210      0.00000000      0.99983995      0.36221895      0.51651538      0.51651538      0.46127642      0.99679341      5.30000000    -10.00000000
     22.77591973     -0.00000000     -0.00000000      0.00000000      0.00000000      0.00410391     -4.29240088      0.00002552    314.01673554      0.01783484      0.00000000      0.99983995      0.36260556      0.51639012      0.51639012      0.46143371      0.99682557      5.30000000    -10.00000000
     22.94314381     -0.00000000     -0.00000000      0.00000000      0.00000000      0.00398474     -4.32396571      0.00002490    317.13371807      0.01792023      0.00000000      0.99983995      0.36299682      0.51626592      0.51626592      0.46157891      0.99685667      5.30000000    -10.00000000
     23.11036789     -0.00000000     -0.00000000      0.00000000      0.00000000      0.00386890     -4.35553286      0.00002430    320.18166653      0.01800975      0.00000000      0.99983995      0.36338804      0.51614280      0.51614280      0.46173067      0.99688650      5.30000000    -10.00000000
     23.27759197     -0.00000000     -0.00000000      0.00000000      0.00000000      0.00375632     -4.38710221      0.00002371    323.17323510      0.01810263      0.00000000      0.99983995      0.36378443      0.51602077      0.51602077      0.46188233      0.99691523      5.30000000    -10.00000000
     23.44481605     -0.00000000     -0.00000000      0.00000000      0.00000000      0.00364692     -4.41867368      0.00002314    326.10757576      0.01819887      0.00000000      0.99983995      0.36418341      0.51589983      0.51589983      0.46203400      0.99694290      5.30000000    -10.00000000
     23.61204013     -0.00000000     -0.00000000      0.00000000      0.00000000      0.00354060     -4.45024718      0.00002259    328.98384581      0.01829849      0.00000000      0.99983995      0.36458674      0.51578000      0.51578000      0.46218612      0.99696955      5.30000000    -10.00000000
     23.77926421     -0.00000000     -0.00000000      0.00000000      0.00000000      0.00343730     -4.48182260      0.00002206    331.80127629      0.01840148      0.00000000      0.99983995      0.36499124      0.51566128      0.51566128      0.46235165      0.99699520      5.30000000    -10.00000000
     23.94648829     -0.00000000     -0.00000000      0.00000000      0.00000000      0.00333692     -4.51339986      0.00002154    334.55909226      0.01850786      0.00000000      0.99983995      0.36539798      0.51554366      0.51554366      0.46249012      0.99701990      5.30000000    -10.00000000
     24.11371237     -0.00000000     -0.00000000      0.00000000      0.00000000      0.00323940     -4.54497886      0.00002103    337.25657311      0.01861765      0.00000000      0.99983995      0.36580860      0.51542717      0.51542717      0.46264207      0.99704366      5.30000000    -10.00000000
     24.28093645     -0.00000000     -0.00000000      0.00000000      0.00000000      0.00314465     -4.57655954      0.00002054    339.89300391      0.01873085      0.00000000      0.99983995      0.36608718      0.51531182      0.51531182      0.46279406      0.99706653      5.30000000    -10.00000000
     24.44816054     -0.00000000     -0.00000000      0.00000000      0.00000000      0.00305261     -4.60814178      0.00002006    342.46774858      0.01884749      0.00000000      0.99983995      0.36663442      0.51519755      0.51519755      0.46294905      0.99708852      5.30000000    -10.00000000
     24.61538462     -0.00000000     -0.00000000      0.00000000      0.00000000      0.00296320     -4.63972552      0.00001960    344.98014364      0.01896758      0.00000000      0.99983995      0.36705044      0.51508443      0.51508443      0.46309747      0.99710966      5.30000000    -10.00000000
     24.78260870     -0.00000000     -0.00000000      0.00000000      0.00000000      0.00287634     -4.67131067      0.00001915    347.42959374      0.01909116      0.00000000      0.99983995      0.36746774      0.51497243      0.51497243      0.46325110      0.99712998      5.30000000    -10.00000000
     24.94983278     -0.00000000     -0.00000000      0.00000000      0.00000000      0.00279198     -4.70289715      0.00001871    349.81552590      0.01921823      0.00000000      0.99983995      0.36785147      0.51486155      0.51486155      0.46340178      0.99714950      5.30000000    -10.00000000
     25.11705686     -0.00000000     -0.00000000      0.00000000      0.00000000      0.00271005     -4.73448488      0.00001829    352.13740220      0.01934883      0.00000000      0.99983995      0.36831328      0.51475180      0.51475180      0.46355219      0.99716824      5.30000000    -10.00000000
     25.28428094     -0.00000000     -0.00000000      0.00000000      0.00000000      0.00263047     -4.76607377      0.00001787    354.39470333      0.01948300      0.00000000      0.99983995      0.36872970      0.51464315      0.51464315      0.46370236      0.99718623      5.30000000    -10.00000000
     25.45150502     -0.00000000     -0.00000000      0.00000000      0.00000000      0.00255318     -4.79766376      0.00001747    356.58691904      0.01962076      0.00000000      0.99983995      0.36915272      0.51453565      0.51453565      0.46385218      0.99720348      5.30000000    -10.00000000
     25.61872910     -0.00000000     -0.00000000      0.00000000      0.00000000      0.00247812     -4.82925477      0.00001708    358.71359878      0.01976214      0.00000000      0.99983995      0.36957695      0.51442925      0.51442925      0.46400177      0.99722001      5.30000000    -10.00000000
     25.78595318     -0.00000000     -0.00000000      0.00000000      0.00000000      0.00240524     -4.86084671      0.00001670    360.77434894      0.01990718      0.00000000      0.99983995      0.37000127      0.51432396      0.51432396      0.46415273      0.99723585      5.30000000    -10.00000000
     25.95317726     -0.00000000     -0.00000000      0.00000000      0.00000000      0.00233446     -4.89243952      0.00001633    362.76876650      0.02005592      0.00000000      0.99983995      0.37042770      0.51421973      0.51421973      0.46457513      0.99725100      5.30000000    -10.00000000
     26.12040134     -0.00000000     -0.00000000      0.00000000      0.00000000      0.00226573     -4.92403313      0.00001597    364.69637885      0.02020840      0.00000000      0.99983995      0.37085352      0.51411670      0.51411670      0.46448839      0.99726549      5.30000000    -10.00000000
     26.28762542     -0.00000000     -0.00000000      0.00000000      0.00000000      0.00219900     -4.95562746      0.00001562    366.55694192      0.02036467      0.00000000      0.99983995      0.37128043      0.51401471      0.51401471      0.46440346      0.99727933      5.30000000    -10.00000000
     26.45484950     -0.00000000     -0.00000000      0.00000000      0.00000000      0.00213421     -4.98722243      0.00001528    368.35010399      0.02052476      0.00000000      0.99983995      0.37170889      0.51391383      0.51391383      0.46474806      0.99729254      5.30000000    -10.00000000
     26.62207358     -0.00000000     -0.00000000      0.00000000      0.00000000      0.00207130     -5.01881799      0.00001494    370.07558724      0.02068874      0.00000000      0.99983995      0.37213755      0.51381402      0.51381402      0.46489578      0.99730513      5.30000000    -10.00000000
     26.78929766     -0.00000000     -0.00000000      0.00000000      0.00000000      0.00201022     -5.05041406      0.00001462    371.73311811      0.02085663      0.00000000      0.99983995      0.37256535      0.51371530      0.51371530      0.46504755      0.99731712      5.30000000    -10.00000000
     26.95652174     -0.00000000     -0.00000000      0.00000000      0.00000000      0.00195092     -5.08201057      0.00001431    373.32247282      0.02102851      0.00000000      0.99983995      0.37299333      0.51361764      0.51361764      0.46519172      0.99732851      5.30000000    -10.00000000
     27.12374582     -0.00000000     -0.00000000      0.00000000      0.00000000      0.00189335     -5.11360746      0.00001400    374.84341991      0.02120442      0.00000000      0.99983995      0.37360145      0.51352105      0.51352105      0.46533756      0.99733932      5.30000000    -10.00000000
     27.29096990     -0.00000000     -0.00000000      0.00000000      0.00000000      0.00183746     -5.14520465      0.00001370    376.29580026      0.02138442      0.00000000      0.99983995      0.37384957      0.51342553      0.51342553      0.46548502      0.99734956      5.30000000    -10.00000000
     27.45819398     -0.00000000     -0.00000000      0.00000000      0.00000000      0.00178321     -5.17680208      0.00001341    377.67945710      0.02156857      0.00000000      0.99983995      0.37427861      0.51333105      0.51333105      0.46563407      0.99735924      5.30000000    -10.00000000
     27.62541806     -0.00000000     -0.00000000      0.00000000      0.00000000      0.00173054     -5.20839969      0.00001313    378.99427105      0.02175692      0.00000000      0.99983995      0.37470678      0.51323761      0.51323761      0.46577074      0.99736838      5.30000000    -10.00000000
     27.79264214     -0.00000000     -0.00000000      0.00000000      0.00000000      0.00167942     -5.23999741      0.00001285    380.24013073      0.02194955      0.00000000      0.99983995      0.37513484      0.51314514      0.51314514      0.46591587      0.99737698      5.30000000    -10.00000000
     27.95986622     -0.00000000     -0.00000000      0.00000000      0.00000000      0.00162979     -5.27159517      0.00001259    381.41697590      0.02214653      0.00000000      0.99983995      0.37558910      0.51305383      0.51305383      0.46605897      0.99738505      5.30000000    -10.00000000
     28.12709030     -0.00000000     -0.00000000      0.00000000      0.00000000      0.00158162     -5.30319291      0.00001233    382.52476645      0.02234790      0.00000000      0.99983995      0.37598944      0.51296347      0.51296347      0.46620140      0.99739261      5.30000000    -10.00000000
     28.29431438     -0.00000000     -0.00000000      0.00000000      0.00000000      0.00153487     -5.33479057      0.00001207    383.56343575      0.02255377      0.00000000      0.99983995      0.37641661      0.51287411      0.51287411      0.46634355      0.99739965      5.30000000    -10.00000000
     28.46153846     -0.00000000     -0.00000000      0.00000000      0.00000000      0.00148948     -5.36638808      0.00001182    384.53309061      0.02276418      0.00000000      0.99983995      0.37684240      0.51278576      0.51278576      0.46648496      0.99740619      5.30000000    -10.00000000
     28.62876254     -0.00000000     -0.00000000      0.00000000      0.00000000      0.00144544     -5.39798538      0.00001158    385.43367465      0.02297922      0.00000000      0.99983995      0.37726794      0.51269839      0.51269839      0.46662590      0.99741223      5.30000000    -10.00000000
     28.79598662     -0.00000000     -0.00000000      0.00000000      0.00000000      0.00140268     -5.42958241      0.00001135    386.26531916      0.02319897      0.00000000      0.99983995      0.37770778      0.51261200      0.51261200      0.46676728      0.99741779      5.30000000    -10.00000000
     28.96321070     -0.00000000     -0.00000000      0.00000000      0.00000000      0.00136119     -5.46117910      0.00001112    387.02808720      0.02342350      0.00000000      0.99983995      0.37811718      0.51252659      0.51252659      0.46690571      0.99742287      5.30000000    -10.00000000
     29.13043478     -0.00000000     -0.00000000      0.00000000      0.00000000      0.00132091     -5.49277539      0.00001090    387.72210867      0.02365291      0.00000000      0.99983995      0.37854059      0.51244213      0.51244213      0.46704460      0.99742747      5.30000000    -10.00000000
     29.29765886     -0.00000000     -0.00000000      0.00000000      0.00000000      0.00128183     -5.52437123      0.00001068    388.34752947      0.02388728      0.00000000      0.99983995      0.37896283      0.51235863      0.51235863      0.46718244      0.99743160      5.30000000    -10.00000000
     29.46488294     -0.00000000     -0.00000000      0.00000000      0.00000000      0.00124389     -5.55596654      0.00001047    388.90450995      0.02412669      0.00000000      0.99983995      0.37938567      0.51227607      0.51227607      0.46732035      0.99743527      5.30000000    -10.00000000
     29.63210702     -0.00000000     -0.00000000      0.00000000      0.00000000      0.00120708     -5.58756127      0.00001026    389.39325563      0.02437124      0.00000000      0.99983995      0.37980624      0.51219444      0.51219444      0.46745720      0.99743848      5.30000000    -10.00000000
     29.79933110     -0.00000000     -0.00000000      0.00000000      0.00000000      0.00117135     -5.61915536      0.00001006    389.81400194      0.02462103      0.00000000      0.99983995      0.38022549      0.51211373      0.51211373      0.46759407      0.99744124      5.30000000    -10.00000000
     29.96655518     -0.00000000     -0.00000000      0.00000000      0.00000000      0.00113668     -5.65074873      0.00000986    390.16699059      0.02487614      0.00000000      0.99983995      0.38064424      0.51203400      0.51203400      0.46772874      0.99744355      5.30000000    -10.00000000
     30.13377926     -0.00000000     -0.00000000      0.00000000      0.00000000      0.00110303     -5.68234134      0.00000967    390.45251344      0.02513668      0.00000000      0.99983995      0.38106195      0.51195504      0.51195504      0.46786357      0.99744541      5.30000000    -10.00000000
     30.30100334     -0.00000000     -0.00000000      0.00000000      0.00000000      0.00107038     -5.71393312      0.00000948    390.67085686      0.02540275      0.00000000      0.99983995      0.38147849      0.51187704      0.51187704      0.46799789      0.99744684      5.30000000    -10.00000000
     30.46822742     -0.00000000     -0.00000000      0.00000000      0.00000000      0.00103869     -5.74552401      0.00000930    390.82237087      0.02567446      0.00000000      0.99983995      0.38228486      0.51179992      0.51179992      0.46809927      0.99744782      5.30000000    -10.00000000
     30.63545151     -0.00000000     -0.00000000      0.00000000      0.00000000      0.00100794     -5.77711395      0.00000912    390.90741075      0.02595192      0.00000000      0.99983995      0.38209222      0.51172367      0.51172367      0.46826339      0.99744838      5.30000000    -10.00000000
     30.80267559     -0.00000000     -0.00000000      0.00000000      0.00000000      0.00097810     -5.80870287      0.00000895    390.92635714      0.02623523      0.00000000      0.99983995      0.38272085      0.51164829      0.51164829      0.46839532      0.99744850      5.30000000    -10.00000000
     30.96989967     -0.00000000     -0.00000000      0.00000000      0.00000000      0.00094914     -5.84029072      0.00000878    390.87962062      0.02652451      0.00000000      0.99983995      0.38313289      0.51157375      0.51157375      0.46852656      0.99744820      5.30000000    -10.00000000
     31.13712375     -0.00000000     -0.00000000      0.00000000      0.00000000      0.00092104     -5.87187742      0.00000861    390.76763730      0.02681988      0.00000000      0.99983995      0.38354345      0.51150006      0.51150006      0.46865688      0.99744747      5.30000000    -10.00000000
     31.30434783     -0.00000000     -0.00000000      0.00000000      0.00000000      0.00089377     -5.90346293      0.00000845    390.59086871      0.02712146      0.00000000      0.99983995      0.38395250      0.51142720      0.51142720      0.46878633      0.99744631      5.30000000    -10.00000000
     31.47157191     -0.00000000     -0.00000000      0.00000000      0.00000000      0.00086731     -5.93504717      0.00000830    390.34979735      0.02742937      0.00000000      0.99983995      0.38435993      0.51135517      0.51135517      0.46891551      0.99744474      5.30000000    -10.00000000
     31.63879599     -0.00000000     -0.00000000      0.00000000      0.00000000      0.00084164     -5.96663009      0.00000814    390.04494291      0.02774375      0.00000000      0.99983995      0.38476562      0.51128394      0.51128394      0.46904341      0.99744275      5.30000000    -10.00000000
     31.80602007     -0.00000000     -0.00000000      0.00000000      0.00000000      0.00081672     -5.99821161      0.00000799    389.67682907      0.02806471      0.00000000      0.99983995      0.38517128      0.51121352      0.51121352      0.46916969      0.99744034      5.30000000    -10.00000000
     31.97324415     -0.00000000     -0.00000000      0.00000000      0.00000000      0.00079255     -6.02979169      0.00000785    389.24601787      0.02839239      0.00000000      0.99983995      0.38557503      0.51114389      0.51114389      0.46929806      0.99743751      5.30000000    -10.00000000
     32.14046823     -0.00000000     -0.00000000      0.00000000      0.00000000      0.00076909     -6.06137024      0.00000770    388.75309141      0.02872693      0.00000000      0.99983995      0.38597526      0.51107505      0.51107505      0.46941761      0.99743427      5.30000000    -10.00000000
     32.30769231     -0.00000000     -0.00000000      0.00000000      0.00000000      0.00074633     -6.09294722      0.00000757    388.19865417      0.02906848      0.00000000      0.99983995      0.38637762      0.51100699      0.51100699      0.46954972      0.99743062      5.30000000    -10.00000000
     32.47491639     -0.00000000     -0.00000000      0.00000000      0.00000000      0.00072424     -6.12452253      0.00000743    387.58280716      0.02941721      0.00000000      0.99983995      0.38677669      0.51093968      0.51093968      0.46967381      0.99742655      5.30000000    -10.00000000
     32.64214047     -0.00000000     -0.00000000      0.00000000      0.00000000      0.00070281     -6.15609617      0.00000730    386.90779555      0.02977315      0.00000000      0.99983995      0.38717416      0.51087311      0.51087311      0.46979754      0.99742207      5.30000000    -10.00000000
     32.80936455     -0.00000000     -0.00000000      0.00000000      0.00000000      0.00068202     -6.18766801      0.00000717    386.17269216      0.03013658      0.00000000      0.99983995      0.38757007      0.51080728      0.51080728      0.46992241      0.99741717      5.30000000    -10.00000000
     32.97658863     -0.00000000     -0.00000000      0.00000000      0.00000000      0.00066184     -6.21923801      0.00000704    385.37873085      0.03050761      0.00000000      0.99983995      0.38796451      0.51074219      0.51074219      0.47004338      0.99741187      5.30000000    -10.00000000
     33.14381271     -0.00000000     -0.00000000      0.00000000      0.00000000      0.00064226     -6.25080610      0.00000692    384.52662585      0.03088639      0.00000000      0.99983995      0.38835739      0.51067783      0.51067783      0.47016502      0.99740615      5.30000000    -10.00000000
     33.31103679     -0.00000000     -0.00000000      0.00000000      0.00000000      0.00062326     -6.28237222      0.00000680    383.61709911      0.03127310      0.00000000      0.99983995      0.38874899      0.51061428      0.51061428      0.47028570      0.99740001      5.30000000    -10.00000000
     33.47826087     -0.00000000     -0.00000000      0.00000000      0.00000000      0.00060483     -6.31393629      0.00000668    382.65092404      0.03166789      0.00000000      0.99983995      0.38913816      0.51055124      0.51055124      0.47040515      0.99739346      5.30000000    -10.00000000
     33.64548495     -0.00000000     -0.00000000      0.00000000      0.00000000      0.00058694     -6.34549824      0.00000656    381.62887457      0.03207094      0.00000000      0.99983995      0.38952652      0.51048899      0.51048899      0.47052484      0.99738650      5.30000000    -10.00000000
     33.81270903     -0.00000000     -0.00000000      0.00000000      0.00000000      0.00056959     -6.37705801      0.00000645    380.55174467      0.03248243      0.00000000      0.99983995      0.38991234      0.51042736      0.51042736      0.47064398      0.99737912      5.30000000    -10.00000000
     33.97993311     -0.00000000     -0.00000000      0.00000000      0.00000000      0.00055275     -6.40861553      0.00000634    379.42034577      0.03290253      0.00000000      0.99983995      0.39029724      0.51036655      0.51036655      0.47077578      0.99737133      5.30000000    -10.00000000
     34.14715719     -0.00000000     -0.00000000      0.00000000      0.00000000      0.00053641     -6.44017071      0.00000624    378.23542489      0.03333144      0.00000000      0.99983995      0.39068117      0.51030635      0.51030635      0.47087857      0.99736312      5.30000000    -10.00000000
     34.31438127     -0.00000000     -0.00000000      0.00000000      0.00000000      0.00052056     -6.47172351      0.00000613    376.99808922      0.03376932      0.00000000      0.99983995      0.39106136      0.51024659      0.51024659      0.47099509      0.99735448      5.30000000    -10.00000000
     34.48160535     -0.00000000     -0.00000000      0.00000000      0.00000000      0.00050518     -6.50327384      0.00000603    375.70894526      0.03421638      0.00000000      0.99983995      0.39144089      0.51018791      0.51018791      0.47111853      0.99734543      5.30000000    -10.00000000
     34.64882943     -0.00000000     -0.00000000      0.00000000      0.00000000      0.00049025     -6.53482162      0.00000593    374.36896232      0.03467282      0.00000000      0.99983995      0.39183661      0.51012966      0.51012966      0.47122585      0.99733595      5.30000000    -10.00000000
     34.81605351     -0.00000000     -0.00000000      0.00000000      0.00000000      0.00047577     -6.56636679      0.00000583    372.97903418      0.03513884      0.00000000      0.99983995      0.39219504      0.51007204      0.51007204      0.47134012      0.99732605      5.30000000    -10.00000000
     34.98327759     -0.00000000     -0.00000000      0.00000000      0.00000000      0.00046172     -6.59790927      0.00000573    371.54026686      0.03561462      0.00000000      0.99983995      0.39256941      0.51001508      0.51001508      0.47146622      0.99731573      5.30000000    -10.00000000
     35.15050167     -0.00000000     -0.00000000      0.00000000      0.00000000      0.00044809     -6.62944897      0.00000564    370.05312012      0.03610042      0.00000000      0.99983995      0.39294480      0.50995869      0.50995869      0.47156676      0.99730497      5.30000000    -10.00000000
     35.31772575     -0.00000000     -0.00000000      0.00000000      0.00000000      0.00043486     -6.66098582      0.00000555    368.51877721      0.03659645      0.00000000      0.99983995      0.39331386      0.50990293      0.50990293      0.47167878      0.99729378      5.30000000    -10.00000000
     35.48494983     -0.00000000     -0.00000000      0.00000000      0.00000000      0.00042202     -6.69251976      0.00000546    366.93832861      0.03710289      0.00000000      0.99983995      0.39368262      0.50984777      0.50984777      0.47179041      0.99728215      5.30000000    -10.00000000
     35.65217391     -0.00000000     -0.00000000      0.00000000      0.00000000      0.00040957     -6.72405068      0.00000537    365.31262735      0.03762000      0.00000000      0.99983995      0.39405040      0.50979321      0.50979321      0.47189945      0.99727009      5.30000000    -10.00000000
     35.81939799     -0.00000000     -0.00000000      0.00000000      0.00000000      0.00039749     -6.75557853      0.00000529    363.64264852      0.03814800      0.00000000      0.99983995      0.39437926      0.50973923      0.50973923      0.47201103      0.99725759      5.30000000    -10.00000000
     35.98662207     -0.00000000     -0.00000000      0.00000000      0.00000000      0.00038576     -6.78710320      0.00000520    361.92937610      0.03868714      0.00000000      0.99983995      0.39478037      0.50968583      0.50968583      0.47217516      0.99724464      5.30000000    -10.00000000
     36.15384615     -0.00000000     -0.00000000      0.00000000      0.00000000      0.00037438     -6.81862463      0.00000512    360.17380547      0.03923765      0.00000000      0.99983995      0.39514276      0.50963300      0.50963300      0.47222934      0.99723125      5.30000000    -10.00000000
     36.32107023     -0.00000000     -0.00000000      0.00000000      0.00000000      0.00036335     -6.85014272      0.00000504    358.37694121      0.03979978      0.00000000      0.99983995      0.39550335      0.50958073      0.50958073      0.47234020      0.99721741      5.30000000    -10.00000000
     36.48829431     -0.00000000     -0.00000000      0.00000000      0.00000000      0.00035264     -6.88165738      0.00000496    356.53950105      0.04037383      0.00000000      0.99983995      0.39586222      0.50952902      0.50952902      0.47244446      0.99720311      5.30000000    -10.00000000
     36.65551839     -0.00000000     -0.00000000      0.00000000      0.00000000      0.00034224     -6.91316856      0.00000489    354.66337981      0.04095995      0.00000000      0.99983995      0.39621937      0.50947785      0.50947785      0.47255089      0.99718835      5.30000000    -10.00000000
     36.82274247     -0.00000000     -0.00000000      0.00000000      0.00000000      0.00033216     -6.94467613      0.00000481    352.74872817      0.04155852      0.00000000      0.99983995      0.39657317      0.50942723      0.50942723      0.47265686      0.99717313      5.30000000    -10.00000000
     36.98996656     -0.00000000     -0.00000000      0.00000000      0.00000000      0.00032238     -6.97618001      0.00000474    350.79687525      0.04216976      0.00000000      0.99983995      0.39701441      0.50937713      0.50937713      0.47276207      0.99715745      5.30000000    -10.00000000
     37.15719064     -0.00000000     -0.00000000      0.00000000      0.00000000      0.00031288     -7.00768013      0.00000467    348.80885188      0.04279397      0.00000000      0.99983995      0.39728019      0.50932756      0.50932756      0.47287264      0.99714130      5.30000000    -10.00000000
     37.32441472     -0.00000000     -0.00000000      0.00000000      0.00000000      0.00030367     -7.03917637      0.00000460    346.78570211      0.04343142      0.00000000      0.99983995      0.39763032      0.50927851      0.50927851      0.47297057      0.99712467      5.30000000    -10.00000000
     37.49163880     -0.00000000     -0.00000000      0.00000000      0.00000000      0.00029473     -7.07066865      0.00000453    344.72840816      0.04408242      0.00000000      0.99983995      0.39798459      0.50922997      0.50922997      0.47307379      0.99710756      5.30000000    -10.00000000
     37.65886288     -0.00000000     -0.00000000      0.00000000      0.00000000      0.00028606     -7.10215687      0.00000446    342.63820024      0.04474724      0.00000000      0.99983995      0.39831108      0.50918193      0.50918193      0.47317633      0.99708996      5.30000000    -10.00000000
     37.82608696     -0.00000000     -0.00000000      0.00000000      0.00000000      0.00027764     -7.13364097      0.00000440    340.51641257      0.04542615      0.00000000      0.99983995      0.39867023      0.50913439      0.50913439      0.47327889      0.99707188      5.30000000    -10.00000000
     37.99331104     -0.00000000     -0.00000000      0.00000000      0.00000000      0.00026948     -7.16512075      0.00000433    338.36254945      0.04611968      0.00000000      0.99983995      0.39901332      0.50908734      0.50908734      0.47337973      0.99705330      5.30000000    -10.00000000
     38.16053512     -0.00000000     -0.00000000      0.00000000      0.00000000      0.00026155     -7.19659623      0.00000427    336.17972155      0.04682786      0.00000000      0.99983995      0.39935338      0.50904077      0.50904077      0.47348066      0.99703422      5.30000000    -10.00000000
     38.32775920     -0.00000000     -0.00000000      0.00000000      0.00000000      0.00025387     -7.22806723      0.00000421    333.96782844      0.04755117      0.00000000      0.99983995      0.39963172      0.50899468      0.50899468      0.47358911      0.99701464      5.30000000    -10.00000000
     38.49498328     -0.00000000     -0.00000000      0.00000000      0.00000000      0.00024641     -7.25953369      0.00000415    331.72818898      0.04828993      0.00000000      0.99983995      0.40003298      0.50894910      0.50894910      0.47367940      0.99699454      5.30000000    -10.00000000
     38.66220736     -0.00000000     -0.00000000      0.00000000      0.00000000      0.00023917     -7.29099548      0.00000409    329.46193129      0.04904446      0.00000000      0.99983995      0.40036810      0.50890390      0.50890390      0.47377883      0.99697393      5.30000000    -10.00000000
     38.82943144     -0.00000000     -0.00000000      0.00000000      0.00000000      0.00023214     -7.32245249      0.00000403    327.16976630      0.04981515      0.00000000      0.99983995      0.40070290      0.50885920      0.50885920      0.47387623      0.99695280      5.30000000    -10.00000000
     38.99665552     -0.00000000     -0.00000000      0.00000000      0.00000000      0.00022533     -7.35390462      0.00000398    324.85309213      0.05060233      0.00000000      0.99983995      0.40103564      0.50881495      0.50881495      0.47397337      0.99693113      5.30000000    -10.00000000
     39.16387960     -0.00000000     -0.00000000      0.00000000      0.00000000      0.00021871     -7.38535177      0.00000392    322.51289758      0.05140635      0.00000000      0.99983995      0.40136800      0.50877115      0.50877115      0.47407045      0.99690893      5.30000000    -10.00000000
     39.33110368     -0.00000000     -0.00000000      0.00000000      0.00000000      0.00021230     -7.41679381      0.00000387    320.15017349      0.05222761      0.00000000      0.99983995      0.40252091      0.50872778      0.50872778      0.47416666      0.99688619      5.30000000    -10.00000000
     39.49832776     -0.00000000     -0.00000000      0.00000000      0.00000000      0.00020607     -7.44823062      0.00000381    317.76570663      0.05306653      0.00000000      0.99983995      0.40242933      0.50868485      0.50868485      0.47426220      0.99686290      5.30000000    -10.00000000
     39.66555184     -0.00000000     -0.00000000      0.00000000      0.00000000      0.00020003     -7.47966209      0.00000376    315.36090110      0.05392344      0.00000000      0.99983995      0.40233881      0.50864235      0.50864235      0.47435731      0.99683905      5.30000000    -10.00000000
     39.83277592     -0.00000000     -0.00000000      0.00000000      0.00000000      0.00019416     -7.51108812      0.00000371    312.93663826      0.05479877      0.00000000      0.99983995      0.40224933      0.50860026      0.50860026      0.47445153      0.99681464      5.30000000    -10.00000000
     40.00000000     -0.00000000     -0.00000000      0.00000000      0.00000000      0.00018847     -7.54250856      0.00000366    310.49392696      0.05569292      0.00000000      0.99983995      0.40299606      0.50855859      0.50855859      0.47454530      0.99678966      5.30000000    -10.00000000
