    -10.00000000      0.00000000      0.00000000      0.00000000      0.00000000      0.00925387      0.00000187      0.00344910      0.00000000      3.14703264      0.99981522      0.99981522      0.50006059      0.50008138      0.50008138      0.49998960      0.00000000      1.80000000    -10.00000000
    -10.16722408      0.00000000      0.00000000      0.00000000      0.00000000      0.00923607     -0.13773290      0.00344355      0.00183172      3.14802251      1.00074679      0.99981522      0.49159094      0.50068364      0.50068364      0.49700154      0.00182837      1.80000000    -10.00000000
    -10.33444816      0.00000000      0.00000000      0.00000000      0.00000000      0.00932608     -0.27358285      0.00343909      0.00730695      3.11360256      1.00149774      0.99981522      0.48315033      0.50135924      0.50135924      0.49395883      0.00725394      1.80000000    -10.00000000
    -10.50167224      0.00000000      0.00000000      0.00000000      0.00000000      0.00941396     -0.40799446      0.00343172      0.01643886      3.07792710      1.00225663      0.99981522      0.47456070      0.50201834      0.50201834      0.49023670      0.01617300      1.80000000    -10.00000000
    -10.66889632      0.00000000      0.00000000      0.00000000      0.00000000      0.00952877     -0.54009555      0.00342146      0.02924617      3.03175197      1.00302750      0.99981522      0.46376976      0.50269093      0.50269093      0.48738797      0.02841514      1.80000000    -10.00000000
    -10.83612040      0.00000000      0.00000000      0.00000000      0.00000000      0.00967570     -0.66906411      0.00340838      0.04574800      2.97430034      1.00381443      0.99981522      0.45611762      0.50336558      0.50336558      0.48459632      0.04374668      1.80000000    -10.00000000
    -11.00334448      0.00000000      0.00000000      0.00000000      0.00000000      0.00985658     -0.79417423      0.00339256      0.06596797      2.90616311      1.00462161      0.99981522      0.44844598      0.50404389      0.50404389      0.48171943      0.06188551      1.80000000    -10.00000000
    -11.17056856      0.00000000      0.00000000      0.00000000      0.00000000      0.01007289     -0.91476257      0.00337409      0.08993257      2.82827278      1.00545335      0.99981522      0.44046848      0.50472681      0.50472681      0.47882215      0.08251205      1.80000000    -10.00000000
    -11.33779264      0.00000000      0.00000000      0.00000000      0.00000000      0.01032616     -1.03022761      0.00335308      0.11766956      2.74172412      1.00631407      0.99981522      0.43233935      0.50541457      0.50541457      0.47593932      0.10528117      1.80000000    -10.00000000
    -11.50501672      0.00000000      0.00000000      0.00000000      0.00000000      0.01061813     -1.14003322      0.00332965      0.14920608      2.64770742      1.00720837      0.99981522      0.42450186      0.50610806      0.50610806      0.47306885      0.12983405      1.80000000    -10.00000000
    -11.67224080      0.00000000      0.00000000      0.00000000      0.00000000      0.01095076     -1.24371187      0.00330395      0.18456643      2.54746570      1.00814103      0.99981522      0.41753395      0.50680747      0.50680747      0.47019916      0.15580927      1.80000000    -10.00000000
    -11.83946488      0.00000000      0.00000000      0.00000000      0.00000000      0.01132625     -1.34086675      0.00327611      0.22376952      2.44225959      1.00911705      0.99981522      0.41026260      0.50751337      0.50751337      0.46740283      0.18285267      1.80000000    -10.00000000
    -12.00668896      0.00000000      0.00000000      0.00000000      0.00000000      0.01174663     -1.43122201      0.00324626      0.26683764      2.33339592      1.01014164      0.99981522      0.40341468      0.50822608      0.50822608      0.46469071      0.21063286      1.80000000    -10.00000000
    -12.17391304      0.00000000      0.00000000      0.00000000      0.00000000      0.01221588     -1.51437435      0.00321463      0.31373468      2.22190493      1.01122029      0.99981522      0.39593720      0.50894606      0.50894606      0.46197591      0.23881129      1.80000000    -10.00000000
    -12.34113712      0.00000000      0.00000000      0.00000000      0.00000000      0.01273576     -1.59028660      0.00318130      0.36447950      2.10910986      1.01235879      0.99981522      0.38902445      0.50967309      0.50967309      0.45929615      0.26711981      1.80000000    -10.00000000
    -12.50836120      0.00000000      0.00000000      0.00000000      0.00000000      0.01330999     -1.65878929      0.00314646      0.41902489      1.99601656      1.01356321      0.99981522      0.38232061      0.51040707      0.51040707      0.45665257      0.29529072      1.80000000    -10.00000000
    -12.67558528      0.00000000      0.00000000      0.00000000      0.00000000      0.01394215     -1.71982451      0.00311027      0.47731171      1.88359570      1.01484000      0.99981522      0.37585327      0.51114921      0.51114921      0.45405822      0.32309478      1.80000000    -10.00000000
    -12.84280936      0.00000000      0.00000000      0.00000000      0.00000000      0.01463614     -1.77339173      0.00307288      0.53925251      1.77271409      1.01619597      0.99981522      0.36966055      0.51189810      0.51189810      0.45140704      0.35033401      1.80000000    -10.00000000
    -13.01003344      0.00000000      0.00000000      0.00000000      0.00000000      0.01539616     -1.81954269      0.00303445      0.60472646      1.66412917      1.01763831      0.99981522      0.36348165      0.51265389      0.51265389      0.44904645      0.37684084      1.80000000    -10.00000000
    -13.17725753      0.00000000      0.00000000      0.00000000      0.00000000      0.01622673     -1.85837585      0.00299513      0.67357408      1.55848724      1.01917467      0.99981522      0.35814854      0.51341599      0.51341599      0.44664036      0.40247640      1.80000000    -10.00000000
    -13.34448161      0.00000000      0.00000000      0.00000000      0.00000000      0.01713268     -1.89003076      0.00295505      0.74559162      1.45632477      1.02081313      0.99981522      0.35288676      0.51418353      0.51418353      0.44431374      0.42712832      1.80000000    -10.00000000
    -13.51170569      0.00000000      0.00000000      0.00000000      0.00000000      0.01811916     -1.91468194      0.00291435      0.82052468      1.35807308      1.02256229      0.99981522      0.34799815      0.51495524      0.51495524      0.44207000      0.45070780      1.80000000    -10.00000000
    -13.67892977      0.00000000      0.00000000      0.00000000      0.00000000      0.01919161     -1.93253418      0.00287317      0.89806378      1.26406293      1.02443124      0.99981522      0.34354293      0.51573062      0.51573062      0.43991823      0.47314731      1.80000000    -10.00000000
    -13.84615385      0.00000000      0.00000000      0.00000000      0.00000000      0.02035577     -1.94381643      0.00283161      0.97783743      1.17453335      1.02642962      0.99981522      0.33965417      0.51650706      0.51650706      0.43791911      0.49439727      1.80000000    -10.00000000
    -14.01337793      0.00000000      0.00000000      0.00000000      0.00000000      0.02161766     -1.94877635      0.00278980      1.05940529      1.08964083      1.02856765      0.99981522      0.33742147      0.51728213      0.51728213      0.43591512      0.51442292      1.80000000    -10.00000000
    -14.18060201      0.00000000      0.00000000      0.00000000      0.00000000      0.02298355     -1.94767626      0.00274783      1.14225408      1.00946748      1.03085611      0.99981522      0.33311641      0.51806148      0.51806148      0.43408662      0.53320196      1.80000000    -10.00000000
    -14.34782609      0.00000000      0.00000000      0.00000000      0.00000000      0.02445992     -1.94078852      0.00270581      1.22579160      0.93403102      1.03330645      0.99981522      0.32927787      0.51882888      0.51882888      0.43238615      0.55072164      1.80000000    -10.00000000
    -14.51505017      0.00000000      0.00000000      0.00000000      0.00000000      0.02605342     -1.92839156      0.00266382      1.30934213      0.86329418      1.03593070      0.99981522      0.32592120      0.51959606      0.51959606      0.43082184      0.56697624      1.80000000    -10.00000000
    -14.68227425      0.00000000      0.00000000      0.00000000      0.00000000      0.02777081     -1.91076643      0.00262194      1.39214269      0.79717370      1.03874158      0.99981522      0.32305273      0.52033265      0.52033265      0.42941178      0.58196474      1.80000000    -10.00000000
    -14.84949833      0.00000000      0.00000000      0.00000000      0.00000000      0.02961891     -1.88819368      0.00258025      1.47334039      0.73554880      1.04175244      0.99981522      0.32069043      0.52105522      0.52105522      0.42816038      0.59568849      1.80000000    -10.00000000
    -15.01672241      0.00000000      0.00000000      0.00000000      0.00000000      0.03160448     -1.86095072      0.00253882      1.55199138      0.67826897      1.04497733      0.99981522      0.31885403      0.52176055      0.52176055      0.42708199      0.60814915      1.80000000    -10.00000000
    -15.18394649      0.00000000      0.00000000      0.00000000      0.00000000      0.03373415     -1.82930960      0.00249771      1.62706176      0.62516103      1.04843093      0.99981522      0.31755916      0.52243996      0.52243996      0.42618981      0.61934660      1.80000000    -10.00000000
    -15.35117057      0.00000000      0.00000000      0.00000000      0.00000000      0.03601429     -1.79353512      0.00245700      1.69743120      0.57603531      1.05212858      0.99981522      0.31681498      0.52308702      0.52308702      0.42548667      0.62927692      1.80000000    -10.00000000
    -15.51839465      0.00000000      0.00000000      0.00000000      0.00000000      0.03845088     -1.75388351      0.00241673      1.76189994      0.53069104      1.05608626      0.99981522      0.31663542      0.52369483      0.52369483      0.42500934      0.63793040      1.80000000    -10.00000000
    -15.68561873      0.00000000      0.00000000      0.00000000      0.00000000      0.04104931     -1.71060144      0.00237698      1.81920032      0.48892096      1.06032054      0.99981522      0.31703419      0.52425418      0.52425418      0.42475327      0.64528948      1.80000000    -10.00000000
    -15.85284281      0.00000000      0.00000000      0.00000000      0.00000000      0.04381427     -1.66392556      0.00233779      1.86801373      0.45051498      1.06484856      0.99981522      0.31803096      0.52475753      0.52475753      0.42473704      0.65132663      1.80000000    -10.00000000
    -16.02006689      0.00000000      0.00000000      0.00000000      0.00000000      0.04674944     -1.61408239      0.00229922      1.90699399      0.41526333      1.06968794      0.99981522      0.31955242      0.52520238      0.52520238      0.42497805      0.65600204      1.80000000    -10.00000000
    -16.18729097      0.00000000      0.00000000      0.00000000      0.00000000      0.04985732     -1.56128842      0.00226132      1.93479758      0.38295897      1.07485673      0.99981522      0.32183783      0.52557064      0.52557064      0.42549572      0.65926100      1.80000000    -10.00000000
    -16.35451505      0.00000000      0.00000000      0.00000000      0.00000000      0.05313892     -1.50575037      0.00222413      1.95012066      0.35339954      1.08037332      0.99981522      0.32468280      0.52585631      0.52585631      0.42631431      0.66103081      1.80000000    -10.00000000
    -16.52173913      0.00000000      0.00000000      0.00000000      0.00000000      0.05659347     -1.44766540      0.00218767      1.95174211      0.32638896      1.08625631      0.99981522      0.32812817      0.52604384      0.52604384      0.42749366      0.66121702      1.80000000    -10.00000000
    -16.68896321      0.00000000      0.00000000      0.00000000      0.00000000      0.06021814     -1.38722114      0.00215199      1.93857175      0.30173871      1.09252440      0.99981522      0.33221746      0.52612302      0.52612302      0.42910576      0.65969863      1.80000000    -10.00000000
    -16.85618729      0.00000000      0.00000000      0.00000000      0.00000000      0.06400772     -1.32459567      0.00211707      1.90970247      0.27926883      1.09919622      0.99981522      0.33693900      0.52608552      0.52608552      0.43055797      0.65632225      1.80000000    -10.00000000
    -17.02341137      0.00000000      0.00000000      0.00000000      0.00000000      0.06795429     -1.25995740      0.00208294      1.86446541      0.25880872      1.10629015      0.99981522      0.34229042      0.52591813      0.52591813      0.43232837      0.65089472      1.80000000    -10.00000000
    -17.19063545      0.00000000      0.00000000      0.00000000      0.00000000      0.07204699     -1.19346495      0.00204958      1.80248700      0.24019762      1.11382415      0.99981522      0.34826198      0.52560260      0.52560260      0.43444343      0.64317408      1.80000000    -10.00000000
    -17.35785953      0.00000000      0.00000000      0.00000000      0.00000000      0.07627169     -1.12526724      0.00201699      1.72374668      0.22328493      1.12181552      0.99981522      0.35485418      0.52513800      0.52513800      0.43689822      0.63285866      1.80000000    -10.00000000
    -17.52508361      0.00000000      0.00000000      0.00000000      0.00000000      0.08061083     -1.05550352      0.00198514      1.62863335      0.20793019      1.13028064      0.99981522      0.36202580      0.52449316      0.52449316      0.43968047      0.61957418      1.80000000    -10.00000000
    -17.69230769      0.00000000      0.00000000      0.00000000      0.00000000      0.08504322     -0.98430377      0.00195402      1.51799837      0.19400303      1.13923474      0.99981522      0.36977498      0.52367394      0.52367394      0.44281160      0.60285915      1.80000000    -10.00000000
    -17.85953177      0.00000000      0.00000000      0.00000000      0.00000000      0.08954392     -0.91178900      0.00192359      1.39320201      0.18138280      1.14869158      0.99981522      0.37800826      0.52266258      0.52266258      0.44627965      0.58214977      1.80000000    -10.00000000
    -18.02675585      0.00000000      0.00000000      0.00000000      0.00000000      0.09408425     -0.83807171      0.00189383      1.25614997      0.16995830      1.15866318      0.99981522      0.38676572      0.52145047      0.52145047      0.45010672      0.55676705      1.80000000    -10.00000000
    -18.19397993      0.00000000      0.00000000      0.00000000      0.00000000      0.09863185     -0.76325643      0.00186468      1.10931649      0.15962723      1.16915948      0.99981522      0.39631723      0.52002903      0.52002903      0.45423461      0.52591278      1.80000000    -10.00000000
    -18.36120401      0.00000000      0.00000000      0.00000000      0.00000000      0.10315090     -0.68744014      0.00183612      0.95575051      0.15029576      1.18018806      0.99981522      0.40633152      0.51839416      0.51839416      0.45870600      0.48868734      1.80000000    -10.00000000
    -18.52842809      0.00000000      0.00000000      0.00000000      0.00000000      0.10760241     -0.61071277      0.00180808      0.79906191      0.14187801      1.19175380      0.99981522      0.41679659      0.51657495      0.51657495      0.46348764      0.44415476      1.80000000    -10.00000000
    -18.69565217      0.00000000      0.00000000      0.00000000      0.00000000      0.11194470     -0.53315766      0.00178052      0.64338565      0.13429549      1.20385857      0.99981522      0.42765393      0.51446028      0.51446028      0.46856810      0.39150010      1.80000000    -10.00000000
    -18.86287625      0.00000000      0.00000000      0.00000000      0.00000000      0.11613400     -0.45485192      0.00175336      0.49332248      0.12747666      1.21650093      0.99981522      0.43889166      0.51216253      0.51216253      0.47393951      0.33035228      1.80000000    -10.00000000
    -19.03010033      0.00000000      0.00000000      0.00000000      0.00000000      0.12012516     -0.37586683      0.00172654      0.35385640      0.12135634      1.22967589      0.99981522      0.45040659      0.50965587      0.50965587      0.47957475      0.26136923      1.80000000    -10.00000000
    -19.19732441      0.00000000      0.00000000      0.00000000      0.00000000      0.12387252     -0.29626816      0.00169999      0.23025056      0.11587528      1.24337465      0.99981522      0.46225200      0.50693983      0.50693983      0.48548083      0.18715745      1.80000000    -10.00000000
    -19.36454849      0.00000000      0.00000000      0.00000000      0.00000000      0.12733084     -0.21611646      0.00167362      0.12792451      0.11097967      1.25758443      0.99981522      0.47429543      0.50403021      0.50403021      0.49154839      0.11341584      1.80000000    -10.00000000
    -19.53177258      0.00000000      0.00000000      0.00000000      0.00000000      0.13045632     -0.13546729      0.00164736      0.05231774      0.10662068      1.27228827      0.99981522      0.48651820      0.50097191      0.50097191      0.49783413      0.04971668      1.80000000    -10.00000000
    -19.69899666      0.00000000      0.00000000      0.00000000      0.00000000      0.13320767     -0.05437153      0.00162110      0.00874512      0.10275406      1.28746504      0.99981522      0.49887784      0.49769405      0.49769405      0.50426505      0.00866930      1.80000000    -10.00000000
    -19.86622074      0.00000000      0.00000000      0.00000000      0.00000000      0.13554717      0.02712450      0.00159476      0.00225124      0.09933971      1.30308933      0.99981522      0.51131538      0.49430673      0.49430673      0.51083636      0.00224618      1.80000000    -10.00000000
    -20.03344482      0.00000000      0.00000000      0.00000000      0.00000000      0.13744166      0.10897881      0.00156824      0.03747081      0.09634131      1.31913159      0.99981522      0.52379384      0.49080682      0.49080682      0.51761046      0.03611746      1.80000000    -10.00000000
    -20.20066890      0.00000000      0.00000000      0.00000000      0.00000000      0.13886345      0.19115356      0.00154145      0.11850216      0.09372599      1.33555820      0.99981522      0.53627618      0.48721460      0.48721460      0.52446876      0.10594719      1.80000000    -10.00000000
    -20.36789298      0.00000000      0.00000000      0.00000000      0.00000000      0.13979115      0.27361493      0.00151430      0.24880039      0.09146397      1.35233173      0.99981522      0.54871694      0.48357176      0.48357176      0.53135302      0.19923151      1.80000000    -10.00000000
    -20.53511706      0.00000000      0.00000000      0.00000000      0.00000000      0.14021026      0.35633290      0.00148669      0.43109504      0.08952830      1.36941118      0.99981522      0.56109358      0.47990357      0.47990357      0.53825870      0.30123439      1.80000000    -10.00000000
    -20.70234114      0.00000000      0.00000000      0.00000000      0.00000000      0.14011357      0.43928112      0.00145856      0.66733602      0.08789457      1.38675239      0.99981522      0.57338020      0.47634551      0.47634551      0.54514735      0.40024087      1.80000000    -10.00000000
    -20.86956522      0.00000000      0.00000000      0.00000000      0.00000000      0.13950142      0.52243672      0.00142981      0.95866910      0.08654065      1.40430846      0.99981522      0.58548464      0.47260807      0.47260807      0.55198795      0.48944924      1.80000000    -10.00000000
    -21.03678930      0.00000000      0.00000000      0.00000000      0.00000000      0.13838164      0.60578008      0.00140041      1.30544043      0.08544653      1.42203024      0.99981522      0.59745971      0.46904432      0.46904432      0.55875356      0.56624340      1.80000000    -10.00000000
    -21.20401338      0.00000000      0.00000000      0.00000000      0.00000000      0.13676929      0.68929465      0.00137028      1.70722775      0.08459406      1.43986687      0.99981522      0.60925311      0.46558101      0.46558101      0.56541763      0.63061844      1.80000000    -10.00000000
    -21.37123746      0.00000000      0.00000000      0.00000000      0.00000000      0.13468626      0.77296667      0.00133941      2.16289397      0.08396684      1.45776637      0.99981522      0.62084385      0.46223786      0.46223786      0.57195655      0.68383385      1.80000000    -10.00000000
    -21.53846154      0.00000000      0.00000000      0.00000000      0.00000000      0.13216057      0.85678488      0.00130777      2.67065769      0.08355008      1.47567626      0.99981522      0.63222490      0.45904673      0.45904673      0.57834894      0.72756926      1.80000000    -10.00000000
    -21.70568562      0.00000000      0.00000000      0.00000000      0.00000000      0.12922562      0.94074026      0.00127536      3.22817459      0.08333049      1.49354415      0.99981522      0.64338420      0.45602570      0.45602570      0.58457598      0.76349132      1.80000000    -10.00000000
    -21.87290970      0.00000000      0.00000000      0.00000000      0.00000000      0.12591923      1.02482562      0.00124222      3.83262316      0.08329623      1.51131841      0.99981522      0.65437700      0.45319677      0.45319677      0.59062137      0.79307304      1.80000000    -10.00000000
    -22.04013378      0.00000000      0.00000000      0.00000000      0.00000000      0.12228267      1.10903536      0.00120838      4.48078920      0.08343683      1.52894870      0.99981522      0.66497095      0.45057430      0.45057430      0.59647130      0.81754452      1.80000000    -10.00000000
    -22.20735786      0.00000000      0.00000000      0.00000000      0.00000000      0.11835965      1.19336510      0.00117391      5.16914500      0.08374318      1.54638659      0.99981522      0.67540080      0.44817270      0.44817270      0.60211536      0.83790298      1.80000000    -10.00000000
    -22.37458194      0.00000000      0.00000000      0.00000000      0.00000000      0.11419523      1.27781147      0.00113888      5.89392152      0.08420749      1.56358602      0.99981522      0.68556030      0.44593450      0.44593450      0.60754183      0.85494468      1.80000000    -10.00000000
    -22.54180602      0.00000000      0.00000000      0.00000000      0.00000000      0.10983486      1.36237196      0.00110341      6.65117552      0.08482317      1.58050383      0.99981522      0.69546595      0.44405296      0.44405296      0.61274675      0.86930113      1.80000000    -10.00000000
    -22.70903010      0.00000000      0.00000000      0.00000000      0.00000000      0.10532346      1.44704490      0.00106758      7.43685664      0.08558470      1.59710009      0.99981522      0.70513198      0.44234532      0.44234532      0.61772421      0.88147244      1.80000000    -10.00000000
    -22.87625418      0.00000000      0.00000000      0.00000000      0.00000000      0.10070459      1.53182962      0.00103153      8.24688055      0.08648738      1.61333847      0.99981522      0.71448335      0.44086946      0.44086946      0.62247137      0.89185542      1.80000000    -10.00000000
    -23.04347826      0.00000000      0.00000000      0.00000000      0.00000000      0.09601970      1.61672657      0.00099537      9.07721154      0.08752703      1.62918645      0.99981522      0.72358938      0.43965044      0.43965044      0.62698689      0.90076620      1.80000000    -10.00000000
    -23.21070234      0.00000000      0.00000000      0.00000000      0.00000000      0.09130764      1.70173702      0.00095918      9.92413424      0.08869799      1.64461551      0.99981522      0.73242439      0.43860048      0.43860048      0.63127106      0.90845957      1.80000000    -10.00000000
    -23.37792642      0.00000000      0.00000000      0.00000000      0.00000000      0.08660418      1.78686423      0.00092311     10.78377450      0.08999820      1.65960120      0.99981522      0.74098769      0.43778385      0.43778385      0.63532538      0.91513755      1.80000000    -10.00000000
    -23.54515050      0.00000000      0.00000000      0.00000000      0.00000000      0.08194170      1.87211206      0.00088726     11.65248912      0.09142532      1.67412319      0.99981522      0.74927776      0.43718566      0.43718566      0.63915256      0.92096417      1.80000000    -10.00000000
    -23.71237458      0.00000000      0.00000000      0.00000000      0.00000000      0.07734908      1.95748343      0.00085172     12.52735381      0.09297332      1.68816517      0.99981522      0.75730343      0.43677197      0.43677197      0.64275633      0.92607571      1.80000000    -10.00000000
    -23.87959866      0.00000000      0.00000000      0.00000000      0.00000000      0.07285157      2.04298100      0.00081656     13.40545427      0.09463867      1.70171480      0.99981522      0.76503799      0.43653728      0.43653728      0.64614123      0.93058185      1.80000000    -10.00000000
    -24.04682274      0.00000000      0.00000000      0.00000000      0.00000000      0.06847080      2.12860605      0.00078189     14.28404875      0.09641859      1.71476350      0.99981522      0.77250775      0.43646853      0.43646853      0.64931282      0.93457231      1.80000000    -10.00000000
    -24.21404682      0.00000000      0.00000000      0.00000000      0.00000000      0.06422489      2.21435801      0.00074780     15.16049244      0.09831140      1.72730626      0.99981522      0.77970592      0.43655084      0.43655084      0.65227650      0.93812070      1.80000000    -10.00000000
    -24.38127090      0.00000000      0.00000000      0.00000000      0.00000000      0.06012856      2.30023431      0.00071439     16.03216493      0.10031676      1.73934138      0.99981522      0.78665787      0.43676939      0.43676939      0.65503854      0.94128756      1.80000000    -10.00000000
    -24.54849498      0.00000000      0.00000000      0.00000000      0.00000000      0.05619332      2.38623038      0.00068174     16.89640696      0.10243583      1.75087022      0.99981522      0.79328879      0.43711379      0.43711379      0.65760787      0.94412286      1.80000000    -10.00000000
    -24.71571906      0.00000000      0.00000000      0.00000000      0.00000000      0.05242769      2.47233968      0.00064993     17.75046723      0.10467139      1.76189691      0.99981522      0.79969114      0.43757908      0.43757908      0.65998635      0.94666800      1.80000000    -10.00000000
    -24.88294314      0.00000000      0.00000000      0.00000000      0.00000000      0.04883750      2.55855383      0.00061906     18.59145743      0.10702795      1.77242803      0.99981522      0.80583049      0.43814237      0.43814237      0.66218605      0.94895735      1.80000000    -10.00000000
    -25.05016722      0.00000000      0.00000000      0.00000000      0.00000000      0.04542612      2.64486274      0.00058918     19.41631535      0.10951181      1.78247234      0.99981522      0.81169646      0.43879126      0.43879126      0.66421275      0.95101957      1.80000000    -10.00000000
    -25.21739130      0.00000000      0.00000000      0.00000000      0.00000000      0.04219480      2.73125468      0.00056036     20.22177783      0.11213123      1.79204046      0.99981522      0.81733798      0.43951423      0.43951423      0.66607374      0.95287859      1.80000000    -10.00000000
    -25.38461538      0.00000000      0.00000000      0.00000000      0.00000000      0.03914287      2.81771641      0.00053265     21.00436679      0.11489642      1.80114460      0.99981522      0.82271538      0.44030062      0.44030062      0.66777643      0.95455448      1.80000000    -10.00000000
    -25.55183946      0.00000000      0.00000000      0.00000000      0.00000000      0.03626812      2.90423332      0.00050609     21.76039290      0.11781966      1.80979827      0.99981522      0.82784955      0.44114020      0.44114020      0.66935768      0.95606403      1.80000000    -10.00000000
    -25.71906355      0.00000000      0.00000000      0.00000000      0.00000000      0.03356696      2.99078956      0.00048070     22.48598137      0.12091533      1.81801603      0.99981522      0.83274447      0.44202351      0.44202351      0.67073616      0.95742141      1.80000000    -10.00000000
    -25.88628763      0.00000000      0.00000000      0.00000000      0.00000000      0.03103474      3.07736828      0.00045651     23.17712402      0.12419980      1.82581327      0.99981522      0.83740829      0.44294208      0.44294208      0.67200811      0.95863859      1.80000000    -10.00000000
    -26.05351171      0.00000000      0.00000000      0.00000000      0.00000000      0.02866591      3.16395187      0.00043352     23.82976099      0.12769137      1.83320594      0.99981522      0.84184710      0.44388808      0.44388808      0.67314830      0.95972575      1.80000000    -10.00000000
    -26.22073579      0.00000000      0.00000000      0.00000000      0.00000000      0.02645427      3.25056222      0.00041148     24.45517714      0.13133112      1.84021042      0.99981522      0.84606717      0.44485467      0.44485467      0.67416758      0.96071526      1.80000000    -10.00000000
    -26.38795987      0.00000000      0.00000000      0.00000000      0.00000000      0.02439311      3.33706142      0.00039111     25.00371704      0.13537714      1.84684328      0.99981522      0.85007508      0.44583065      0.44583065      0.67506995      0.96154396      1.80000000    -10.00000000
    -26.55518395      0.00000000      0.00000000      0.00000000      0.00000000      0.02247537      3.42355150      0.00037164     25.51778971      0.13961503      1.85312117      0.99981522      0.85386802      0.44682440      0.44682440      0.67584703      0.96228947      1.80000000    -10.00000000
    -26.72240803      0.00000000      0.00000000      0.00000000      0.00000000      0.02069381      3.50997552      0.00035329     25.97918248      0.14414653      1.85906067      0.99981522      0.85745229      0.44781706      0.44781706      0.67655050      0.96293438      1.80000000    -10.00000000
    -26.88963211      0.00000000      0.00000000      0.00000000      0.00000000      0.01904108      3.59631762      0.00033600     26.38563758      0.14899442      1.86467816      0.99981522      0.86085116      0.44880425      0.44880425      0.67714178      0.96348451      1.80000000    -10.00000000
    -27.05685619      0.00000000      0.00000000      0.00000000      0.00000000      0.01750984      3.68256134      0.00031972     26.73682818      0.15417416      1.86998976      0.99981522      0.86406698      0.44979576      0.44979576      0.67763860      0.96394685      1.80000000    -10.00000000
    -27.22408027      0.00000000      0.00000000      0.00000000      0.00000000      0.01609283      3.76869709      0.00030442     27.03013341      0.15971871      1.87501120      0.99981522      0.86710551      0.45077462      0.45077462      0.67804962      0.96432411      1.80000000    -10.00000000
    -27.39130435      0.00000000      0.00000000      0.00000000      0.00000000      0.01478296      3.85471323      0.00029002     27.26595380      0.16564753      1.87975779      0.99981522      0.86997394      0.45174312      0.45174312      0.67838706      0.96462175      1.80000000    -10.00000000
    -27.55852843      0.00000000      0.00000000      0.00000000      0.00000000      0.01357334      3.94059875      0.00027646     27.44582128      0.17197674      1.88424435      0.99981522      0.87268348      0.45269561      0.45269561      0.67863051      0.96484545      1.80000000    -10.00000000
    -27.72575251      0.00000000      0.00000000      0.00000000      0.00000000      0.01245731      4.02634467      0.00026369     27.57133096      0.17872515      1.88848521      0.99981522      0.87521673      0.45362732      0.45362732      0.67881037      0.96499988      1.80000000    -10.00000000
    -27.89297659      0.00000000      0.00000000      0.00000000      0.00000000      0.01142849      4.11194260      0.00025164     27.64456568      0.18591132      1.89249410      0.99981522      0.87761896      0.45455563      0.45455563      0.67892223      0.96508936      1.80000000    -10.00000000
    -28.06020067      0.00000000      0.00000000      0.00000000      0.00000000      0.01048081      4.19738424      0.00024026     27.66796405      0.19355383      1.89628421      0.99981522      0.87987615      0.45546546      0.45546546      0.67909895      0.96511786      1.80000000    -10.00000000
    -28.22742475      0.00000000      0.00000000      0.00000000      0.00000000      0.00960850      4.28266092      0.00022950     27.64413780      0.20167211      1.89986814      0.99981522      0.88199476      0.45635581      0.45635581      0.67895946      0.96508884      1.80000000    -10.00000000
    -28.39464883      0.00000000      0.00000000      0.00000000      0.00000000      0.00880608      4.36776317      0.00021932     27.57575990      0.21028688      1.90325791      0.99981522      0.88398221      0.45722584      0.45722584      0.67889247      0.96500531      1.80000000    -10.00000000
    -28.56187291      0.00000000      0.00000000      0.00000000      0.00000000      0.00806840      4.45268040      0.00020967     27.46545431      0.21942079      1.90646493      0.99981522      0.88584225      0.45807478      0.45807478      0.67877316      0.96486970      1.80000000    -10.00000000
    -28.72909699      0.00000000      0.00000000      0.00000000      0.00000000      0.00739062      4.53740067      0.00020053     27.31575606      0.22909866      1.90950006      0.99981522      0.88758169      0.45890222      0.45890222      0.67860512      0.96468397      1.80000000    -10.00000000
    -28.89632107      0.00000000      0.00000000      0.00000000      0.00000000      0.00676821      4.62191054      0.00019186     27.12905711      0.23934804      1.91237357      0.99981522      0.88920479      0.45970769      0.45970769      0.67839138      0.96444957      1.80000000    -10.00000000
    -29.06354515      0.00000000      0.00000000      0.00000000      0.00000000      0.00619691      4.70619501      0.00018363     26.90761357      0.25019934      1.91509520      0.99981522      0.89071713      0.46049110      0.46049110      0.67813504      0.96416748      1.80000000    -10.00000000
    -29.23076923      0.00000000      0.00000000      0.00000000      0.00000000      0.00567275      4.79023752      0.00017581     26.65354761      0.26168606      1.91767411      0.99981522      0.89212165      0.46124951      0.46124951      0.67783888      0.96383827      1.80000000    -10.00000000
    -29.39799331      0.00000000      0.00000000      0.00000000      0.00000000      0.00519204      4.87402002      0.00016839     26.36887238      0.27384484      1.92011898      0.99981522      0.89342543      0.46198618      0.46198618      0.67750558      0.96346214      1.80000000    -10.00000000
    -29.56521739      0.00000000      0.00000000      0.00000000      0.00000000      0.00475135      4.95752292      0.00016134     26.05551077      0.28671564      1.92243795      0.99981522      0.89463357      0.46270428      0.46270428      0.67713773      0.96303895      1.80000000    -10.00000000
    -29.73244147      0.00000000      0.00000000      0.00000000      0.00000000      0.00434748      5.04072524      0.00015464     25.71531828      0.30034172      1.92463873      0.99981522      0.89576318      0.46341074      0.46341074      0.67673769      0.96256829      1.80000000    -10.00000000
    -29.89966555      0.00000000      0.00000000      0.00000000      0.00000000      0.00397746      5.12360460      0.00014828     25.35010184      0.31476977      1.92672851      0.99981522      0.89680888      0.46409850      0.46409850      0.67627199      0.96204948      1.80000000    -10.00000000
    -30.06688963      0.00000000      0.00000000      0.00000000      0.00000000      0.00363857      5.20613723      0.00014223     24.96163518      0.33004997      1.92871408      0.99981522      0.89776938      0.46476566      0.46476566      0.67584957      0.96148162      1.80000000    -10.00000000
    -30.23411371      0.00000000      0.00000000      0.00000000      0.00000000      0.00332826      5.28829799      0.00013648     24.55166903      0.34623608      1.93060180      0.99981522      0.89865035      0.46541263      0.46541263      0.67536584      0.96086361      1.80000000    -10.00000000
    -30.40133779      0.00000000      0.00000000      0.00000000      0.00000000      0.00304419      5.37006040      0.00013101     24.12194161      0.36338550      1.93239765      0.99981522      0.89945574      0.46604023      0.46604023      0.67485799      0.96019416      1.80000000    -10.00000000
    -30.56856187      0.00000000      0.00000000      0.00000000      0.00000000      0.00278420      5.45139649      0.00012582     23.67416153      0.38155965      1.93410722      0.99981522      0.90018881      0.46664866      0.46664866      0.67432778      0.95947177      1.80000000    -10.00000000
    -30.73578595      0.00000000      0.00000000      0.00000000      0.00000000      0.00254629      5.53227692      0.00012088     23.21004750      0.40082362      1.93573573      0.99981522      0.90083775      0.46723859      0.46723859      0.67377697      0.95869484      1.80000000    -10.00000000
    -30.90301003      0.00000000      0.00000000      0.00000000      0.00000000      0.00232862      5.61267080      0.00011618     22.73128685      0.42124681      1.93728811      0.99981522      0.90145144      0.46781057      0.46781057      0.67320693      0.95786154      1.80000000    -10.00000000
    -31.07023411      0.00000000      0.00000000      0.00000000      0.00000000      0.00212952      5.69254567      0.00011170     22.23955206      0.44290290      1.93876895      0.99981522      0.90198876      0.46836515      0.46836515      0.67261935      0.95696991      1.80000000    -10.00000000
    -31.23745819      0.00000000      0.00000000      0.00000000      0.00000000      0.00194741      5.77186741      0.00010745     21.73649179      0.46587001      1.94018253      0.99981522      0.90246278      0.46890289      0.46890289      0.67201527      0.95601784      1.80000000    -10.00000000
    -31.40468227      0.00000000      0.00000000      0.00000000      0.00000000      0.00178087      5.85060016      0.00010340     21.22372607      0.49023094      1.94153289      0.99981522      0.90288140      0.46942421      0.46942421      0.67139654      0.95500305      1.80000000    -10.00000000
    -31.57190635      0.00000000      0.00000000      0.00000000      0.00000000      0.00162858      5.92870625      0.00009954     20.70284078      0.51607335      1.94282377      0.99981522      0.90324532      0.46993002      0.46993002      0.67076354      0.95392308      1.80000000    -10.00000000
    -31.73913043      0.00000000      0.00000000      0.00000000      0.00000000      0.00148935      6.00614608      0.00009587     20.17538212      0.54348996      1.94405869      0.99981522      0.90355708      0.47042048      0.47042048      0.67011809      0.95277535      1.80000000    -10.00000000
    -31.90635452      0.00000000      0.00000000      0.00000000      0.00000000      0.00136205      6.08287802      0.00009237     19.64285169      0.57257870      1.94524094      0.99981522      0.90381884      0.47089628      0.47089628      0.66946097      0.95155708      1.80000000    -10.00000000
    -32.07357860      0.00000000      0.00000000      0.00000000      0.00000000      0.00124569      6.15885827      0.00008903     19.10669489      0.60344315      1.94637359      0.99981522      0.90403487      0.47135789      0.47135789      0.66871381      0.95026532      1.80000000    -10.00000000
    -32.24080268      0.00000000      0.00000000      0.00000000      0.00000000      0.00113932      6.23404101      0.00008584     18.56832771      0.63619174      1.94745951      0.99981522      0.90420139      0.47180583      0.47180583      0.66811558      0.94889701      1.80000000    -10.00000000
    -32.40802676      0.00000000      0.00000000      0.00000000      0.00000000      0.00104209      6.30837775      0.00008281     18.02906994      0.67093982      1.94850138      0.99981522      0.90432606      0.47224058      0.47224058      0.66742921      0.94744882      1.80000000    -10.00000000
    -32.57525084      0.00000000      0.00000000      0.00000000      0.00000000      0.00095322      6.38181778      0.00007991     17.49020480      0.70780791      1.94950170      0.99981522      0.90440899      0.47266263      0.47266263      0.66673485      0.94591731      1.80000000    -10.00000000
    -32.74247492      0.00000000      0.00000000      0.00000000      0.00000000      0.00087200      6.45430776      0.00007714     16.95294387      0.74692282      1.95046284      0.99981522      0.90445174      0.47307243      0.47307243      0.66603324      0.94429883      1.80000000    -10.00000000
    -32.90969900      0.00000000      0.00000000      0.00000000      0.00000000      0.00079776      6.52579167      0.00007449     16.41843125      0.78841751      1.95138697      0.99981522      0.90445620      0.47347045      0.47347045      0.66532512      0.94258955      1.80000000    -10.00000000
    -33.07692308      0.00000000      0.00000000      0.00000000      0.00000000      0.00072991      6.59621069      0.00007196     15.88774097      0.83243129      1.95227614      0.99981522      0.90442364      0.47385708      0.47385708      0.66461127      0.94078545      1.80000000    -10.00000000
    -33.24414716      0.00000000      0.00000000      0.00000000      0.00000000      0.00066791      6.66550313      0.00006954     15.36187858      0.87910966      1.95313229      0.99981522      0.90435617      0.47423278      0.47423278      0.66389197      0.93888232      1.80000000    -10.00000000
    -33.41137124      0.00000000      0.00000000      0.00000000      0.00000000      0.00061124      6.73360424      0.00006722     14.84177504      0.92860462      1.95395719      0.99981522      0.90425492      0.47459794      0.47459794      0.66316837      0.93687576      1.80000000    -10.00000000
    -33.57859532      0.00000000      0.00000000      0.00000000      0.00000000      0.00055944      6.80044618      0.00006500     14.32829141      0.98107435      1.95475253      0.99981522      0.90411773      0.47495294      0.47495294      0.66244028      0.93476116      1.80000000    -10.00000000
    -33.74581940      0.00000000      0.00000000      0.00000000      0.00000000      0.00051210      6.86595788      0.00006288     13.82221672      1.03668325      1.95551988      0.99981522      0.90395550      0.47529815      0.47529815      0.66170936      0.93253371      1.80000000    -10.00000000
    -33.91304348      0.00000000      0.00000000      0.00000000      0.00000000      0.00046884      6.93006498      0.00006084     13.32427092      1.09560163      1.95626071      0.99981522      0.90376033      0.47563395      0.47563395      0.66097534      0.93018842      1.80000000    -10.00000000
    -34.08026756      0.00000000      0.00000000      0.00000000      0.00000000      0.00042930      6.99268957      0.00005888     12.83509681      1.15800613      1.95697639      0.99981522      0.90353644      0.47596068      0.47596068      0.66023870      0.92772006      1.80000000    -10.00000000
    -34.24749164      0.00000000      0.00000000      0.00000000      0.00000000      0.00039315      7.05375046      0.00005700     12.35528002      1.22407802      1.95766823      0.99981522      0.90328890      0.47627867      0.47627867      0.65949997      0.92512325      1.80000000    -10.00000000
    -34.41471572      0.00000000      0.00000000      0.00000000      0.00000000      0.00036011      7.11316276      0.00005519     11.88533198      1.29400419      1.95833742      0.99981522      0.90300678      0.47658824      0.47658824      0.65875962      0.92239238      1.80000000    -10.00000000
    -34.58193980      0.00000000      0.00000000      0.00000000      0.00000000      0.00032991      7.17083798      0.00005345     11.42570178      1.36797589      1.95898510      0.99981522      0.90270320      0.47688970      0.47688970      0.65801808      0.91952165      1.80000000    -10.00000000
    -34.74916388      0.00000000      0.00000000      0.00000000      0.00000000      0.00030230      7.22668398      0.00005178     10.97677617      1.44618825      1.95961234      0.99981522      0.90237021      0.47718333      0.47718333      0.65729879      0.91650508      1.80000000    -10.00000000
    -34.91638796      0.00000000      0.00000000      0.00000000      0.00000000      0.00027706      7.28060494      0.00005017     10.53888238      1.52883946      1.96022012      0.99981522      0.90202290      0.47746944      0.47746944      0.65653272      0.91333649      1.80000000    -10.00000000
    -35.08361204      0.00000000      0.00000000      0.00000000      0.00000000      0.00025399      7.33250134      0.00004861     10.11229103      1.61612985      1.96080940      0.99981522      0.90164819      0.47774829      0.47774829      0.65578947      0.91000956      1.80000000    -10.00000000
    -35.25083612      0.00000000      0.00000000      0.00000000      0.00000000      0.00023289      7.38226996      0.00004712      9.69721712      1.70826104      1.96138104      0.99981522      0.90125152      0.47802014      0.47802014      0.65504617      0.90651774      1.80000000    -10.00000000
    -35.41806020      0.00000000      0.00000000      0.00000000      0.00000000      0.00021359      7.42980414      0.00004567      9.29382999      1.80543358      1.96193588      0.99981522      0.90083294      0.47828523      0.47828523      0.65430331      0.90285443      1.80000000    -10.00000000
    -35.58528428      0.00000000      0.00000000      0.00000000      0.00000000      0.00019595      7.47499339      0.00004428      8.90224325      1.90784759      1.96247469      0.99981522      0.90029713      0.47854382      0.47854382      0.65356135      0.89901278      1.80000000    -10.00000000
    -35.75250836      0.00000000      0.00000000      0.00000000      0.00000000      0.00017981      7.51772395      0.00004293      8.52253000      2.01569918      1.96299820      0.99981522      0.89993808      0.47879612      0.47879612      0.65282074      0.89498589      1.80000000    -10.00000000
    -35.91973244      0.00000000      0.00000000      0.00000000      0.00000000      0.00016505      7.55787888      0.00004162      8.15472309      2.12917886      1.96350710      0.99981522      0.89946165      0.47904237      0.47904237      0.65208030      0.89076677      1.80000000    -10.00000000
    -36.08695652      0.00000000      0.00000000      0.00000000      0.00000000      0.00015155      7.59533793      0.00004036      7.79881236      2.24847074      1.96400204      0.99981522      0.89896684      0.47928276      0.47928276      0.65134117      0.88634830      1.80000000    -10.00000000
    -36.25418060      0.00000000      0.00000000      0.00000000      0.00000000      0.00013919      7.62997815      0.00003913      7.45475472      2.37374869      1.96448362      0.99981522      0.89845320      0.47951751      0.47951751      0.65060457      0.88172336      1.80000000    -10.00000000
    -36.42140468      0.00000000      0.00000000      0.00000000      0.00000000      0.00012789      7.66167398      0.00003795      7.12247359      2.50517459      1.96495243      0.99981522      0.89792550      0.47974680      0.47974680      0.64986923      0.87688480      1.80000000    -10.00000000
    -36.58862876      0.00000000      0.00000000      0.00000000      0.00000000      0.00011755      7.69029766      0.00003679      6.80186284      2.64289518      1.96540900      0.99981522      0.89738011      0.47997082      0.47997082      0.64913600      0.87182548      1.80000000    -10.00000000
    -36.75585284      0.00000000      0.00000000      0.00000000      0.00000000      0.00010808      7.71571957      0.00003567      6.49278882      2.78703936      1.96585384      0.99981522      0.89681904      0.48018976      0.48018976      0.64841226      0.86653834      1.80000000    -10.00000000
    -36.92307692      0.00000000      0.00000000      0.00000000      0.00000000      0.00009941      7.73780875      0.00003459      6.19509383      2.93771461      1.96628744      0.99981522      0.89624274      0.48040377      0.48040377      0.64767547      0.86101641      1.80000000    -10.00000000
    -37.09030100      0.00000000      0.00000000      0.00000000      0.00000000      0.00009148      7.75643339      0.00003353      5.90859850      3.09500363      1.96671025      0.99981522      0.89565188      0.48061303      0.48061303      0.64694916      0.85525284      1.80000000    -10.00000000
    -37.25752508      0.00000000      0.00000000      0.00000000      0.00000000      0.00008421      7.77146140      0.00003250      5.63310414      3.25896066      1.96712271      0.99981522      0.89504695      0.48081769      0.48081769      0.64622514      0.84924102      1.80000000    -10.00000000
    -37.42474916      0.00000000      0.00000000      0.00000000      0.00000000      0.00007756      7.78276113      0.00003150      5.36839536      3.42960750      1.96752522      0.99981522      0.89442843      0.48101791      0.48101791      0.64550144      0.84297457      1.80000000    -10.00000000
    -37.59197324      0.00000000      0.00000000      0.00000000      0.00000000      0.00007146      7.79020205      0.00003053      5.11424198      3.60692972      1.96791817      0.99981522      0.89379673      0.48121382      0.48121382      0.64478561      0.83644743      1.80000000    -10.00000000
    -37.75919732      0.00000000      0.00000000      0.00000000      0.00000000      0.00006588      7.79365556      0.00002958      4.87040151      3.79087235      1.96830193      0.99981522      0.89316657      0.48140556      0.48140556      0.64407016      0.82965390      1.80000000    -10.00000000
    -37.92642140      0.00000000      0.00000000      0.00000000      0.00000000      0.00006076      7.79299586      0.00002865      4.63662076      3.98133595      1.96867683      0.99981522      0.89259099      0.48159328      0.48159328      0.64335852      0.82258874      1.80000000    -10.00000000
    -38.09364548      0.00000000      0.00000000      0.00000000      0.00000000      0.00005607      7.78810093      0.00002775      4.41263819      4.17817216      1.96904321      0.99981522      0.89182781      0.48177709      0.48177709      0.64264854      0.81524721      1.80000000    -10.00000000
    -38.26086957      0.00000000      0.00000000      0.00000000      0.00000000      0.00005177      7.77885348      0.00002686      4.19818515      4.38118007      1.96940139      0.99981522      0.89114857      0.48195711      0.48195711      0.64194233      0.80762517      1.80000000    -10.00000000
    -38.42809365      0.00000000      0.00000000      0.00000000      0.00000000      0.00004782      7.76514206      0.00002600      3.99298771      4.59010211      1.96975165      0.99981522      0.89045854      0.48213348      0.48213348      0.64124104      0.79971911      1.80000000    -10.00000000
    -38.59531773      0.00000000      0.00000000      0.00000000      0.00000000      0.00004421      7.74686217      0.00002516      3.79676810      4.80462057      1.97009427      0.99981522      0.88975738      0.48230629      0.48230629      0.64053996      0.79152630      1.80000000    -10.00000000
    -38.76254181      0.00000000      0.00000000      0.00000000      0.00000000      0.00004089      7.72391745      0.00002433      3.60924609      5.02435436      1.97042954      0.99981522      0.88904616      0.48247565      0.48247565      0.63984487      0.78304478      1.80000000    -10.00000000
    -38.92976589      0.00000000      0.00000000      0.00000000      0.00000000      0.00003784      7.69622085      0.00002353      3.43014020      5.24885627      1.97075769      0.99981522      0.88832564      0.48264168      0.48264168      0.63915571      0.77427351      1.80000000    -10.00000000
    -39.09698997      0.00000000      0.00000000      0.00000000      0.00000000      0.00003505      7.66369594      0.00002274      3.25916889      5.47761084      1.97107897      0.99981522      0.88759549      0.48280446      0.48280446      0.63846370      0.76521241      1.80000000    -10.00000000
    -39.26421405      0.00000000      0.00000000      0.00000000      0.00000000      0.00003248      7.62627808      0.00002197      3.09605143      5.71003298      1.97139361      0.99981522      0.88685629      0.48296411      0.48296411      0.63777920      0.75586244      1.80000000    -10.00000000
    -39.43143813      0.00000000      0.00000000      0.00000000      0.00000000      0.00003012      7.58391572      0.00002121      2.94050901      5.94546724      1.97170183      0.99981522      0.88610843      0.48312070      0.48312070      0.63709803      0.74622568      1.80000000    -10.00000000
    -39.59866221      0.00000000      0.00000000      0.00000000      0.00000000      0.00002796      7.53657161      0.00002047      2.79226543      6.18318825      1.97200384      0.99981522      0.88535212      0.48327433      0.48327433      0.63642084      0.73630538      1.80000000    -10.00000000
    -39.76588629      0.00000000      0.00000000      0.00000000      0.00000000      0.00002597      7.48422398      0.00001975      2.65104789      6.42240202      1.97229983      0.99981522      0.88458773      0.48342508      0.48342508      0.63574701      0.72610603      1.80000000    -10.00000000
    -39.93311037      0.00000000      0.00000000      0.00000000      0.00000000      0.00002414      7.42686765      0.00001904      2.51658761      6.66224846      1.97259001      0.99981522      0.88381561      0.48357304      0.48357304      0.63507815      0.71563342      1.80000000    -10.00000000
    -40.10033445      0.00000000      0.00000000      0.00000000      0.00000000      0.00002245      7.36451512      0.00001835      2.38862041      6.90180503      1.97287455      0.99981522      0.88303612      0.48371828      0.48371828      0.63440979      0.70489465      1.80000000    -10.00000000
    -40.26755853      0.00000000      0.00000000      0.00000000      0.00000000      0.00002090      7.29719743      0.00001768      2.26688720      7.14009174      1.97315362      0.99981522      0.88224930      0.48386089      0.48386089      0.63392052      0.69389822      1.80000000    -10.00000000
    -40.43478261      0.00000000      0.00000000      0.00000000      0.00000000      0.00001948      7.22496503      0.00001701      2.15113441      7.37607732      1.97342739      0.99981522      0.88145565      0.48400093      0.48400093      0.63309188      0.68265397      1.80000000    -10.00000000
    -40.60200669      0.00000000      0.00000000      0.00000000      0.00000000      0.00001816      7.14788841      0.00001637      2.04111431      7.60868683      1.97369602      0.99981522      0.88070541      0.48413847      0.48413847      0.63243788      0.67117316      1.80000000    -10.00000000
    -40.76923077      0.00000000      0.00000000      0.00000000      0.00000000      0.00001695      7.06605858      0.00001573      1.93658536      7.83681028      1.97395967      0.99981522      0.87984882      0.48427358      0.48427358      0.63178411      0.65946844      1.80000000    -10.00000000
    -40.93645485      0.00000000      0.00000000      0.00000000      0.00000000      0.00001584      6.97958739      0.00001511      1.83731240      8.05931262      1.97421847      0.99981522      0.87903615      0.48440634      0.48440634      0.63114056      0.64755379      1.80000000    -10.00000000
    -41.10367893      0.00000000      0.00000000      0.00000000      0.00000000      0.00001481      6.88860757      0.00001451      1.74306687      8.27504473      1.97447257      0.99981522      0.87821740      0.48453679      0.48453679      0.63049258      0.63544454      1.80000000    -10.00000000
    -41.27090301      0.00000000      0.00000000      0.00000000      0.00000000      0.00001386      6.79327263      0.00001392      1.65362694      8.48285529      1.97472210      0.99981522      0.87739341      0.48466501      0.48466501      0.62986015      0.62315728      1.80000000    -10.00000000
    -41.43812709      0.00000000      0.00000000      0.00000000      0.00000000      0.00001298      6.69375646      0.00001335      1.56877762      8.68160333      1.97496720      0.99981522      0.87656413      0.48479105      0.48479105      0.62922854      0.61070978      1.80000000    -10.00000000
    -41.60535117      0.00000000      0.00000000      0.00000000      0.00000000      0.00001217      6.59025272      0.00001279      1.48831081      8.87017137      1.97520797      0.99981522      0.87572931      0.48491496      0.48491496      0.62859864      0.59812094      1.80000000    -10.00000000
    -41.77257525      0.00000000      0.00000000      0.00000000      0.00000000      0.00001142      6.48297397      0.00001224      1.41202536      9.04747870      1.97544456      0.99981522      0.87488991      0.48503681      0.48503681      0.62797323      0.58541066      1.80000000    -10.00000000
    -41.93979933      0.00000000      0.00000000      0.00000000      0.00000000      0.00001073      6.37215056      0.00001171      1.33972700      9.21249481      1.97567705      0.99981522      0.87404604      0.48515665      0.48515665      0.62734976      0.57259971      1.80000000    -10.00000000
    -42.10702341      0.00000000      0.00000000      0.00000000      0.00000000      0.00001009      6.25802923      0.00001119      1.27122838      9.36425224      1.97590558      0.99981522      0.87315542      0.48527452      0.48527452      0.62673414      0.55970962      1.80000000    -10.00000000
    -42.27424749      0.00000000      0.00000000      0.00000000      0.00000000      0.00000950      6.14087155      0.00001069      1.20634896      9.50185900      1.97613023      0.99981522      0.87234470      0.48539047      0.48539047      0.62612072      0.54676254      1.80000000    -10.00000000
    -42.44147157      0.00000000      0.00000000      0.00000000      0.00000000      0.00000895      6.02095259      0.00001020      1.14491510      9.62451027      1.97635112      0.99981522      0.87148808      0.48550457      0.48550457      0.62551159      0.53378108      1.80000000    -10.00000000
    -42.60869565      0.00000000      0.00000000      0.00000000      0.00000000      0.00000844      5.89855621      0.00000973      1.08675911      9.73149722      1.97656834      0.99981522      0.87062721      0.48561684      0.48561684      0.62490663      0.52078800      1.80000000    -10.00000000
    -42.77591973      0.00000000      0.00000000      0.00000000      0.00000000      0.00000797      5.77397815      0.00000927      1.03172083      9.82221834      1.97678198      0.99981522      0.86976285      0.48572733      0.48572733      0.62430468      0.50780639      1.80000000    -10.00000000
    -42.94314381      0.00000000      0.00000000      0.00000000      0.00000000      0.00000753      5.64751822      0.00000883      0.97964573      9.89618356      1.97699214      0.99981522      0.86889544      0.48583609      0.48583609      0.62370841      0.49485911      1.80000000    -10.00000000
    -43.11036789      0.00000000      0.00000000      0.00000000      0.00000000      0.00000713      5.51948029      0.00000840      0.93038562      9.95302039      1.97719891      0.99981522      0.86802405      0.48594316      0.48594316      0.62311569      0.48196879      1.80000000    -10.00000000
    -43.27759197      0.00000000      0.00000000      0.00000000      0.00000000      0.00000675      5.39016889      0.00000799      0.88379827      9.99247591      1.97740236      0.99981522      0.86714990      0.48604858      0.48604858      0.62252693      0.46915760      1.80000000    -10.00000000
    -43.44481605      0.00000000      0.00000000      0.00000000      0.00000000      0.00000640      5.25988608      0.00000759      0.83974714     10.01441657      1.97760258      0.99981522      0.86627286      0.48615239      0.48615239      0.62194192      0.45644704      1.80000000    -10.00000000
    -43.61204013      0.00000000      0.00000000      0.00000000      0.00000000      0.00000607      5.12892794      0.00000720      0.79810113     10.01882475      1.97779964      0.99981522      0.86539303      0.48625463      0.48625463      0.62136173      0.44385775      1.80000000    -10.00000000
    -43.77926421      0.00000000      0.00000000      0.00000000      0.00000000      0.00000577      4.99758070      0.00000683      0.75873421     10.00579206      1.97799363      0.99981522      0.86452056      0.48635532      0.48635532      0.62078482      0.43140925      1.80000000    -10.00000000
    -43.94648829      0.00000000      0.00000000      0.00000000      0.00000000      0.00000548      4.86611610      0.00000648      0.72152504      9.97550828      1.97818462      0.99981522      0.86362578      0.48645452      0.48645452      0.62021228      0.41911969      1.80000000    -10.00000000
    -44.11371237      0.00000000      0.00000000      0.00000000      0.00000000      0.00000522      4.73478583      0.00000613      0.68635640      9.92824529      1.97837267      0.99981522      0.86273868      0.48655224      0.48655224      0.61964585      0.40700554      1.80000000    -10.00000000
    -44.28093645      0.00000000      0.00000000      0.00000000      0.00000000      0.00000497      4.60381429      0.00000581      0.65311451      9.86433401      1.97855786      0.99981522      0.86184919      0.48664854      0.48664854      0.61907897      0.39508123      1.80000000    -10.00000000
    -44.44816054      0.00000000      0.00000000      0.00000000      0.00000000      0.00000474      4.47338892      0.00000549      0.62168806      9.78413188      1.97874026      0.99981522      0.86098362      0.48674342      0.48674342      0.61851806      0.38335860      1.80000000    -10.00000000
    -44.61538462      0.00000000      0.00000000      0.00000000      0.00000000      0.00000452      4.34364662      0.00000519      0.59196688      9.68797634      1.97891991      0.99981522      0.86006912      0.48683694      0.48683694      0.61796169      0.37184623      1.80000000    -10.00000000
    -44.78260870      0.00000000      0.00000000      0.00000000      0.00000000      0.00000432      4.21465387      0.00000490      0.56384001      9.57611710      1.97909690      0.99981522      0.85917051      0.48692912      0.48692912      0.61740913      0.36054840      1.80000000    -10.00000000
    -44.94983278      0.00000000      0.00000000      0.00000000      0.00000000      0.00000413      4.08637690      0.00000462      0.53719280      9.44861536      1.97927127      0.99981522      0.85827420      0.48701999      0.48701999      0.61686027      0.34946351      1.80000000    -10.00000000
    -45.11705686      0.00000000      0.00000000      0.00000000      0.00000000      0.00000395      3.95863647      0.00000435      0.51190275      9.30519092      1.97944310      0.99981522      0.85737723      0.48710957      0.48710957      0.61631530      0.33858180      1.80000000    -10.00000000
    -45.28428094      0.00000000      0.00000000      0.00000000      0.00000000      0.00000378      3.83103729      0.00000409      0.48783307      9.14498560      1.97961242      0.99981522      0.85648097      0.48719789      0.48719789      0.61577417      0.32788159      1.80000000    -10.00000000
    -45.45150502      0.00000000      0.00000000      0.00000000      0.00000000      0.00000362      3.70286126      0.00000384      0.46482346      8.96619851      1.97977930      0.99981522      0.85557747      0.48728499      0.48728499      0.61523706      0.31732388      1.80000000    -10.00000000
    -45.61872910      0.00000000      0.00000000      0.00000000      0.00000000      0.00000347      3.57290749      0.00000360      0.44267701      8.76552804      1.97994379      0.99981522      0.85471595      0.48737089      0.48737089      0.61452230      0.30684416      1.80000000    -10.00000000
    -45.78595318      0.00000000      0.00000000      0.00000000      0.00000000      0.00000332      3.43926985      0.00000336      0.42114391      8.53735795      1.98010595      0.99981522      0.85377504      0.48745560      0.48745560      0.61417512      0.29634149      1.80000000    -10.00000000
    -45.95317726      0.00000000      0.00000000      0.00000000      0.00000000      0.00000319      3.29907283      0.00000312      0.39990646      8.27269284      1.98026582      0.99981522      0.85287209      0.48753917      0.48753917      0.61364904      0.28566656      1.80000000    -10.00000000
    -46.12040134      0.00000000      0.00000000      0.00000000      0.00000000      0.00000305      3.14828512      0.00000288      0.37858117      7.95812244      1.98042344      0.99981522      0.85196804      0.48762161      0.48762161      0.61312710      0.27461652      1.80000000    -10.00000000
    -46.28762542      0.00000000      0.00000000      0.00000000      0.00000000      0.00000292      2.98194779      0.00000262      0.35677400      7.57579802      1.98057888      0.99981522      0.85105997      0.48770294      0.48770294      0.61260905      0.26295757      1.80000000    -10.00000000
    -46.45484950      0.00000000      0.00000000      0.00000000      0.00000000      0.00000280      2.79544826      0.00000236      0.33424363      7.10659043      1.98073216      0.99981522      0.85015941      0.48778318      0.48778318      0.61209471      0.25051169      1.80000000    -10.00000000
    -46.62207358      0.00000000      0.00000000      0.00000000      0.00000000      0.00000267      2.58739290      0.00000207      0.31119137      6.53911130      1.98088335      0.99981522      0.84937141      0.48786237      0.48786237      0.61158574      0.23733482      1.80000000    -10.00000000
    -46.78929766      0.00000000      0.00000000      0.00000000      0.00000000      0.00000255      2.36324918      0.00000178      0.28852959      5.88369537      1.98103247      0.99981522      0.84834938      0.48794051      0.48794051      0.61107719      0.22392159      1.80000000    -10.00000000
    -46.95652174      0.00000000      0.00000000      0.00000000      0.00000000      0.00000244      2.13752842      0.00000150      0.26785672      5.18492831      1.98117958      0.99981522      0.84744182      0.48801766      0.48801766      0.61059152      0.21126734      1.80000000    -10.00000000
    -47.12374582      0.00000000      0.00000000      0.00000000      0.00000000      0.00000234      1.92484310      0.00000124      0.25050294      4.49572093      1.98132471      0.99981522      0.84656470      0.48809381      0.48809381      0.61007474      0.20032175      1.80000000    -10.00000000
    -47.29096990      0.00000000      0.00000000      0.00000000      0.00000000      0.00000224      1.73998985      0.00000103      0.23735670      3.87715755      1.98146791      0.99981522      0.84563312      0.48816898      0.48816898      0.60957853      0.19182560      1.80000000    -10.00000000
    -47.45819398      0.00000000      0.00000000      0.00000000      0.00000000      0.00000216      1.58822647      0.00000086      0.22822796      3.35952223      1.98160920      0.99981522      0.84472796      0.48824319      0.48824319      0.60908613      0.18581889      1.80000000    -10.00000000
    -47.62541806      0.00000000      0.00000000      0.00000000      0.00000000      0.00000208      1.46798129      0.00000073      0.22229895      2.94662688      1.98174863      0.99981522      0.84366867      0.48831645      0.48831645      0.60859760      0.18186954      1.80000000    -10.00000000
    -47.79264214      0.00000000      0.00000000      0.00000000      0.00000000      0.00000202      1.37415666      0.00000063      0.21857845      2.62595125      1.98188624      0.99981522      0.84291882      0.48838879      0.48838879      0.60811199      0.17937167      1.80000000    -10.00000000
    -47.95986622      0.00000000      0.00000000      0.00000000      0.00000000      0.00000195      1.30094156      0.00000055      0.21620594      2.37941105      1.98202206      0.99981522      0.84201482      0.48846023      0.48846023      0.60763023      0.17777083      1.80000000    -10.00000000
    -48.12709030      0.00000000      0.00000000      0.00000000      0.00000000      0.00000190      1.24321991      0.00000049      0.21455781      2.18964196      1.98215612      0.99981522      0.84111410      0.48853077      0.48853077      0.60715205      0.17665508      1.80000000    -10.00000000
    -48.29431438      0.00000000      0.00000000      0.00000000      0.00000000      0.00000184      1.19697262      0.00000045      0.21323397      2.04236592      1.98228846      0.99981522      0.84020826      0.48860045      0.48860045      0.60667753      0.17575667      1.80000000    -10.00000000
    -48.46153846      0.00000000      0.00000000      0.00000000      0.00000000      0.00000179      1.15921077      0.00000041      0.21200166      1.92666879      1.98241911      0.99981522      0.83930522      0.48866926      0.48866926      0.60620913      0.17491862      1.80000000    -10.00000000
    -48.62876254      0.00000000      0.00000000      0.00000000      0.00000000      0.00000174      1.12776561      0.00000038      0.21073837      1.83449098      1.98254811      0.99981522      0.83840345      0.48873724      0.48873724      0.60573815      0.17405773      1.80000000    -10.00000000
    -48.79598662      0.00000000      0.00000000      0.00000000      0.00000000      0.00000170      1.10107577      0.00000035      0.20938822      1.75996354      1.98267548      0.99981522      0.83750203      0.48880439      0.48880439      0.60527342      0.17313565      1.80000000    -10.00000000
    -48.96321070      0.00000000      0.00000000      0.00000000      0.00000000      0.00000165      1.07801523      0.00000033      0.20793288      1.69882301      1.98280125      0.99981522      0.83660233      0.48887074      0.48887074      0.60481263      0.17213943      1.80000000    -10.00000000
    -49.13043478      0.00000000      0.00000000      0.00000000      0.00000000      0.00000161      1.05776606      0.00000031      0.20637370      1.64795905      1.98292546      0.99981522      0.83570321      0.48893629      0.48893629      0.60435470      0.17106946      1.80000000    -10.00000000
    -49.29765886      0.00000000      0.00000000      0.00000000      0.00000000      0.00000157      1.03972801      0.00000030      0.20472135      1.60508435      1.98304813      0.99981522      0.83480493      0.48900106      0.48900106      0.60379773      0.16993253      1.80000000    -10.00000000
    -49.46488294      0.00000000      0.00000000      0.00000000      0.00000000      0.00000153      1.02345529      0.00000028      0.20299007      1.56849983      1.98316913      0.99981522      0.83390776      0.48906507      0.48906507      0.60344931      0.16873794      1.80000000    -10.00000000
    -49.63210702      0.00000000      0.00000000      0.00000000      0.00000000      0.00000149      1.00861268      0.00000027      0.20119466      1.53692933      1.98328896      0.99981522      0.83302009      0.48912832      0.48912832      0.60300146      0.16749547      1.80000000    -10.00000000
    -49.79933110      0.00000000      0.00000000      0.00000000      0.00000000      0.00000146      0.99494481      0.00000026      0.19934906      1.50940335      1.98340719      0.99981522      0.83211922      0.48919084      0.48919084      0.60255687      0.16621438      1.80000000    -10.00000000
    -49.96655518      0.00000000      0.00000000      0.00000000      0.00000000      0.00000142      0.98225475      0.00000025      0.19746568      1.48517685      1.98352398      0.99981522      0.83144074      0.48925263      0.48925263      0.60211543      0.16490299      1.80000000    -10.00000000
    -50.13377926      0.00000000      0.00000000      0.00000000      0.00000000      0.00000139      0.97038869      0.00000024      0.19555527      1.46367089      1.98363937      0.99981522      0.83033130      0.48931371      0.48931371      0.60167726      0.16356857      1.80000000    -10.00000000
    -50.30100334      0.00000000      0.00000000      0.00000000      0.00000000      0.00000136      0.95922510      0.00000023      0.19362698      1.44443069      1.98375338      0.99981522      0.82944039      0.48937409      0.48937409      0.60124227      0.16221733      1.80000000    -10.00000000
    -50.46822742      0.00000000      0.00000000      0.00000000      0.00000000      0.00000132      0.94866687      0.00000022      0.19168847      1.42709532      1.98386604      0.99981522      0.82855832      0.48943378      0.48943378      0.60081031      0.16085452      1.80000000    -10.00000000
    -50.63545151      0.00000000      0.00000000      0.00000000      0.00000000      0.00000129      0.93863555      0.00000022      0.18974614      1.41137549      1.98397736      0.99981522      0.82766300      0.48949280      0.48949280      0.60038196      0.15948456      1.80000000    -10.00000000
    -50.80267559      0.00000000      0.00000000      0.00000000      0.00000000      0.00000126      0.92906711      0.00000021      0.18780525      1.39703713      1.98408738      0.99981522      0.82677659      0.48955115      0.48955115      0.59995598      0.15811115      1.80000000    -10.00000000
    -50.96989967      0.00000000      0.00000000      0.00000000      0.00000000      0.00000123      0.91990878      0.00000020      0.18587018      1.38388921      1.98419611      0.99981522      0.82589172      0.48960885      0.48960885      0.59953347      0.15673737      1.80000000    -10.00000000
    -51.13712375      0.00000000      0.00000000      0.00000000      0.00000000      0.00000120      0.91111667      0.00000020      0.18394449      1.37177448      1.98430358      0.99981522      0.82500855      0.48966590      0.48966590      0.59911339      0.15536580      1.80000000    -10.00000000
    -51.30434783      0.00000000      0.00000000      0.00000000      0.00000000      0.00000118      0.90265396      0.00000019      0.18203110      1.36056248      1.98440980      0.99981522      0.82412812      0.48972233      0.48972233      0.59869736      0.15399857      1.80000000    -10.00000000
    -51.47157191      0.00000000      0.00000000      0.00000000      0.00000000      0.00000115      0.89448948      0.00000018      0.18013240      1.35014419      1.98451481      0.99981522      0.82324623      0.48977814      0.48977814      0.59818683      0.15263745      1.80000000    -10.00000000
    -51.63879599      0.00000000      0.00000000      0.00000000      0.00000000      0.00000112      0.88659667      0.00000018      0.17825030      1.34042780      1.98461861      0.99981522      0.82236933      0.48983333      0.48983333      0.59787314      0.15128390      1.80000000    -10.00000000
    -51.80602007      0.00000000      0.00000000      0.00000000      0.00000000      0.00000110      0.87895270      0.00000017      0.17638636      1.33133556      1.98472121      0.99981522      0.82149379      0.48988793      0.48988793      0.59746560      0.14993914      1.80000000    -10.00000000
    -51.97324415      0.00000000      0.00000000      0.00000000      0.00000000      0.00000107      0.87153785      0.00000017      0.17454181      1.32280112      1.98482266      0.99981522      0.82061861      0.48994193      0.48994193      0.59706090      0.14860417      1.80000000    -10.00000000
    -52.14046823      0.00000000      0.00000000      0.00000000      0.00000000      0.00000105      0.86433492      0.00000016      0.17271762      1.31476760      1.98492302      0.99981522      0.81974727      0.48999536      0.48999536      0.59665901      0.14727980      1.80000000    -10.00000000
    -52.30769231      0.00000000      0.00000000      0.00000000      0.00000000      0.00000103      0.85732886      0.00000016      0.17091455      1.30718591      1.98502222      0.99981522      0.81887558      0.49004821      0.49004821      0.59626017      0.14596671      1.80000000    -10.00000000
    -52.47491639      0.00000000      0.00000000      0.00000000      0.00000000      0.00000101      0.85050638      0.00000015      0.16913317      1.30001350      1.98512031      0.99981522      0.81782097      0.49010050      0.49010050      0.59586397      0.14466545      1.80000000    -10.00000000
    -52.64214047      0.00000000      0.00000000      0.00000000      0.00000000      0.00000098      0.84385573      0.00000015      0.16737392      1.29321324      1.98521732      0.99981522      0.81714076      0.49015224      0.49015224      0.59547080      0.14337644      1.80000000    -10.00000000
    -52.80936455      0.00000000      0.00000000      0.00000000      0.00000000      0.00000096      0.83736644      0.00000015      0.16563707      1.28675265      1.98531326      0.99981522      0.81627596      0.49020344      0.49020344      0.59508007      0.14210004      1.80000000    -10.00000000
    -52.97658863      0.00000000      0.00000000      0.00000000      0.00000000      0.00000094      0.83102911      0.00000014      0.16392282      1.28060313      1.98540814      0.99981522      0.81541336      0.49025410      0.49025410      0.59469273      0.14083650      1.80000000    -10.00000000
    -53.14381271      0.00000000      0.00000000      0.00000000      0.00000000      0.00000092      0.82483531      0.00000014      0.16223128      1.27473942      1.98550199      0.99981522      0.81455310      0.49030423      0.49030423      0.59430772      0.13958605      1.80000000    -10.00000000
    -53.31103679      0.00000000      0.00000000      0.00000000      0.00000000      0.00000090      0.81877742      0.00000014      0.16056246      1.26913910      1.98559483      0.99981522      0.81369530      0.49035384      0.49035384      0.59392552      0.13834883      1.80000000    -10.00000000
    -53.47826087      0.00000000      0.00000000      0.00000000      0.00000000      0.00000088      0.81284853      0.00000013      0.15891633      1.26378221      1.98568666      0.99981522      0.81284006      0.49040295      0.49040295      0.59354645      0.13712494      1.80000000    -10.00000000
    -53.64548495      0.00000000      0.00000000      0.00000000      0.00000000      0.00000087      0.80704233      0.00000013      0.15729280      1.25865090      1.98577750      0.99981522      0.81198508      0.49045155      0.49045155      0.59316917      0.13591444      1.80000000    -10.00000000
    -53.81270903      0.00000000      0.00000000      0.00000000      0.00000000      0.00000085      0.80135307      0.00000013      0.15569175      1.25372917      1.98586737      0.99981522      0.81113374      0.49049966      0.49049966      0.59278952      0.13471736      1.80000000    -10.00000000
    -53.97993311      0.00000000      0.00000000      0.00000000      0.00000000      0.00000083      0.79577547      0.00000012      0.15411300      1.24900259      1.98595628      0.99981522      0.81028412      0.49054728      0.49054728      0.59242497      0.13353371      1.80000000    -10.00000000
    -54.14715719      0.00000000      0.00000000      0.00000000      0.00000000      0.00000081      0.79030467      0.00000012      0.15255635      1.24445818      1.98604425      0.99981522      0.80943700      0.49059441      0.49059441      0.59205963      0.13236347      1.80000000    -10.00000000
    -54.31438127      0.00000000      0.00000000      0.00000000      0.00000000      0.00000080      0.78493618      0.00000012      0.15102160      1.24008414      1.98613130      0.99981522      0.80859223      0.49064108      0.49064108      0.59169350      0.13120657      1.80000000    -10.00000000
    -54.48160535      0.00000000      0.00000000      0.00000000      0.00000000      0.00000078      0.77966587      0.00000011      0.14950849      1.23586977      1.98621744      0.99981522      0.80773633      0.49068728      0.49068728      0.59132659      0.13006297      1.80000000    -10.00000000
    -54.64882943      0.00000000      0.00000000      0.00000000      0.00000000      0.00000076      0.77448986      0.00000011      0.14801676      1.23180533      1.98630268      0.99981522      0.80690980      0.49073303      0.49073303      0.59095890      0.12893258      1.80000000    -10.00000000
    -54.81605351      0.00000000      0.00000000      0.00000000      0.00000000      0.00000075      0.76940457      0.00000011      0.14654616      1.22788192      1.98638703      0.99981522      0.80607156      0.49077832      0.49077832      0.59060458      0.12781531      1.80000000    -10.00000000
    -54.98327759      0.00000000      0.00000000      0.00000000      0.00000000      0.00000073      0.76440666      0.00000011      0.14509638      1.22409140      1.98647051      0.99981522      0.80523673      0.49082317      0.49082317      0.59024838      0.12671107      1.80000000    -10.00000000
    -55.15050167      0.00000000      0.00000000      0.00000000      0.00000000      0.00000072      0.75949300      0.00000010      0.14366716      1.22042629      1.98655313      0.99981522      0.80440450      0.49086758      0.49086758      0.58989413      0.12561973      1.80000000    -10.00000000
    -55.31772575      0.00000000      0.00000000      0.00000000      0.00000000      0.00000071      0.75466065      0.00000010      0.14225818      1.21687974      1.98663490      0.99981522      0.80357235      0.49091155      0.49091155      0.58954339      0.12454118      1.80000000    -10.00000000
    -55.48494983      0.00000000      0.00000000      0.00000000      0.00000000      0.00000069      0.74990686      0.00000010      0.14086916      1.21344539      1.98671585      0.99981522      0.80295432      0.49095511      0.49095511      0.58919503      0.12347530      1.80000000    -10.00000000
    -55.65217391      0.00000000      0.00000000      0.00000000      0.00000000      0.00000068      0.74522905      0.00000010      0.13949979      1.21011741      1.98679597      0.99981522      0.80191967      0.49099824      0.49099824      0.58884751      0.12242195      1.80000000    -10.00000000
    -55.81939799      0.00000000      0.00000000      0.00000000      0.00000000      0.00000066      0.74062476      0.00000009      0.13814976      1.20689038      1.98687527      0.99981522      0.80109934      0.49104096      0.49104096      0.58850413      0.12138100      1.80000000    -10.00000000
    -55.98662207      0.00000000      0.00000000      0.00000000      0.00000000      0.00000065      0.73609169      0.00000009      0.13681877      1.20375929      1.98695379      0.99981522      0.80027638      0.49108327      0.49108327      0.58816279      0.12035232      1.80000000    -10.00000000
    -56.15384615      0.00000000      0.00000000      0.00000000      0.00000000      0.00000064      0.73162766      0.00000009      0.13550652      1.20071948      1.98703152      0.99981522      0.79945844      0.49112518      0.49112518      0.58782330      0.11933575      1.80000000    -10.00000000
    -56.32107023      0.00000000      0.00000000      0.00000000      0.00000000      0.00000063      0.72723060      0.00000009      0.13421270      1.19776661      1.98710847      0.99981522      0.79864294      0.49116670      0.49116670      0.58748626      0.11833115      1.80000000    -10.00000000
    -56.48829431      0.00000000      0.00000000      0.00000000      0.00000000      0.00000061      0.72289856      0.00000009      0.13293700      1.19489666      1.98718466      0.99981522      0.79783050      0.49120782      0.49120782      0.58715169      0.11733839      1.80000000    -10.00000000
    -56.65551839      0.00000000      0.00000000      0.00000000      0.00000000      0.00000060      0.71862967      0.00000009      0.13167914      1.19210583      1.98726010      0.99981522      0.79699300      0.49124857      0.49124857      0.58681960      0.11635731      1.80000000    -10.00000000
    -56.82274247      0.00000000      0.00000000      0.00000000      0.00000000      0.00000059      0.71442216      0.00000008      0.13043881      1.18939063      1.98733480      0.99981522      0.79621195      0.49128893      0.49128893      0.58650785      0.11538777      1.80000000    -10.00000000
    -56.98996656      0.00000000      0.00000000      0.00000000      0.00000000      0.00000058      0.71027433      0.00000008      0.12921572      1.18674773      1.98740877      0.99981522      0.79540676      0.49132892      0.49132892      0.58616137      0.11442961      1.80000000    -10.00000000
    -57.15719064      0.00000000      0.00000000      0.00000000      0.00000000      0.00000057      0.70618460      0.00000008      0.12800957      1.18417406      1.98748201      0.99981522      0.79460423      0.49136854      0.49136854      0.58583603      0.11348270      1.80000000    -10.00000000
    -57.32441472      0.00000000      0.00000000      0.00000000      0.00000000      0.00000056      0.70215141      0.00000008      0.12682009      1.18166671      1.98755455      0.99981522      0.79380419      0.49140780      0.49140780      0.58551235      0.11254688      1.80000000    -10.00000000
    -57.49163880      0.00000000      0.00000000      0.00000000      0.00000000      0.00000055      0.69817329      0.00000008      0.12564698      1.17922294      1.98762639      0.99981522      0.79300693      0.49144669      0.49144669      0.58519298      0.11162201      1.80000000    -10.00000000
    -57.65886288      0.00000000      0.00000000      0.00000000      0.00000000      0.00000054      0.69424886      0.00000008      0.12448997      1.17684020      1.98769753      0.99981522      0.79221224      0.49148524      0.49148524      0.58487217      0.11070794      1.80000000    -10.00000000
    -57.82608696      0.00000000      0.00000000      0.00000000      0.00000000      0.00000053      0.69037675      0.00000007      0.12334878      1.17451605      1.98776800      0.99981522      0.79142019      0.49152344      0.49152344      0.58455525      0.10980453      1.80000000    -10.00000000
    -57.99331104      0.00000000      0.00000000      0.00000000      0.00000000      0.00000052      0.68655568      0.00000007      0.12222314      1.17224823      1.98783779      0.99981522      0.79063080      0.49156129      0.49156129      0.58425081      0.10891162      1.80000000    -10.00000000
    -58.16053512      0.00000000      0.00000000      0.00000000      0.00000000      0.00000051      0.68278441      0.00000007      0.12111279      1.17003456      1.98790692      0.99981522      0.78982184      0.49159880      0.49159880      0.58392789      0.10802909      1.80000000    -10.00000000
    -58.32775920      0.00000000      0.00000000      0.00000000      0.00000000      0.00000050      0.67906176      0.00000007      0.12001746      1.16787302      1.98797540      0.99981522      0.78906031      0.49163598      0.49163598      0.58361795      0.10715678      1.80000000    -10.00000000
    -58.49498328      0.00000000      0.00000000      0.00000000      0.00000000      0.00000049      0.67538658      0.00000007      0.11893689      1.16576168      1.98804323      0.99981522      0.78827854      0.49167283      0.49167283      0.58330892      0.10629455      1.80000000    -10.00000000
    -58.66220736      0.00000000      0.00000000      0.00000000      0.00000000      0.00000048      0.67175778      0.00000007      0.11787084      1.16369870      1.98811043      0.99981522      0.78750002      0.49170936      0.49170936      0.58300184      0.10544227      1.80000000    -10.00000000
    -58.82943144      0.00000000      0.00000000      0.00000000      0.00000000      0.00000047      0.66817430      0.00000007      0.11681904      1.16168235      1.98817700      0.99981522      0.78666491      0.49174556      0.49174556      0.58269820      0.10459980      1.80000000    -10.00000000
    -58.99665552      0.00000000      0.00000000      0.00000000      0.00000000      0.00000047      0.66463512      0.00000006      0.11578127      1.15971100      1.98824295      0.99981522      0.78595050      0.49178144      0.49178144      0.58239633      0.10376699      1.80000000    -10.00000000
    -59.16387960      0.00000000      0.00000000      0.00000000      0.00000000      0.00000046      0.66113926      0.00000006      0.11475727      1.15778307      1.98830829      0.99981522      0.78517986      0.49181702      0.49181702      0.58209560      0.10294373      1.80000000    -10.00000000
    -59.33110368      0.00000000      0.00000000      0.00000000      0.00000000      0.00000045      0.65768577      0.00000006      0.11374681      1.15589709      1.98837303      0.99981522      0.78441201      0.49185228      0.49185228      0.58179725      0.10212986      1.80000000    -10.00000000
    -59.49832776      0.00000000      0.00000000      0.00000000      0.00000000      0.00000044      0.65427374      0.00000006      0.11274966      1.15405163      1.98843718      0.99981522      0.78364667      0.49188724      0.49188724      0.58150090      0.10132527      1.80000000    -10.00000000
    -59.66555184      0.00000000      0.00000000      0.00000000      0.00000000      0.00000043      0.65090230      0.00000006      0.11176560      1.15224535      1.98850074      0.99981522      0.78288420      0.49192190      0.49192190      0.58121115      0.10052982      1.80000000    -10.00000000
    -59.83277592      0.00000000      0.00000000      0.00000000      0.00000000      0.00000043      0.64757058      0.00000006      0.11079440      1.15047697      1.98856372      0.99981522      0.78211895      0.49195626      0.49195626      0.58091405      0.09974339      1.80000000    -10.00000000
    -60.00000000      0.00000000      0.00000000      0.00000000      0.00000000      0.00000042      0.64427776      0.00000006      0.10983584      1.14874527      1.98862612      0.99981522      0.78137480      0.49199032      0.49199032      0.58043529      0.09896584      1.80000000    -10.00000000
