    -10.00000000     -0.00000000     -0.00000000      0.00000000      0.00000000      0.02199017      0.00000206      0.01197620      0.00000000      2.58661636      0.00000000      0.99982214      0.50003373      0.50004465      0.50004465      0.49999441      0.00000000      3.20000000    -10.00000000
     -9.83277592     -0.00000000     -0.00000000      0.00000000      0.00000000      0.02192182      0.08784639      0.01194793      0.00090617      2.58855635      0.00000000      0.99982214      0.50287200      0.49950666      0.49950666      0.50097767      0.00090535      3.20000000    -10.00000000
     -9.66555184     -0.00000000     -0.00000000      0.00000000      0.00000000      0.02199238      0.17519787      0.01190659      0.00362846      2.57132402      0.00000000      0.99982214      0.50595918      0.49902710      0.49902710      0.50222762      0.00361534      3.20000000    -10.00000000
     -9.49832776     -0.00000000     -0.00000000      0.00000000      0.00000000      0.02211299      0.26117781      0.01183833      0.00815473      2.54263758      0.00000000      0.99982214      0.50986595      0.49854360      0.49854360      0.50380796      0.00808877      3.20000000    -10.00000000
     -9.33110368     -0.00000000     -0.00000000      0.00000000      0.00000000      0.02227313      0.34535594      0.01174386      0.01447718      2.50421317      0.00000000      0.99982214      0.51474114      0.49806348      0.49806348      0.50429858      0.01427059      3.20000000    -10.00000000
     -9.16387960     -0.00000000     -0.00000000      0.00000000      0.00000000      0.02247427      0.42722098      0.01162419      0.02258436      2.45651146      0.00000000      0.99982214      0.51593703      0.49758828      0.49758828      0.50509156      0.02208557      3.20000000    -10.00000000
     -8.99665552     -0.00000000     -0.00000000      0.00000000      0.00000000      0.02271779      0.50627431      0.01148059      0.03246037      2.40015773      0.00000000      0.99982214      0.51831908      0.49711292      0.49711292      0.50592194      0.03143982      3.20000000    -10.00000000
     -8.82943144     -0.00000000     -0.00000000      0.00000000      0.00000000      0.02300447      0.58205754      0.01131454      0.04408462      2.33596432      0.00000000      0.99982214      0.52079031      0.49663737      0.49663737      0.50676003      0.04222323      3.20000000    -10.00000000
     -8.66220736     -0.00000000     -0.00000000      0.00000000      0.00000000      0.02333479      0.65416307      0.01112771      0.05743152      2.26486997      0.00000000      0.99982214      0.52327164      0.49616866      0.49616866      0.50759556      0.05431228      3.20000000    -10.00000000
     -8.49498328     -0.00000000     -0.00000000      0.00000000      0.00000000      0.02370906      0.72223908      0.01092190      0.07246998      2.18788929      0.00000000      0.99982214      0.52572767      0.49570576      0.49570576      0.50842327      0.06757297      3.20000000    -10.00000000
     -8.32775920     -0.00000000     -0.00000000      0.00000000      0.00000000      0.02412751      0.78599200      0.01069903      0.08916293      2.10607302      0.00000000      0.99982214      0.52814110      0.49525087      0.49525087      0.50923718      0.08186372      3.20000000    -10.00000000
     -8.16053512     -0.00000000     -0.00000000      0.00000000      0.00000000      0.02459035      0.84518707      0.01046109      0.10746664      2.02047530      0.00000000      0.99982214      0.53049841      0.49480392      0.49480392      0.51003596      0.09703826      3.20000000    -10.00000000
     -7.99331104     -0.00000000     -0.00000000      0.00000000      0.00000000      0.02509775      0.89964733      0.01021007      0.12732996      1.93212630      0.00000000      0.99982214      0.53280248      0.49436620      0.49436620      0.51081492      0.11294826      3.20000000    -10.00000000
     -7.82608696     -0.00000000     -0.00000000      0.00000000      0.00000000      0.02564985      0.94925137      0.00994798      0.14869354      1.84200958      0.00000000      0.99982214      0.53501999      0.49393725      0.49393725      0.51157356      0.12944578      3.20000000    -10.00000000
     -7.65886288     -0.00000000     -0.00000000      0.00000000      0.00000000      0.02624677      0.99392997      0.00967679      0.17148889      1.75104418      0.00000000      0.99982214      0.53715190      0.49351976      0.49351976      0.51227025      0.14638541      3.20000000    -10.00000000
     -7.49163880     -0.00000000     -0.00000000      0.00000000      0.00000000      0.02688862      1.03366203      0.00939839      0.19563743      1.66007112      0.00000000      0.99982214      0.53927548      0.49311293      0.49311293      0.51299258      0.16362605      3.20000000    -10.00000000
     -7.32441472     -0.00000000     -0.00000000      0.00000000      0.00000000      0.02757544      1.06846989      0.00911460      0.22104948      1.56984430      0.00000000      0.99982214      0.54108484      0.49271476      0.49271476      0.51368213      0.18103237      3.20000000    -10.00000000
     -7.15719064     -0.00000000     -0.00000000      0.00000000      0.00000000      0.02830725      1.09841431      0.00882711      0.24762324      1.48102530      0.00000000      0.99982214      0.54285268      0.49233956      0.49233956      0.51431797      0.19847597      3.20000000    -10.00000000
     -6.98996656     -0.00000000     -0.00000000      0.00000000      0.00000000      0.02908402      1.12358939      0.00853753      0.27524372      1.39418162      0.00000000      0.99982214      0.54447538      0.49197562      0.49197562      0.51491819      0.21583617      3.20000000    -10.00000000
     -6.82274247     -0.00000000     -0.00000000      0.00000000      0.00000000      0.02990564      1.14411736      0.00824731      0.30378174      1.30978795      0.00000000      0.99982214      0.54589779      0.49162684      0.49162684      0.51548764      0.23300046      3.20000000    -10.00000000
     -6.65551839     -0.00000000     -0.00000000      0.00000000      0.00000000      0.03077194      1.16014367      0.00795780      0.33309295      1.22822977      0.00000000      0.99982214      0.54700854      0.49129518      0.49129518      0.51600908      0.24986476      3.20000000    -10.00000000
     -6.48829431     -0.00000000     -0.00000000      0.00000000      0.00000000      0.03168266      1.17183243      0.00767018      0.36301701      1.14980861      0.00000000      0.99982214      0.54768083      0.49098207      0.49098207      0.51649544      0.26633344      3.20000000    -10.00000000
     -6.32107023     -0.00000000     -0.00000000      0.00000000      0.00000000      0.03263746      1.17936148      0.00738553      0.39337636      1.07474920      0.00000000      0.99982214      0.54939038      0.49068898      0.49068898      0.51693055      0.28231881      3.20000000    -10.00000000
     -6.15384615     -0.00000000     -0.00000000      0.00000000      0.00000000      0.03363589      1.18291889      0.00710480      0.42397580      1.00320660      0.00000000      0.99982214      0.55091668      0.49041644      0.49041644      0.51731680      0.29774087      3.20000000    -10.00000000
     -5.98662207     -0.00000000     -0.00000000      0.00000000      0.00000000      0.03467738      1.18269948      0.00682879      0.45460205      0.93527414      0.00000000      0.99982214      0.55225522      0.49016674      0.49016674      0.51764714      0.31252675      3.20000000    -10.00000000
     -5.81939799     -0.00000000     -0.00000000      0.00000000      0.00000000      0.03576123      1.17890128      0.00655820      0.48502304      0.87099170      0.00000000      0.99982214      0.55340358      0.48994309      0.48994309      0.51789962      0.32660978      3.20000000    -10.00000000
     -5.65217391     -0.00000000     -0.00000000      0.00000000      0.00000000      0.03688662      1.17172308      0.00629364      0.51498792      0.81035336      0.00000000      0.99982214      0.55435894      0.48974077      0.48974077      0.51815810      0.33992873      3.20000000    -10.00000000
     -5.48494983     -0.00000000     -0.00000000      0.00000000      0.00000000      0.03805255      1.16136208      0.00603558      0.54422720      0.75331488      0.00000000      0.99982214      0.55511540      0.48956732      0.48956732      0.51830650      0.35242690      3.20000000    -10.00000000
     -5.31772575     -0.00000000     -0.00000000      0.00000000      0.00000000      0.03925788      1.14801199      0.00578442      0.57245325      0.69980063      0.00000000      0.99982214      0.55568713      0.48942435      0.48942435      0.51839835      0.36405105      3.20000000    -10.00000000
     -5.15050167     -0.00000000     -0.00000000      0.00000000      0.00000000      0.04050130      1.13186155      0.00554047      0.59936125      0.64970987      0.00000000      0.99982214      0.55603248      0.48930745      0.48930745      0.51842318      0.37475039      3.20000000    -10.00000000
     -4.98327759     -0.00000000     -0.00000000      0.00000000      0.00000000      0.04178129      1.11309330      0.00530398      0.62463056      0.60292240      0.00000000      0.99982214      0.55617925      0.48922388      0.48922388      0.51837189      0.38447545      3.20000000    -10.00000000
     -4.81605351     -0.00000000     -0.00000000      0.00000000      0.00000000      0.04309615      1.09188270      0.00507510      0.64792677      0.55930352      0.00000000      0.99982214      0.55612482      0.48917354      0.48917354      0.51820760      0.39317692      3.20000000    -10.00000000
     -4.64882943     -0.00000000     -0.00000000      0.00000000      0.00000000      0.04444397      1.06839746      0.00485394      0.66890429      0.51870834      0.00000000      0.99982214      0.55585731      0.48915858      0.48915858      0.51803177      0.40080446      3.20000000    -10.00000000
     -4.48160535     -0.00000000     -0.00000000      0.00000000      0.00000000      0.04582264      1.04279720      0.00464056      0.68720972      0.48098544      0.00000000      0.99982214      0.55537323      0.48917805      0.48917805      0.51768461      0.40730545      3.20000000    -10.00000000
     -4.31438127     -0.00000000     -0.00000000      0.00000000      0.00000000      0.04722979      1.01523316      0.00443496      0.70248605      0.44598002      0.00000000      0.99982214      0.55467632      0.48923633      0.48923633      0.51722612      0.41262367      3.20000000    -10.00000000
     -4.14715719     -0.00000000     -0.00000000      0.00000000      0.00000000      0.04866286      0.98584818      0.00423711      0.71437767      0.41353637      0.00000000      0.99982214      0.55376168      0.48933362      0.48933362      0.51693944      0.41669796      3.20000000    -10.00000000
     -3.97993311     -0.00000000     -0.00000000      0.00000000      0.00000000      0.05011900      0.95477673      0.00404694      0.72253639      0.38350006      0.00000000      0.99982214      0.55263190      0.48947629      0.48947629      0.51660893      0.41946074      3.20000000    -10.00000000
     -3.81270903     -0.00000000     -0.00000000      0.00000000      0.00000000      0.05159515      0.92214510      0.00386434      0.72662838      0.35571951      0.00000000      0.99982214      0.55127486      0.48965083      0.48965083      0.51617046      0.42083658      3.20000000    -10.00000000
     -3.64548495     -0.00000000     -0.00000000      0.00000000      0.00000000      0.05308800      0.88807158      0.00368919      0.72634212      0.33004733      0.00000000      0.99982214      0.54970246      0.48987361      0.48987361      0.51564521      0.42074054      3.20000000    -10.00000000
     -3.47826087     -0.00000000     -0.00000000      0.00000000      0.00000000      0.05459396      0.85266675      0.00352135      0.72139741      0.30634133      0.00000000      0.99982214      0.54790939      0.49014034      0.49014034      0.51494923      0.41907662      3.20000000    -10.00000000
     -3.31103679     -0.00000000     -0.00000000      0.00000000      0.00000000      0.05610920      0.81603378      0.00336064      0.71155532      0.28446518      0.00000000      0.99982214      0.54589762      0.49045300      0.49045300      0.51433200      0.41573609      3.20000000    -10.00000000
     -3.14381271     -0.00000000     -0.00000000      0.00000000      0.00000000      0.05762967      0.77826870      0.00320689      0.69662913      0.26428895      0.00000000      0.99982214      0.54367112      0.49081171      0.49081171      0.51353125      0.41059600      3.20000000    -10.00000000
     -2.97658863     -0.00000000     -0.00000000      0.00000000      0.00000000      0.05915105      0.73946080      0.00305990      0.67649617      0.24568944      0.00000000      0.99982214      0.54122417      0.49121339      0.49121339      0.51266764      0.40351787      3.20000000    -10.00000000
     -2.80936455     -0.00000000     -0.00000000      0.00000000      0.00000000      0.06066881      0.69969290      0.00291948      0.65111054      0.22855026      0.00000000      0.99982214      0.53856551      0.49167119      0.49167119      0.51170374      0.39434703      3.20000000    -10.00000000
     -2.64214047     -0.00000000     -0.00000000      0.00000000      0.00000000      0.06217820      0.65904172      0.00278542      0.62051654      0.21276195      0.00000000      0.99982214      0.53570486      0.49217419      0.49217419      0.51065590      0.38291281      3.20000000    -10.00000000
     -2.47491639     -0.00000000     -0.00000000      0.00000000      0.00000000      0.06367429      0.61757822      0.00265751      0.58486262      0.19822188      0.00000000      0.99982214      0.53267814      0.49272373      0.49272373      0.50951435      0.36903049      3.20000000    -10.00000000
     -2.30769231     -0.00000000     -0.00000000      0.00000000      0.00000000      0.06515198      0.57536795      0.00253553      0.54441584      0.18483410      0.00000000      0.99982214      0.52939572      0.49331767      0.49331767      0.50828972      0.35250600      3.20000000    -10.00000000
     -2.14046823     -0.00000000     -0.00000000      0.00000000      0.00000000      0.06660600      0.53247139      0.00241927      0.49957638      0.17250916      0.00000000      0.99982214      0.52602520      0.49397076      0.49397076      0.50698306      0.33314501      3.20000000    -10.00000000
     -1.97324415     -0.00000000     -0.00000000      0.00000000      0.00000000      0.06803099      0.48894424      0.00230852      0.45089201      0.16116385      0.00000000      0.99982214      0.52237936      0.49466714      0.49466714      0.50559239      0.31076883      3.20000000    -10.00000000
     -1.80602007     -0.00000000     -0.00000000      0.00000000      0.00000000      0.06942149      0.44483781      0.00220306      0.39907206      0.15072093      0.00000000      0.99982214      0.51838522      0.49541151      0.49541151      0.50412084      0.28524053      3.20000000    -10.00000000
     -1.63879599     -0.00000000     -0.00000000      0.00000000      0.00000000      0.07077200      0.40019931      0.00210268      0.34500068      0.14110884      0.00000000      0.99982214      0.51423021      0.49619996      0.49619996      0.50257041      0.25650595      3.20000000    -10.00000000
     -1.47157191     -0.00000000     -0.00000000      0.00000000      0.00000000      0.07207699      0.35507212      0.00200719      0.28974881      0.13226136      0.00000000      0.99982214      0.50990663      0.49703720      0.49703720      0.50094362      0.22465522      3.20000000    -10.00000000
     -1.30434783     -0.00000000     -0.00000000      0.00000000      0.00000000      0.07333096      0.30949610      0.00191637      0.23458455      0.12411734      0.00000000      0.99982214      0.50541784      0.49791832      0.49791832      0.49924339      0.19001092      3.20000000    -10.00000000
     -1.13712375     -0.00000000     -0.00000000      0.00000000      0.00000000      0.07452847      0.26350786      0.00183002      0.18098156      0.11662035      0.00000000      0.99982214      0.50077262      0.49884170      0.49884170      0.49747298      0.15324673      3.20000000    -10.00000000
     -0.96989967     -0.00000000     -0.00000000      0.00000000      0.00000000      0.07566417      0.21714101      0.00174795      0.13062486      0.10971837      0.00000000      0.99982214      0.49598838      0.49980410      0.49980410      0.49564677      0.11553334      3.20000000    -10.00000000
     -0.80267559     -0.00000000     -0.00000000      0.00000000      0.00000000      0.07673290      0.17042636      0.00166997      0.08541373      0.10336353      0.00000000      0.99982214      0.49104032      0.50081519      0.50081519      0.49373358      0.07869233      3.20000000    -10.00000000
     -0.63545151     -0.00000000     -0.00000000      0.00000000      0.00000000      0.07772963      0.12339219      0.00159589      0.04746132      0.09751178      0.00000000      0.99982214      0.48597149      0.50185502      0.50185502      0.49177291      0.04531081      3.20000000    -10.00000000
     -0.46822742     -0.00000000     -0.00000000      0.00000000      0.00000000      0.07864960      0.07606443      0.00152553      0.01909055      0.09212261      0.00000000      0.99982214      0.48077846      0.50293314      0.50293314      0.48975912      0.01873293      3.20000000    -10.00000000
     -0.30100334     -0.00000000     -0.00000000      0.00000000      0.00000000      0.07948832      0.02846683      0.00145872      0.00282611      0.08715881      0.00000000      0.99982214      0.47547029      0.50403743      0.50403743      0.48769714      0.00281814      3.20000000    -10.00000000
     -0.13377926     -0.00000000     -0.00000000      0.00000000      0.00000000      0.08024161     -0.01937884      0.00139529      0.00138220      0.08258622      0.00000000      0.99982214      0.47005768      0.50517609      0.50517609      0.48562771      0.00138029      3.20000000    -10.00000000
      0.03344482     -0.00000000     -0.00000000      0.00000000      0.00000000      0.08090563     -0.06745264      0.00133508      0.01764617      0.07837345      0.00000000      0.99982214      0.46455046      0.50633872      0.50633872      0.48347073      0.01734018      3.20000000    -10.00000000
      0.20066890     -0.00000000     -0.00000000      0.00000000      0.00000000      0.08147695     -0.11573630      0.00127791      0.05465786      0.07449174      0.00000000      0.99982214      0.45880429      0.50752353      0.50752353      0.48123649      0.05182520      3.20000000    -10.00000000
      0.36789298     -0.00000000     -0.00000000      0.00000000      0.00000000      0.08195256     -0.16421311      0.00122365      0.11558488      0.07091468      0.00000000      0.99982214      0.45329564      0.50872952      0.50872952      0.47896567      0.10360922      3.20000000    -10.00000000
      0.53511706     -0.00000000     -0.00000000      0.00000000      0.00000000      0.08232988     -0.21286774      0.00117214      0.20369417      0.06761805      0.00000000      0.99982214      0.44756747      0.50994620      0.50994620      0.47666179      0.16922419      3.20000000    -10.00000000
      0.70234114     -0.00000000     -0.00000000      0.00000000      0.00000000      0.08260685     -0.26168617      0.00112323      0.32232005      0.06457966      0.00000000      0.99982214      0.44185385      0.51117702      0.51117702      0.47433187      0.24375343      3.20000000    -10.00000000
      0.86956522     -0.00000000     -0.00000000      0.00000000      0.00000000      0.08278186     -0.31065553      0.00107680      0.47482954      0.06177916      0.00000000      0.99982214      0.43594462      0.51241329      0.51241329      0.47198116      0.32195554      3.20000000    -10.00000000
      1.03678930     -0.00000000     -0.00000000      0.00000000      0.00000000      0.08285384     -0.35976404      0.00103271      0.66458513      0.05919791      0.00000000      0.99982214      0.43011026      0.51365796      0.51365796      0.46960893      0.39924971      3.20000000    -10.00000000
      1.20401338     -0.00000000     -0.00000000      0.00000000      0.00000000      0.08282226     -0.40900086      0.00099083      0.89490597      0.05681886      0.00000000      0.99982214      0.42423373      0.51489834      0.51489834      0.46724683      0.47226933      3.20000000    -10.00000000
      1.37123746     -0.00000000     -0.00000000      0.00000000      0.00000000      0.08268710     -0.45835601      0.00095104      1.16902773      0.05462640      0.00000000      0.99982214      0.41834507      0.51612241      0.51612241      0.46485935      0.53896394      3.20000000    -10.00000000
      1.53846154     -0.00000000     -0.00000000      0.00000000      0.00000000      0.08244887     -0.50782028      0.00091323      1.49006179      0.05260625      0.00000000      0.99982214      0.41245631      0.51737019      0.51737019      0.46247931      0.59840354      3.20000000    -10.00000000
      1.70568562     -0.00000000     -0.00000000      0.00000000      0.00000000      0.08210861     -0.55738514      0.00087729      1.86095413      0.05074539      0.00000000      0.99982214      0.40657217      0.51858998      0.51858998      0.46010507      0.65046626      3.20000000    -10.00000000
      1.87290970     -0.00000000     -0.00000000      0.00000000      0.00000000      0.08166789     -0.60704266      0.00084312      2.28444406      0.04903198      0.00000000      0.99982214      0.40070601      0.51979493      0.51979493      0.45774057      0.69553447      3.20000000    -10.00000000
      2.04013378     -0.00000000     -0.00000000      0.00000000      0.00000000      0.08112875     -0.65678542      0.00081062      2.76302327      0.04745522      0.00000000      0.99982214      0.39486501      0.52098080      0.52098080      0.45546600      0.73425623      3.20000000    -10.00000000
      2.20735786     -0.00000000     -0.00000000      0.00000000      0.00000000      0.08049372     -0.70660652      0.00077970      3.29889550      0.04600534      0.00000000      0.99982214      0.38905612      0.52214438      0.52214438      0.45306166      0.76738211      3.20000000    -10.00000000
      2.37458194     -0.00000000     -0.00000000      0.00000000      0.00000000      0.07976576     -0.75649954      0.00075028      3.89393806      0.04467348      0.00000000      0.99982214      0.38329281      0.52328288      0.52328288      0.45075594      0.79566558      3.20000000    -10.00000000
      2.54180602     -0.00000000     -0.00000000      0.00000000      0.00000000      0.07894824     -0.80645857      0.00072228      4.54966719      0.04345162      0.00000000      0.99982214      0.37757758      0.52438829      0.52438829      0.44847681      0.81980901      3.20000000    -10.00000000
      2.70903010     -0.00000000     -0.00000000      0.00000000      0.00000000      0.07804490     -0.85647834      0.00069563      5.26721106      0.04233247      0.00000000      0.99982214      0.37191928      0.52547116      0.52547116      0.44622986      0.84043939      3.20000000    -10.00000000
      2.87625418     -0.00000000     -0.00000000      0.00000000      0.00000000      0.07705977     -0.90655431      0.00067025      6.04729514      0.04130932      0.00000000      0.99982214      0.36632415      0.52651938      0.52651938      0.44401798      0.85810159      3.20000000    -10.00000000
      3.04347826     -0.00000000     -0.00000000      0.00000000      0.00000000      0.07599719     -0.95668280      0.00064607      6.89024494      0.04037595      0.00000000      0.99982214      0.36080029      0.52752347      0.52752347      0.44184486      0.87326122      3.20000000    -10.00000000
      3.21070234     -0.00000000     -0.00000000      0.00000000      0.00000000      0.07486172     -1.00686109      0.00062303      7.79600869      0.03952650      0.00000000      0.99982214      0.35535782      0.52849293      0.52849293      0.43971322      0.88631207      3.20000000    -10.00000000
      3.37792642     -0.00000000     -0.00000000      0.00000000      0.00000000      0.07365812     -1.05708735      0.00060105      8.76419787      0.03875530      0.00000000      0.99982214      0.34998550      0.52942201      0.52942201      0.43762756      0.89758503      3.20000000    -10.00000000
      3.54515050     -0.00000000     -0.00000000      0.00000000      0.00000000      0.07239134     -1.10736057      0.00058007      9.79413821      0.03805690      0.00000000      0.99982214      0.34470733      0.53030674      0.53030674      0.43557963      0.90735712      3.20000000    -10.00000000
      3.71237458     -0.00000000     -0.00000000      0.00000000      0.00000000      0.07106648     -1.15768022      0.00056001     10.88492099      0.03742600      0.00000000      0.99982214      0.33952002      0.53114902      0.53114902      0.43360126      0.91585977      3.20000000    -10.00000000
      3.87959866     -0.00000000     -0.00000000      0.00000000      0.00000000      0.06968874     -1.20804607      0.00054081     12.03544668      0.03685754      0.00000000      0.99982214      0.33442918      0.53194547      0.53194547      0.43171027      0.92328610      3.20000000    -10.00000000
      4.04682274     -0.00000000     -0.00000000      0.00000000      0.00000000      0.06826344     -1.25845787      0.00052241     13.24445823      0.03634667      0.00000000      0.99982214      0.32943893      0.53269692      0.53269692      0.42978468      0.92979726      3.20000000    -10.00000000
      4.21404682     -0.00000000     -0.00000000      0.00000000      0.00000000      0.06679593     -1.30891524      0.00050474     14.51056697      0.03588890      0.00000000      0.99982214      0.32455220      0.53340158      0.53340158      0.42796007      0.93552782      3.20000000    -10.00000000
      4.38127090     -0.00000000     -0.00000000      0.00000000      0.00000000      0.06529156     -1.35941765      0.00048775     15.83227557      0.03548003      0.00000000      0.99982214      0.31975863      0.53405953      0.53405953      0.42619353      0.94059033      3.20000000    -10.00000000
      4.54849498     -0.00000000     -0.00000000      0.00000000      0.00000000      0.06375565     -1.40996437      0.00047139     17.20800083      0.03511619      0.00000000      0.99982214      0.31515738      0.53467456      0.53467456      0.42448611      0.94507909      3.20000000    -10.00000000
      4.71571906     -0.00000000     -0.00000000      0.00000000      0.00000000      0.06219343     -1.46055456      0.00045562     18.63609614      0.03479382      0.00000000      0.99982214      0.31054677      0.53523237      0.53523237      0.42283927      0.94907338      3.20000000    -10.00000000
      4.88294314     -0.00000000     -0.00000000      0.00000000      0.00000000      0.06061004     -1.51118730      0.00044040     20.11486985      0.03450968      0.00000000      0.99982214      0.30609961      0.53574328      0.53574328      0.42125418      0.95264001      3.20000000    -10.00000000
      5.05016722     -0.00000000     -0.00000000      0.00000000      0.00000000      0.05901043     -1.56186161      0.00042568     21.64260189      0.03426077      0.00000000      0.99982214      0.30176854      0.53620751      0.53620751      0.41973034      0.95583546      3.20000000    -10.00000000
      5.21739130     -0.00000000     -0.00000000      0.00000000      0.00000000      0.05739943     -1.61257650      0.00041145     23.21754911      0.03404441      0.00000000      0.99982214      0.29788855      0.53662542      0.53662542      0.41826926      0.95870763      3.20000000    -10.00000000
      5.38461538     -0.00000000     -0.00000000      0.00000000      0.00000000      0.05578163     -1.66333093      0.00039766     24.83794728      0.03385814      0.00000000      0.99982214      0.29345358      0.53699795      0.53699795      0.41687106      0.96129724      3.20000000    -10.00000000
      5.55183946     -0.00000000     -0.00000000      0.00000000      0.00000000      0.05416143     -1.71412386      0.00038430     26.50200582      0.03369979      0.00000000      0.99982214      0.28948311      0.53732599      0.53732599      0.41553436      0.96363902      3.20000000    -10.00000000
      5.71906355     -0.00000000     -0.00000000      0.00000000      0.00000000      0.05254299     -1.76495420      0.00037136     28.20789709      0.03356740      0.00000000      0.99982214      0.28562878      0.53761011      0.53761011      0.41426172      0.96576268      3.20000000    -10.00000000
      5.88628763     -0.00000000     -0.00000000      0.00000000      0.00000000      0.05093025     -1.81582085      0.00035880     29.95374444      0.03345926      0.00000000      0.99982214      0.28188743      0.53785169      0.53785169      0.41305126      0.96769373      3.20000000    -10.00000000
      6.05351171     -0.00000000     -0.00000000      0.00000000      0.00000000      0.04932689     -1.86672265      0.00034662     31.73760436      0.03337390      0.00000000      0.99982214      0.27826148      0.53805153      0.53805153      0.41190179      0.96945409      3.20000000    -10.00000000
      6.22073579     -0.00000000     -0.00000000      0.00000000      0.00000000      0.04773633     -1.91765845      0.00033480     33.55745044      0.03331003      0.00000000      0.99982214      0.27474675      0.53821288      0.53821288      0.41081454      0.97106268      3.20000000    -10.00000000
      6.38795987     -0.00000000     -0.00000000      0.00000000      0.00000000      0.04616173     -1.96862703      0.00032333     35.41115450      0.03326659      0.00000000      0.99982214      0.27140186      0.53833562      0.53833562      0.40977129      0.97253589      3.20000000    -10.00000000
      6.55518395     -0.00000000     -0.00000000      0.00000000      0.00000000      0.04460602     -2.01962716      0.00031221     37.29646796      0.03324269      0.00000000      0.99982214      0.26819246      0.53842314      0.53842314      0.40881939      0.97388793      3.20000000    -10.00000000
      6.72240803     -0.00000000     -0.00000000      0.00000000      0.00000000      0.04307183     -2.07065758      0.00030143     39.21100412      0.03323764      0.00000000      0.99982214      0.26508462      0.53846992      0.53846992      0.40791330      0.97513119      3.20000000    -10.00000000
      6.88963211     -0.00000000     -0.00000000      0.00000000      0.00000000      0.04156158     -2.12171699      0.00029097     41.15222071      0.03325088      0.00000000      0.99982214      0.26208448      0.53848597      0.53848597      0.40706280      0.97627646      3.20000000    -10.00000000
      7.05685619     -0.00000000     -0.00000000      0.00000000      0.00000000      0.04007740     -2.17280408      0.00028085     43.11740455      0.03328205      0.00000000      0.99982214      0.25920789      0.53846979      0.53846979      0.40626981      0.97733321      3.20000000    -10.00000000
      7.22408027     -0.00000000     -0.00000000      0.00000000      0.00000000      0.03862121     -2.22391753      0.00027104     45.10365652      0.03333091      0.00000000      0.99982214      0.25643068      0.53842243      0.53842243      0.40553278      0.97830975      3.20000000    -10.00000000
      7.39130435     -0.00000000     -0.00000000      0.00000000      0.00000000      0.03719468     -2.27505598      0.00026155     47.10788299      0.03339736      0.00000000      0.99982214      0.25386837      0.53834760      0.53834760      0.40484937      0.97921339      3.20000000    -10.00000000
      7.55852843     -0.00000000     -0.00000000      0.00000000      0.00000000      0.03579926     -2.32621808      0.00025237     49.12678685      0.03348143      0.00000000      0.99982214      0.25125953      0.53824486      0.53824486      0.40421949      0.98005059      3.20000000    -10.00000000
      7.72575251     -0.00000000     -0.00000000      0.00000000      0.00000000      0.03443619     -2.37740248      0.00024350     51.15686750      0.03358327      0.00000000      0.99982214      0.24883518      0.53811656      0.53811656      0.40364122      0.98082707      3.20000000    -10.00000000
      7.89297659     -0.00000000     -0.00000000      0.00000000      0.00000000      0.03310648     -2.42860780      0.00023493     53.19441947      0.03370313      0.00000000      0.99982214      0.24651468      0.53796430      0.53796430      0.40311350      0.98154792      3.20000000    -10.00000000
      8.06020067     -0.00000000     -0.00000000      0.00000000      0.00000000      0.03181097     -2.47983272      0.00022666     55.23555054      0.03384134      0.00000000      0.99982214      0.24431551      0.53778950      0.53778950      0.40263449      0.98221765      3.20000000    -10.00000000
      8.22742475     -0.00000000     -0.00000000      0.00000000      0.00000000      0.03055032     -2.53107589      0.00021869     57.27619201      0.03399834      0.00000000      0.99982214      0.24221753      0.53759443      0.53759443      0.40220081      0.98284033      3.20000000    -10.00000000
      8.39464883     -0.00000000     -0.00000000      0.00000000      0.00000000      0.02932502     -2.58233603      0.00021101     59.31212850      0.03417461      0.00000000      0.99982214      0.24022447      0.53737991      0.53737991      0.40181712      0.98341959      3.20000000    -10.00000000
      8.56187291     -0.00000000     -0.00000000      0.00000000      0.00000000      0.02813537     -2.63361189      0.00020361     61.33903240      0.03437068      0.00000000      0.99982214      0.23835807      0.53714775      0.53714775      0.40147619      0.98395869      3.20000000    -10.00000000
      8.72909699     -0.00000000     -0.00000000      0.00000000      0.00000000      0.02698157     -2.68490226      0.00019649     63.35250767      0.03458714      0.00000000      0.99982214      0.23654251      0.53689952      0.53689952      0.40117753      0.98446059      3.20000000    -10.00000000
      8.89632107     -0.00000000     -0.00000000      0.00000000      0.00000000      0.02586367     -2.73620601      0.00018964     65.34814224      0.03482458      0.00000000      0.99982214      0.23485353      0.53663557      0.53663557      0.40081890      0.98492799      3.20000000    -10.00000000
      9.06354515     -0.00000000     -0.00000000      0.00000000      0.00000000      0.02478157     -2.78752208      0.00018306     67.32158753      0.03508357      0.00000000      0.99982214      0.23325935      0.53635728      0.53635728      0.40070424      0.98536334      3.20000000    -10.00000000
      9.23076923     -0.00000000     -0.00000000      0.00000000      0.00000000      0.02373509     -2.83884951      0.00017673     69.26851783      0.03536473      0.00000000      0.99982214      0.23175926      0.53606764      0.53606764      0.40052452      0.98576888      3.20000000    -10.00000000
      9.39799331     -0.00000000     -0.00000000      0.00000000      0.00000000      0.02272394     -2.89018741      0.00017066     71.18490553      0.03566856      0.00000000      0.99982214      0.23035271      0.53576655      0.53576655      0.40038501      0.98614669      3.20000000    -10.00000000
      9.56521739     -0.00000000     -0.00000000      0.00000000      0.00000000      0.02174773     -2.94153504      0.00016482     73.06690059      0.03599556      0.00000000      0.99982214      0.22903029      0.53545554      0.53545554      0.40027775      0.98649869      3.20000000    -10.00000000
      9.73244147     -0.00000000     -0.00000000      0.00000000      0.00000000      0.02080602     -2.99289172      0.00015922     74.91090146      0.03634616      0.00000000      0.99982214      0.22780752      0.53513576      0.53513576      0.40020550      0.98682666      3.20000000    -10.00000000
      9.89966555     -0.00000000     -0.00000000      0.00000000      0.00000000      0.01989825     -3.04425745      0.00015384     76.71477616      0.03672022      0.00000000      0.99982214      0.22665252      0.53480823      0.53480823      0.40016611      0.98713243      3.20000000    -10.00000000
     10.06688963     -0.00000000     -0.00000000      0.00000000      0.00000000      0.01902384     -3.09563067      0.00014868     78.47357851      0.03711901      0.00000000      0.99982214      0.22560167      0.53447335      0.53447335      0.40015759      0.98741720      3.20000000    -10.00000000
     10.23411371     -0.00000000     -0.00000000      0.00000000      0.00000000      0.01818214     -3.14701162      0.00014372     80.18599435      0.03754220      0.00000000      0.99982214      0.22462200      0.53413398      0.53413398      0.40017896      0.98768260      3.20000000    -10.00000000
     10.40133779     -0.00000000     -0.00000000      0.00000000      0.00000000      0.01737246     -3.19840005      0.00013896     81.85008334      0.03798988      0.00000000      0.99982214      0.22371939      0.53378908      0.53378908      0.40022844      0.98793001      3.20000000    -10.00000000
     10.56856187     -0.00000000     -0.00000000      0.00000000      0.00000000      0.01659406     -3.24979580      0.00013438     83.46432875      0.03846208      0.00000000      0.99982214      0.22291279      0.53344016      0.53344016      0.40030433      0.98816068      3.20000000    -10.00000000
     10.73578595     -0.00000000     -0.00000000      0.00000000      0.00000000      0.01584617     -3.30119875      0.00012998     85.02757279      0.03895876      0.00000000      0.99982214      0.22214527      0.53308796      0.53308796      0.40040755      0.98837582      3.20000000    -10.00000000
     10.90301003     -0.00000000     -0.00000000      0.00000000      0.00000000      0.01512802     -3.35260759      0.00012576     86.53348217      0.03948233      0.00000000      0.99982214      0.22145655      0.53273339      0.53273339      0.40053442      0.98857580      3.20000000    -10.00000000
     11.07023411     -0.00000000     -0.00000000      0.00000000      0.00000000      0.01443878     -3.40402490      0.00012169     87.99335044      0.04002738      0.00000000      0.99982214      0.22085766      0.53237701      0.53237701      0.40068331      0.98876321      3.20000000    -10.00000000
     11.23745819     -0.00000000     -0.00000000      0.00000000      0.00000000      0.01377763     -3.45544928      0.00011775     89.41023180      0.04059227      0.00000000      0.99982214      0.22031538      0.53201956      0.53201956      0.40085693      0.98893930      3.20000000    -10.00000000
     11.40468227     -0.00000000     -0.00000000      0.00000000      0.00000000      0.01314374     -3.50688139      0.00011398     90.76045013      0.04118765      0.00000000      0.99982214      0.21983883      0.53166175      0.53166175      0.40104971      0.98910206      3.20000000    -10.00000000
     11.57190635     -0.00000000     -0.00000000      0.00000000      0.00000000      0.01253628     -3.55831996      0.00011034     92.06447135      0.04180415      0.00000000      0.99982214      0.21942560      0.53130439      0.53130439      0.40126298      0.98925476      3.20000000    -10.00000000
     11.73913043     -0.00000000     -0.00000000      0.00000000      0.00000000      0.01195439     -3.60976442      0.00010684     93.31283185      0.04244611      0.00000000      0.99982214      0.21907645      0.53095073      0.53095073      0.40149495      0.98939699      3.20000000    -10.00000000
     11.90635452     -0.00000000     -0.00000000      0.00000000      0.00000000      0.01139723     -3.66121652      0.00010345     94.51454114      0.04310957      0.00000000      0.99982214      0.21878000      0.53059185      0.53059185      0.40174525      0.98953039      3.20000000    -10.00000000
     12.07357860     -0.00000000     -0.00000000      0.00000000      0.00000000      0.01086398     -3.71267524      0.00010017     95.67197419      0.04379361      0.00000000      0.99982214      0.21853568      0.53023446      0.53023446      0.40201009      0.98965574      3.20000000    -10.00000000
     12.24080268     -0.00000000     -0.00000000      0.00000000      0.00000000      0.01035381     -3.76414076      0.00009702     96.77052657      0.04450513      0.00000000      0.99982214      0.21835525      0.52987886      0.52987886      0.40229050      0.98977197      3.20000000    -10.00000000
     12.40802676     -0.00000000     -0.00000000      0.00000000      0.00000000      0.00986588     -3.81561151      0.00009397     97.82577134      0.04523728      0.00000000      0.99982214      0.21822309      0.52952544      0.52952544      0.40258898      0.98988118      3.20000000    -10.00000000
     12.57525084     -0.00000000     -0.00000000      0.00000000      0.00000000      0.00939941     -3.86708844      0.00009103     98.82964038      0.04599414      0.00000000      0.99982214      0.21814049      0.52917450      0.52917450      0.40289835      0.98998293      3.20000000    -10.00000000
     12.74247492     -0.00000000     -0.00000000      0.00000000      0.00000000      0.00895359     -3.91857069      0.00008818     99.78544620      0.04677456      0.00000000      0.99982214      0.21810869      0.52882637      0.52882637      0.40322216      0.99007793      3.20000000    -10.00000000
     12.90969900     -0.00000000     -0.00000000      0.00000000      0.00000000      0.00852764     -3.97005781      0.00008543    100.69356815      0.04757880      0.00000000      0.99982214      0.21812294      0.52848104      0.52848104      0.40355719      0.99016654      3.20000000    -10.00000000
     13.07692308     -0.00000000     -0.00000000      0.00000000      0.00000000      0.00812081     -4.02154929      0.00008277    101.55431239      0.04840720      0.00000000      0.99982214      0.21818272      0.52813961      0.52813961      0.40384011      0.99024907      3.20000000    -10.00000000
     13.24414716     -0.00000000     -0.00000000      0.00000000      0.00000000      0.00773235     -4.07304454      0.00008020    102.36480712      0.04926167      0.00000000      0.99982214      0.21828280      0.52780138      0.52780138      0.40426088      0.99032553      3.20000000    -10.00000000
     13.41137124     -0.00000000     -0.00000000      0.00000000      0.00000000      0.00736152     -4.12454297      0.00007772    103.13169981      0.05013962      0.00000000      0.99982214      0.21843042      0.52746696      0.52746696      0.40462874      0.99039678      3.20000000    -10.00000000
     13.57859532     -0.00000000     -0.00000000      0.00000000      0.00000000      0.00700763     -4.17604391      0.00007531    103.85171434      0.05104321      0.00000000      0.99982214      0.21861459      0.52713651      0.52713651      0.40500405      0.99046272      3.20000000    -10.00000000
     13.74581940     -0.00000000     -0.00000000      0.00000000      0.00000000      0.00666997     -4.22754694      0.00007299    104.52620953      0.05197245      0.00000000      0.99982214      0.21883893      0.52681020      0.52681020      0.40538958      0.99052368      3.20000000    -10.00000000
     13.91304348     -0.00000000     -0.00000000      0.00000000      0.00000000      0.00634789     -4.27905074      0.00007074    105.15226577      0.05292949      0.00000000      0.99982214      0.21909953      0.52648832      0.52648832      0.40578102      0.99057957      3.20000000    -10.00000000
     14.08026756     -0.00000000     -0.00000000      0.00000000      0.00000000      0.00604074     -4.33055484      0.00006857    105.73268704      0.05391372      0.00000000      0.99982214      0.21939599      0.52617117      0.52617117      0.40618058      0.99063080      3.20000000    -10.00000000
     14.24749164     -0.00000000     -0.00000000      0.00000000      0.00000000      0.00574788     -4.38205867      0.00006647    106.26504106      0.05492720      0.00000000      0.99982214      0.21972889      0.52586106      0.52586106      0.40658677      0.99067730      3.20000000    -10.00000000
     14.41471572     -0.00000000     -0.00000000      0.00000000      0.00000000      0.00546870     -4.43356134      0.00006445    106.75065230      0.05597014      0.00000000      0.99982214      0.22008946      0.52555120      0.52555120      0.40699892      0.99071931      3.20000000    -10.00000000
     14.58193980     -0.00000000     -0.00000000      0.00000000      0.00000000      0.00520263     -4.48506197      0.00006249    107.18907414      0.05704373      0.00000000      0.99982214      0.22042979      0.52524524      0.52524524      0.40741650      0.99075692      3.20000000    -10.00000000
     14.74916388     -0.00000000     -0.00000000      0.00000000      0.00000000      0.00494908     -4.53655978      0.00006059    107.58059963      0.05814881      0.00000000      0.99982214      0.22090266      0.52494477      0.52494477      0.40783928      0.99079025      3.20000000    -10.00000000
     14.91638796     -0.00000000     -0.00000000      0.00000000      0.00000000      0.00470752     -4.58805393      0.00005876    107.92502576      0.05928658      0.00000000      0.99982214      0.22135371      0.52464953      0.52464953      0.40826644      0.99081937      3.20000000    -10.00000000
     15.08361204     -0.00000000     -0.00000000      0.00000000      0.00000000      0.00447741     -4.63954353      0.00005700    108.22229977      0.06045821      0.00000000      0.99982214      0.22182646      0.52435492      0.52435492      0.40869765      0.99084436      3.20000000    -10.00000000
     15.25083612     -0.00000000     -0.00000000      0.00000000      0.00000000      0.00425824     -4.69102777      0.00005529    108.47258872      0.06166483      0.00000000      0.99982214      0.22232710      0.52406505      0.52406505      0.40913243      0.99086529      3.20000000    -10.00000000
     15.41806020     -0.00000000     -0.00000000      0.00000000      0.00000000      0.00404953     -4.74250572      0.00005364    108.67570640      0.06290784      0.00000000      0.99982214      0.22285095      0.52377983      0.52377983      0.40957033      0.99088221      3.20000000    -10.00000000
     15.58528428     -0.00000000     -0.00000000      0.00000000      0.00000000      0.00385081     -4.79397654      0.00005204    108.83192775      0.06418847      0.00000000      0.99982214      0.22339859      0.52349929      0.52349929      0.41001121      0.99089518      3.20000000    -10.00000000
     15.75250836     -0.00000000     -0.00000000      0.00000000      0.00000000      0.00366162     -4.84543929      0.00005050    108.94117041      0.06550822      0.00000000      0.99982214      0.22396791      0.52322343      0.52322343      0.41045424      0.99090423      3.20000000    -10.00000000
     15.91973244     -0.00000000     -0.00000000      0.00000000      0.00000000      0.00348152     -4.89689309      0.00004902    109.00373272      0.06686847      0.00000000      0.99982214      0.22455945      0.52295215      0.52295215      0.41089975      0.99090940      3.20000000    -10.00000000
     16.08695652     -0.00000000     -0.00000000      0.00000000      0.00000000      0.00331011     -4.94833701      0.00004758    109.01972545      0.06827080      0.00000000      0.99982214      0.22517026      0.52268553      0.52268553      0.41132384      0.99091072      3.20000000    -10.00000000
     16.25418060     -0.00000000     -0.00000000      0.00000000      0.00000000      0.00314698     -4.99977012      0.00004619    108.98939471      0.06971678      0.00000000      0.99982214      0.22580101      0.52242343      0.52242343      0.41179525      0.99090821      3.20000000    -10.00000000
     16.42140468     -0.00000000     -0.00000000      0.00000000      0.00000000      0.00299175     -5.05119147      0.00004486    108.91304536      0.07120808      0.00000000      0.99982214      0.22644931      0.52216589      0.52216589      0.41224484      0.99090190      3.20000000    -10.00000000
     16.58862876     -0.00000000     -0.00000000      0.00000000      0.00000000      0.00284405     -5.10260012      0.00004356    108.79099690      0.07274642      0.00000000      0.99982214      0.22711469      0.52191283      0.52191283      0.41269590      0.99089179      3.20000000    -10.00000000
     16.75585284     -0.00000000     -0.00000000      0.00000000      0.00000000      0.00270352     -5.15399508      0.00004231    108.62363464      0.07433360      0.00000000      0.99982214      0.22779721      0.52166420      0.52166420      0.41313947      0.99087788      3.20000000    -10.00000000
     16.92307692     -0.00000000     -0.00000000      0.00000000      0.00000000      0.00256984     -5.20537539      0.00004111    108.41140027      0.07597149      0.00000000      0.99982214      0.22851071      0.52141997      0.52141997      0.41359733      0.99086018      3.20000000    -10.00000000
     17.09030100     -0.00000000     -0.00000000      0.00000000      0.00000000      0.00244269     -5.25674003      0.00003994    108.15475754      0.07766206      0.00000000      0.99982214      0.22920925      0.52118006      0.52118006      0.41404906      0.99083870      3.20000000    -10.00000000
     17.25752508     -0.00000000     -0.00000000      0.00000000      0.00000000      0.00232174     -5.30808799      0.00003882    107.85425046      0.07940731      0.00000000      0.99982214      0.22993566      0.52094443      0.52094443      0.41449544      0.99081340      3.20000000    -10.00000000
     17.42474916     -0.00000000     -0.00000000      0.00000000      0.00000000      0.00220671     -5.35941823      0.00003773    107.51044844      0.08120937      0.00000000      0.99982214      0.23067073      0.52071302      0.52071302      0.41495167      0.99078430      3.20000000    -10.00000000
     17.59197324     -0.00000000     -0.00000000      0.00000000      0.00000000      0.00209732     -5.41072972      0.00003668    107.12401247      0.08307041      0.00000000      0.99982214      0.23146590      0.52048576      0.52048576      0.41540168      0.99075136      3.20000000    -10.00000000
     17.75919732     -0.00000000     -0.00000000      0.00000000      0.00000000      0.00199329     -5.46202136      0.00003567    106.69560606      0.08499273      0.00000000      0.99982214      0.23218513      0.52026260      0.52026260      0.41585135      0.99071457      3.20000000    -10.00000000
     17.92642140     -0.00000000     -0.00000000      0.00000000      0.00000000      0.00189438     -5.51329208      0.00003469    106.22595716      0.08697869      0.00000000      0.99982214      0.23295860      0.52004346      0.52004346      0.41630012      0.99067390      3.20000000    -10.00000000
     18.09364548     -0.00000000     -0.00000000      0.00000000      0.00000000      0.00180033     -5.56454076      0.00003375    105.71585642      0.08903075      0.00000000      0.99982214      0.23374335      0.51982829      0.51982829      0.41676951      0.99062932      3.20000000    -10.00000000
     18.26086957     -0.00000000     -0.00000000      0.00000000      0.00000000      0.00171091     -5.61576625      0.00003284    105.16611055      0.09115148      0.00000000      0.99982214      0.23453405      0.51961701      0.51961701      0.41719431      0.99058080      3.20000000    -10.00000000
     18.42809365     -0.00000000     -0.00000000      0.00000000      0.00000000      0.00162590     -5.66696740      0.00003195    104.57759213      0.09334355      0.00000000      0.99982214      0.23533906      0.51940957      0.51940957      0.41764574      0.99052829      3.20000000    -10.00000000
     18.59531773     -0.00000000     -0.00000000      0.00000000      0.00000000      0.00154508     -5.71814301      0.00003110    103.95120570      0.09560971      0.00000000      0.99982214      0.23614719      0.51920589      0.51920589      0.41808322      0.99047176      3.20000000    -10.00000000
     18.76254181     -0.00000000     -0.00000000      0.00000000      0.00000000      0.00146826     -5.76929186      0.00003028    103.28789631      0.09795285      0.00000000      0.99982214      0.23670427      0.51900590      0.51900590      0.41852500      0.99041116      3.20000000    -10.00000000
     18.92976589     -0.00000000     -0.00000000      0.00000000      0.00000000      0.00139523     -5.82041272      0.00002949    102.58864280      0.10037598      0.00000000      0.99982214      0.23779241      0.51880955      0.51880955      0.41896506      0.99034643      3.20000000    -10.00000000
     19.09698997     -0.00000000     -0.00000000      0.00000000      0.00000000      0.00132582     -5.87150430      0.00002872    101.85447733      0.10288218      0.00000000      0.99982214      0.23862531      0.51861674      0.51861674      0.41940368      0.99027753      3.20000000    -10.00000000
     19.26421405     -0.00000000     -0.00000000      0.00000000      0.00000000      0.00125984     -5.92256528      0.00002798    101.08644577      0.10547470      0.00000000      0.99982214      0.23946382      0.51842745      0.51842745      0.41984016      0.99020438      3.20000000    -10.00000000
     19.43143813     -0.00000000     -0.00000000      0.00000000      0.00000000      0.00119713     -5.97359434      0.00002726    100.28563733      0.10815690      0.00000000      0.99982214      0.24030806      0.51824157      0.51824157      0.42027436      0.99012693      3.20000000    -10.00000000
     19.59866221     -0.00000000     -0.00000000      0.00000000      0.00000000      0.00113753     -6.02459008      0.00002657     99.45316116      0.11093228      0.00000000      0.99982214      0.24115768      0.51805906      0.51805906      0.42070686      0.99004511      3.20000000    -10.00000000
     19.76588629     -0.00000000     -0.00000000      0.00000000      0.00000000      0.00108089     -6.07555109      0.00002590     98.59017369      0.11380445      0.00000000      0.99982214      0.24201204      0.51787984      0.51787984      0.42113701      0.98995885      3.20000000    -10.00000000
     19.93311037     -0.00000000     -0.00000000      0.00000000      0.00000000      0.00102706     -6.12647590      0.00002525     97.69780894      0.11677722      0.00000000      0.99982214      0.24291867      0.51770383      0.51770383      0.42156484      0.98986806      3.20000000    -10.00000000
     20.10033445     -0.00000000     -0.00000000      0.00000000      0.00000000      0.00097591     -6.17736303      0.00002463     96.77729296      0.11985448      0.00000000      0.99982214      0.24373377      0.51753100      0.51753100      0.42198936      0.98977268      3.20000000    -10.00000000
     20.26755853     -0.00000000     -0.00000000      0.00000000      0.00000000      0.00092729     -6.22821094      0.00002402     95.82981063      0.12304034      0.00000000      0.99982214      0.24460221      0.51736127      0.51736127      0.42241341      0.98967260      3.20000000    -10.00000000
     20.43478261     -0.00000000     -0.00000000      0.00000000      0.00000000      0.00088110     -6.27901803      0.00002344     94.85658430      0.12633902      0.00000000      0.99982214      0.24546969      0.51719457      0.51719457      0.42283397      0.98956775      3.20000000    -10.00000000
     20.60200669     -0.00000000     -0.00000000      0.00000000      0.00000000      0.00083720     -6.32978268      0.00002287     93.85884839      0.12975494      0.00000000      0.99982214      0.24634211      0.51703083      0.51703083      0.42325219      0.98945802      3.20000000    -10.00000000
     20.76923077     -0.00000000     -0.00000000      0.00000000      0.00000000      0.00079549     -6.38050320      0.00002233     92.83785757      0.13329267      0.00000000      0.99982214      0.24721723      0.51687000      0.51687000      0.42366760      0.98934332      3.20000000    -10.00000000
     20.93645485     -0.00000000     -0.00000000      0.00000000      0.00000000      0.00075585     -6.43117787      0.00002180     91.79486028      0.13695698      0.00000000      0.99982214      0.24809452      0.51671198      0.51671198      0.42424550      0.98922354      3.20000000    -10.00000000
     21.10367893     -0.00000000     -0.00000000      0.00000000      0.00000000      0.00071819     -6.48180489      0.00002128     90.73112087      0.14075283      0.00000000      0.99982214      0.24897468      0.51655683      0.51655683      0.42414937      0.98909857      3.20000000    -10.00000000
     21.27090301     -0.00000000     -0.00000000      0.00000000      0.00000000      0.00068240     -6.53238243      0.00002079     89.64790403      0.14468535      0.00000000      0.99982214      0.24961956      0.51640437      0.51640437      0.42489831      0.98896831      3.20000000    -10.00000000
     21.43812709     -0.00000000     -0.00000000      0.00000000      0.00000000      0.00064840     -6.58290859      0.00002031     88.54647147      0.14875991      0.00000000      0.99982214      0.25073665      0.51625457      0.51625457      0.42530318      0.98883261      3.20000000    -10.00000000
     21.60535117     -0.00000000     -0.00000000      0.00000000      0.00000000      0.00061610     -6.63338140      0.00001984     87.42809135      0.15298204      0.00000000      0.99982214      0.25161977      0.51610739      0.51610739      0.42570506      0.98869138      3.20000000    -10.00000000
     21.77257525     -0.00000000     -0.00000000      0.00000000      0.00000000      0.00058540     -6.68379886      0.00001940     86.29402010      0.15735754      0.00000000      0.99982214      0.25250276      0.51596276      0.51596276      0.42610461      0.98854446      3.20000000    -10.00000000
     21.93979933     -0.00000000     -0.00000000      0.00000000      0.00000000      0.00055623     -6.73415888      0.00001896     85.14551256      0.16189240      0.00000000      0.99982214      0.25329251      0.51582062      0.51582062      0.42650128      0.98839173      3.20000000    -10.00000000
     22.10702341     -0.00000000     -0.00000000      0.00000000      0.00000000      0.00052852     -6.78445930      0.00001854     83.98381152      0.16659287      0.00000000      0.99982214      0.25427294      0.51568094      0.51568094      0.42688039      0.98823305      3.20000000    -10.00000000
     22.27424749     -0.00000000     -0.00000000      0.00000000      0.00000000      0.00050220     -6.83469790      0.00001813     82.81015113      0.17146543      0.00000000      0.99982214      0.25520244      0.51554363      0.51554363      0.42728600      0.98806827      3.20000000    -10.00000000
     22.44147157     -0.00000000     -0.00000000      0.00000000      0.00000000      0.00047718     -6.88487239      0.00001773     81.62574920      0.17651683      0.00000000      0.99982214      0.25604243      0.51540869      0.51540869      0.42767410      0.98789724      3.20000000    -10.00000000
     22.60869565     -0.00000000     -0.00000000      0.00000000      0.00000000      0.00045342     -6.93498039      0.00001735     80.43181484      0.18175406      0.00000000      0.99982214      0.25692690      0.51527602      0.51527602      0.42805981      0.98771979      3.20000000    -10.00000000
     22.77591973     -0.00000000     -0.00000000      0.00000000      0.00000000      0.00043084     -6.98501945      0.00001698     79.22953301      0.18718440      0.00000000      0.99982214      0.25781262      0.51514560      0.51514560      0.42844175      0.98753576      3.20000000    -10.00000000
     22.94314381     -0.00000000     -0.00000000      0.00000000      0.00000000      0.00040939     -7.03498694      0.00001662     78.01996989      0.19281567      0.00000000      0.99982214      0.25869371      0.51501736      0.51501736      0.42882131      0.98734497      3.20000000    -10.00000000
     23.11036789     -0.00000000     -0.00000000      0.00000000      0.00000000      0.00038901     -7.08488057      0.00001627     76.80458435      0.19865497      0.00000000      0.99982214      0.25957539      0.51489127      0.51489127      0.42919618      0.98714729      3.20000000    -10.00000000
     23.27759197     -0.00000000     -0.00000000      0.00000000      0.00000000      0.00036965     -7.13469730      0.00001593     75.58419122      0.20471122      0.00000000      0.99982214      0.26045683      0.51476726      0.51476726      0.42964168      0.98694247      3.20000000    -10.00000000
     23.44481605     -0.00000000     -0.00000000      0.00000000      0.00000000      0.00035125     -7.18443445      0.00001560     74.35999613      0.21099265      0.00000000      0.99982214      0.26133628      0.51464530      0.51464530      0.42994289      0.98673036      3.20000000    -10.00000000
     23.61204013     -0.00000000     -0.00000000      0.00000000      0.00000000      0.00033378     -7.23408913      0.00001529     73.13307716      0.21750807      0.00000000      0.99982214      0.26221505      0.51452535      0.51452535      0.43031102      0.98651074      3.20000000    -10.00000000
     23.77926421     -0.00000000     -0.00000000      0.00000000      0.00000000      0.00031717     -7.28365835      0.00001498     71.90448421      0.22426663      0.00000000      0.99982214      0.26309190      0.51440736      0.51440736      0.43068046      0.98628342      3.20000000    -10.00000000
     23.94648829     -0.00000000     -0.00000000      0.00000000      0.00000000      0.00030140     -7.33313901      0.00001468     70.67524077      0.23127785      0.00000000      0.99982214      0.26396690      0.51429128      0.51429128      0.43103046      0.98604818      3.20000000    -10.00000000
     24.11371237     -0.00000000     -0.00000000      0.00000000      0.00000000      0.00028641     -7.38252794      0.00001439     69.44634076      0.23855160      0.00000000      0.99982214      0.26517447      0.51417708      0.51417708      0.43139848      0.98580480      3.20000000    -10.00000000
     24.28093645     -0.00000000     -0.00000000      0.00000000      0.00000000      0.00027217     -7.43182181      0.00001410     68.21874946      0.24609814      0.00000000      0.99982214      0.26571162      0.51406472      0.51406472      0.43175529      0.98555305      3.20000000    -10.00000000
     24.44816054     -0.00000000     -0.00000000      0.00000000      0.00000000      0.00025864     -7.48101721      0.00001383     66.99340045      0.25392812      0.00000000      0.99982214      0.26658159      0.51395414      0.51395414      0.43210892      0.98529269      3.20000000    -10.00000000
     24.61538462     -0.00000000     -0.00000000      0.00000000      0.00000000      0.00024579     -7.53011060      0.00001356     65.77119738      0.26205260      0.00000000      0.99982214      0.26745184      0.51384532      0.51384532      0.43244792      0.98502348      3.20000000    -10.00000000
     24.78260870     -0.00000000     -0.00000000      0.00000000      0.00000000      0.00023358     -7.57909833      0.00001330     64.55301129      0.27048307      0.00000000      0.99982214      0.26831272      0.51373821      0.51373821      0.43280638      0.98474517      3.20000000    -10.00000000
     24.94983278     -0.00000000     -0.00000000      0.00000000      0.00000000      0.00022198     -7.62797661      0.00001305     63.33968122      0.27923146      0.00000000      0.99982214      0.26917369      0.51363279      0.51363279      0.43316655      0.98445749      3.20000000    -10.00000000
     25.11705686     -0.00000000     -0.00000000      0.00000000      0.00000000      0.00021096     -7.67674153      0.00001281     62.13201335      0.28831014      0.00000000      0.99982214      0.27003521      0.51352900      0.51352900      0.43349667      0.98416018      3.20000000    -10.00000000
     25.28428094     -0.00000000     -0.00000000      0.00000000      0.00000000      0.00020049     -7.72538904      0.00001257     60.93077996      0.29773198      0.00000000      0.99982214      0.27089205      0.51342682      0.51342682      0.43383656      0.98385294      3.20000000    -10.00000000
     25.45150502     -0.00000000     -0.00000000      0.00000000      0.00000000      0.00019054     -7.77391494      0.00001234     59.73672345      0.30751031      0.00000000      0.99982214      0.27174801      0.51332621      0.51332621      0.43417414      0.98353550      3.20000000    -10.00000000
     25.61872910     -0.00000000     -0.00000000      0.00000000      0.00000000      0.00018109     -7.82231490      0.00001211     58.55054905      0.31765897      0.00000000      0.99982214      0.27259886      0.51322714      0.51322714      0.43450832      0.98320754      3.20000000    -10.00000000
     25.78595318     -0.00000000     -0.00000000      0.00000000      0.00000000      0.00017211     -7.87058444      0.00001189     57.37292992      0.32819234      0.00000000      0.99982214      0.27344710      0.51312958      0.51312958      0.43484009      0.98286877      3.20000000    -10.00000000
     25.95317726     -0.00000000     -0.00000000      0.00000000      0.00000000      0.00016358     -7.91871891      0.00001168     56.20450635      0.33912533      0.00000000      0.99982214      0.27429318      0.51303346      0.51303346      0.43535851      0.98251886      3.20000000    -10.00000000
     26.12040134     -0.00000000     -0.00000000      0.00000000      0.00000000      0.00015548     -7.96671352      0.00001147     55.04588502      0.35047339      0.00000000      0.99982214      0.27513629      0.51293883      0.51293883      0.43530791      0.98215748      3.20000000    -10.00000000
     26.28762542     -0.00000000     -0.00000000      0.00000000      0.00000000      0.00014778     -8.01456329      0.00001127     53.89763980      0.36225258      0.00000000      0.99982214      0.27597624      0.51284559      0.51284559      0.43581915      0.98178428      3.20000000    -10.00000000
     26.45484950     -0.00000000     -0.00000000      0.00000000      0.00000000      0.00014046     -8.06226309      0.00001107     52.76031195      0.37447953      0.00000000      0.99982214      0.27681287      0.51275372      0.51275372      0.43614040      0.98139892      3.20000000    -10.00000000
     26.62207358     -0.00000000     -0.00000000      0.00000000      0.00000000      0.00013351     -8.10980760      0.00001088     51.63441026      0.38717151      0.00000000      0.99982214      0.27764669      0.51266321      0.51266321      0.43645815      0.98100102      3.20000000    -10.00000000
     26.78929766     -0.00000000     -0.00000000      0.00000000      0.00000000      0.00012690     -8.15719200      0.00001070     50.52062838      0.40034475      0.00000000      0.99982214      0.27847685      0.51257402      0.51257402      0.43680014      0.98059030      3.20000000    -10.00000000
     26.95652174     -0.00000000     -0.00000000      0.00000000      0.00000000      0.00012063     -8.20440855      0.00001052     49.41876134      0.41402275      0.00000000      0.99982214      0.27930417      0.51248612      0.51248612      0.43708756      0.98016611      3.20000000    -10.00000000
     27.12374582     -0.00000000     -0.00000000      0.00000000      0.00000000      0.00011466     -8.25145341      0.00001034     48.32987336      0.42821981      0.00000000      0.99982214      0.28012799      0.51239950      0.51239950      0.43739832      0.97972831      3.20000000    -10.00000000
     27.29096990     -0.00000000     -0.00000000      0.00000000      0.00000000      0.00010900     -8.29831981      0.00001017     47.25413348      0.44295748      0.00000000      0.99982214      0.28095753      0.51231411      0.51231411      0.43770621      0.97927639      3.20000000    -10.00000000
     27.45819398     -0.00000000     -0.00000000      0.00000000      0.00000000      0.00010361     -8.34500112      0.00001000     46.19195602      0.45825578      0.00000000      0.99982214      0.28176612      0.51222994      0.51222994      0.43801174      0.97880995      3.20000000    -10.00000000
     27.62541806     -0.00000000     -0.00000000      0.00000000      0.00000000      0.00009850     -8.39149177      0.00000983     45.14347107      0.47413816      0.00000000      0.99982214      0.28271142      0.51214695      0.51214695      0.43826852      0.97832846      3.20000000    -10.00000000
     27.79264214     -0.00000000     -0.00000000      0.00000000      0.00000000      0.00009364     -8.43778418      0.00000967     44.10919836      0.49062443      0.00000000      0.99982214      0.28338771      0.51206515      0.51206515      0.43861523      0.97783157      3.20000000    -10.00000000
     27.95986622     -0.00000000     -0.00000000      0.00000000      0.00000000      0.00008902     -8.48387155      0.00000952     43.08930583      0.50773860      0.00000000      0.99982214      0.28419505      0.51198446      0.51198446      0.43891319      0.97731876      3.20000000    -10.00000000
     28.12709030     -0.00000000     -0.00000000      0.00000000      0.00000000      0.00008463     -8.52974653      0.00000936     42.08407835      0.52550390      0.00000000      0.99982214      0.28502938      0.51190490      0.51190490      0.43920875      0.97678957      3.20000000    -10.00000000
     28.29431438     -0.00000000     -0.00000000      0.00000000      0.00000000      0.00008046     -8.57540209      0.00000922     41.09366957      0.54394573      0.00000000      0.99982214      0.28579656      0.51182644      0.51182644      0.43950188      0.97624346      3.20000000    -10.00000000
     28.46153846     -0.00000000     -0.00000000      0.00000000      0.00000000      0.00007650     -8.62083029      0.00000907     40.11830572      0.56308910      0.00000000      0.99982214      0.28659326      0.51174905      0.51174905      0.43976097      0.97567993      3.20000000    -10.00000000
     28.62876254     -0.00000000     -0.00000000      0.00000000      0.00000000      0.00007274     -8.66602318      0.00000893     39.15815340      0.58296033      0.00000000      0.99982214      0.28738898      0.51167271      0.51167271      0.44008079      0.97509846      3.20000000    -10.00000000
     28.79598662     -0.00000000     -0.00000000      0.00000000      0.00000000      0.00006916     -8.71097252      0.00000879     38.21335553      0.60358664      0.00000000      0.99982214      0.28817386      0.51159740      0.51159740      0.44036697      0.97449848      3.20000000    -10.00000000
     28.96321070     -0.00000000     -0.00000000      0.00000000      0.00000000      0.00006576     -8.75566977      0.00000865     37.28403005      0.62499624      0.00000000      0.99982214      0.28895870      0.51152310      0.51152310      0.44065054      0.97387945      3.20000000    -10.00000000
     29.13043478     -0.00000000     -0.00000000      0.00000000      0.00000000      0.00006253     -8.80010618      0.00000852     36.37028208      0.64721811      0.00000000      0.99982214      0.28978880      0.51144979      0.51144979      0.44093203      0.97324077      3.20000000    -10.00000000
     29.29765886     -0.00000000     -0.00000000      0.00000000      0.00000000      0.00005946     -8.84427261      0.00000839     35.47218195      0.67028245      0.00000000      0.99982214      0.29051706      0.51137745      0.51137745      0.44127523      0.97258184      3.20000000    -10.00000000
     29.46488294     -0.00000000     -0.00000000      0.00000000      0.00000000      0.00005654     -8.88815970      0.00000826     34.58978886      0.69422028      0.00000000      0.99982214      0.29129031      0.51130606      0.51130606      0.44148732      0.97190205      3.20000000    -10.00000000
     29.63210702     -0.00000000     -0.00000000      0.00000000      0.00000000      0.00005377     -8.93175771      0.00000814     33.72314040      0.71906370      0.00000000      0.99982214      0.29222728      0.51123561      0.51123561      0.44176190      0.97120076      3.20000000    -10.00000000
     29.79933110     -0.00000000     -0.00000000      0.00000000      0.00000000      0.00005114     -8.97505664      0.00000802     32.87225557      0.74484585      0.00000000      0.99982214      0.29282660      0.51116606      0.51116606      0.44202215      0.97047731      3.20000000    -10.00000000
     29.96655518     -0.00000000     -0.00000000      0.00000000      0.00000000      0.00004863     -9.01804612      0.00000790     32.03713574      0.77160091      0.00000000      0.99982214      0.29358890      0.51109742      0.51109742      0.44230401      0.96973103      3.20000000    -10.00000000
     30.13377926     -0.00000000     -0.00000000      0.00000000      0.00000000      0.00004625     -9.06071545      0.00000778     31.21776537      0.79936418      0.00000000      0.99982214      0.29434742      0.51102965      0.51102965      0.44257151      0.96896122      3.20000000    -10.00000000
     30.30100334     -0.00000000     -0.00000000      0.00000000      0.00000000      0.00004399     -9.10305359      0.00000767     30.41411292      0.82817202      0.00000000      0.99982214      0.29510209      0.51096274      0.51096274      0.44283716      0.96816717      3.20000000    -10.00000000
     30.46822742     -0.00000000     -0.00000000      0.00000000      0.00000000      0.00004184     -9.14504914      0.00000756     29.62613162      0.85806196      0.00000000      0.99982214      0.29585338      0.51089668      0.51089668      0.44310070      0.96734815      3.20000000    -10.00000000
     30.63545151     -0.00000000     -0.00000000      0.00000000      0.00000000      0.00003980     -9.18669032      0.00000745     28.85376030      0.88907264      0.00000000      0.99982214      0.29660031      0.51083145      0.51083145      0.44336204      0.96650338      3.20000000    -10.00000000
     30.80267559     -0.00000000     -0.00000000      0.00000000      0.00000000      0.00003786     -9.22796500      0.00000734     28.09692426      0.92124386      0.00000000      0.99982214      0.29734375      0.51076703      0.51076703      0.44362124      0.96563211      3.20000000    -10.00000000
     30.96989967     -0.00000000     -0.00000000      0.00000000      0.00000000      0.00003601     -9.26886062      0.00000724     27.35553548      0.95461662      0.00000000      0.99982214      0.29808326      0.51070341      0.51070341      0.44387769      0.96473352      3.20000000    -10.00000000
     31.13712375     -0.00000000     -0.00000000      0.00000000      0.00000000      0.00003426     -9.30936428      0.00000714     26.62949456      0.98923309      0.00000000      0.99982214      0.29881970      0.51064057      0.51064057      0.44413306      0.96380679      3.20000000    -10.00000000
     31.30434783     -0.00000000     -0.00000000      0.00000000      0.00000000      0.00003259     -9.34946262      0.00000703     25.91869031      1.02513664      0.00000000      0.99982214      0.29955099      0.51057850      0.51057850      0.44438566      0.96285109      3.20000000    -10.00000000
     31.47157191     -0.00000000     -0.00000000      0.00000000      0.00000000      0.00003101     -9.38914191      0.00000694     25.22300084      1.06237187      0.00000000      0.99982214      0.30027922      0.51051719      0.51051719      0.44463714      0.96186554      3.20000000    -10.00000000
     31.63879599     -0.00000000     -0.00000000      0.00000000      0.00000000      0.00002950     -9.42838796      0.00000684     24.54229454      1.10098458      0.00000000      0.99982214      0.30100362      0.51045661      0.51045661      0.44488247      0.96084925      3.20000000    -10.00000000
     31.80602007     -0.00000000     -0.00000000      0.00000000      0.00000000      0.00002807     -9.46718616      0.00000674     23.87643043      1.14102181      0.00000000      0.99982214      0.30222083      0.51039676      0.51039676      0.44513253      0.95980131      3.20000000    -10.00000000
     31.97324415     -0.00000000     -0.00000000      0.00000000      0.00000000      0.00002671     -9.50552146      0.00000665     23.22525891      1.18253183      0.00000000      0.99982214      0.30210135      0.51033763      0.51033763      0.44537740      0.95872077      3.20000000    -10.00000000
     32.14046823     -0.00000000     -0.00000000      0.00000000      0.00000000      0.00002542     -9.54337835      0.00000656     22.58862249      1.22556414      0.00000000      0.99982214      0.30315347      0.51027919      0.51027919      0.44562030      0.95760668      3.20000000    -10.00000000
     32.30769231     -0.00000000     -0.00000000      0.00000000      0.00000000      0.00002419     -9.58074085      0.00000647     21.96635627      1.27016948      0.00000000      0.99982214      0.30386340      0.51022145      0.51022145      0.44584210      0.95645805      3.20000000    -10.00000000
     32.47491639     -0.00000000     -0.00000000      0.00000000      0.00000000      0.00002302     -9.61759253      0.00000638     21.35828865      1.31639979      0.00000000      0.99982214      0.30456893      0.51016438      0.51016438      0.44610018      0.95527386      3.20000000    -10.00000000
     32.64214047     -0.00000000     -0.00000000      0.00000000      0.00000000      0.00002191     -9.65391645      0.00000629     20.76424186      1.36430824      0.00000000      0.99982214      0.30527072      0.51010797      0.51010797      0.44633745      0.95405307      3.20000000    -10.00000000
     32.80936455     -0.00000000     -0.00000000      0.00000000      0.00000000      0.00002085     -9.68969520      0.00000621     20.18403250      1.41394919      0.00000000      0.99982214      0.30598987      0.51005221      0.51005221      0.44657266      0.95279463      3.20000000    -10.00000000
     32.97658863     -0.00000000     -0.00000000      0.00000000      0.00000000      0.00001985     -9.72491087      0.00000612     19.61747210      1.46537820      0.00000000      0.99982214      0.30666207      0.50999709      0.50999709      0.44680984      0.95149745      3.20000000    -10.00000000
     33.14381271     -0.00000000     -0.00000000      0.00000000      0.00000000      0.00001889     -9.75954504      0.00000604     19.06436764      1.51865194      0.00000000      0.99982214      0.30726655      0.50994261      0.50994261      0.44743216      0.95016040      3.20000000    -10.00000000
     33.31103679     -0.00000000     -0.00000000      0.00000000      0.00000000      0.00001798     -9.79357876      0.00000596     18.52452200      1.57382826      0.00000000      0.99982214      0.30804003      0.50988874      0.50988874      0.44740495      0.94878236      3.20000000    -10.00000000
     33.47826087     -0.00000000     -0.00000000      0.00000000      0.00000000      0.00001712     -9.82699260      0.00000588     17.99773437      1.63096608      0.00000000      0.99982214      0.30872350      0.50983547      0.50983547      0.44737807      0.94736214      3.20000000    -10.00000000
     33.64548495     -0.00000000     -0.00000000      0.00000000      0.00000000      0.00001630     -9.85976657      0.00000580     17.48380129      1.69012534      0.00000000      0.99982214      0.30940246      0.50978281      0.50978281      0.44772142      0.94589857      3.20000000    -10.00000000
     33.81270903     -0.00000000     -0.00000000      0.00000000      0.00000000      0.00001552     -9.89188015      0.00000572     16.98251579      1.75136705      0.00000000      0.99982214      0.31007811      0.50973073      0.50973073      0.44794539      0.94439043      3.20000000    -10.00000000
     33.97993311     -0.00000000     -0.00000000      0.00000000      0.00000000      0.00001478     -9.92331229      0.00000565     16.49366906      1.81475312      0.00000000      0.99982214      0.31075019      0.50967922      0.50967922      0.44816701      0.94283646      3.20000000    -10.00000000
     34.14715719     -0.00000000     -0.00000000      0.00000000      0.00000000      0.00001407     -9.95404139      0.00000557     16.01705039      1.88034635      0.00000000      0.99982214      0.31141842      0.50962829      0.50962829      0.44838905      0.94123541      3.20000000    -10.00000000
     34.31438127     -0.00000000     -0.00000000      0.00000000      0.00000000      0.00001340     -9.98404531      0.00000550     15.55244737      1.94821039      0.00000000      0.99982214      0.31208326      0.50957791      0.50957791      0.44860810      0.93958597      3.20000000    -10.00000000
     34.48160535     -0.00000000     -0.00000000      0.00000000      0.00000000      0.00001276    -10.01330135      0.00000542     15.09964646      2.01840960      0.00000000      0.99982214      0.31274411      0.50952807      0.50952807      0.44882585      0.93788683      3.20000000    -10.00000000
     34.64882943     -0.00000000     -0.00000000      0.00000000      0.00000000      0.00001216    -10.04178627      0.00000535     14.65843325      2.09100900      0.00000000      0.99982214      0.31340150      0.50947878      0.50947878      0.44904159      0.93613665      3.20000000    -10.00000000
     34.81605351     -0.00000000     -0.00000000      0.00000000      0.00000000      0.00001158    -10.06947625      0.00000528     14.22859275      2.16607417      0.00000000      0.99982214      0.31405473      0.50943001      0.50943001      0.44925571      0.93433405      3.20000000    -10.00000000
     34.98327759     -0.00000000     -0.00000000      0.00000000      0.00000000      0.00001103    -10.09634695      0.00000521     13.80990977      2.24367114      0.00000000      0.99982214      0.31470538      0.50938177      0.50938177      0.44946781      0.93247764      3.20000000    -10.00000000
     35.15050167     -0.00000000     -0.00000000      0.00000000      0.00000000      0.00001051    -10.12237345      0.00000514     13.40216911      2.32386625      0.00000000      0.99982214      0.31535221      0.50933403      0.50933403      0.44967857      0.93056601      3.20000000    -10.00000000
     35.31772575     -0.00000000     -0.00000000      0.00000000      0.00000000      0.00001001    -10.14753030      0.00000507     13.00515590      2.40672606      0.00000000      0.99982214      0.31599517      0.50928680      0.50928680      0.44988799      0.92859772      3.20000000    -10.00000000
     35.48494983     -0.00000000     -0.00000000      0.00000000      0.00000000      0.00000954    -10.17179149      0.00000501     12.61865579      2.49231719      0.00000000      0.99982214      0.31663421      0.50924007      0.50924007      0.45009575      0.92657131      3.20000000    -10.00000000
     35.65217391     -0.00000000     -0.00000000      0.00000000      0.00000000      0.00000909    -10.19513047      0.00000494     12.24245521      2.58070618      0.00000000      0.99982214      0.31727055      0.50919382      0.50919382      0.45030176      0.92448530      3.20000000    -10.00000000
     35.81939799     -0.00000000     -0.00000000      0.00000000      0.00000000      0.00000867    -10.21752016      0.00000488     11.87634161      2.67195928      0.00000000      0.99982214      0.31781630      0.50914806      0.50914806      0.45051155      0.92233819      3.20000000    -10.00000000
     35.98662207     -0.00000000     -0.00000000      0.00000000      0.00000000      0.00000826    -10.23893304      0.00000481     11.52010490      2.76614207      0.00000000      0.99982214      0.31853189      0.50910277      0.50910277      0.45070702      0.92012846      3.20000000    -10.00000000
     36.15384615     -0.00000000     -0.00000000      0.00000000      0.00000000      0.00000787    -10.25934073      0.00000475     11.17353124      2.86332054      0.00000000      0.99982214      0.31917439      0.50905793      0.50905793      0.45090282      0.91785457      3.20000000    -10.00000000
     36.32107023     -0.00000000     -0.00000000      0.00000000      0.00000000      0.00000751    -10.27871485      0.00000468     10.83641609      2.96355829      0.00000000      0.99982214      0.31977927      0.50901356      0.50901356      0.45111030      0.91551497      3.20000000    -10.00000000
     36.48829431     -0.00000000     -0.00000000      0.00000000      0.00000000      0.00000716    -10.29702622      0.00000462     10.50855149      3.06691889      0.00000000      0.99982214      0.32039782      0.50896963      0.50896963      0.45129535      0.91310809      3.20000000    -10.00000000
     36.65551839     -0.00000000     -0.00000000      0.00000000      0.00000000      0.00000682    -10.31424524      0.00000456     10.18973265      3.17346437      0.00000000      0.99982214      0.32101290      0.50892615      0.50892615      0.45150575      0.91063236      3.20000000    -10.00000000
     36.82274247     -0.00000000     -0.00000000      0.00000000      0.00000000      0.00000651    -10.33034191      0.00000450      9.87975715      3.28325513      0.00000000      0.99982214      0.32162446      0.50888311      0.50888311      0.45170084      0.90808618      3.20000000    -10.00000000
     36.98996656     -0.00000000     -0.00000000      0.00000000      0.00000000      0.00000621    -10.34528565      0.00000444      9.57842333      3.39635014      0.00000000      0.99982214      0.32223281      0.50884049      0.50884049      0.45189475      0.90546795      3.20000000    -10.00000000
     37.15719064     -0.00000000     -0.00000000      0.00000000      0.00000000      0.00000592    -10.35904574      0.00000438      9.28553430      3.51280557      0.00000000      0.99982214      0.32329731      0.50879830      0.50879830      0.45208413      0.90277608      3.20000000    -10.00000000
     37.32441472     -0.00000000     -0.00000000      0.00000000      0.00000000      0.00000565    -10.37159074      0.00000432      9.00089249      3.63267611      0.00000000      0.99982214      0.32321356      0.50875652      0.50875652      0.45228208      0.90000892      3.20000000    -10.00000000
     37.49163880     -0.00000000     -0.00000000      0.00000000      0.00000000      0.00000539    -10.38288917      0.00000426      8.72430567      3.75601287      0.00000000      0.99982214      0.32403732      0.50871515      0.50871515      0.45246791      0.89716489      3.20000000    -10.00000000
     37.65886288     -0.00000000     -0.00000000      0.00000000      0.00000000      0.00000514    -10.39290904      0.00000420      8.45558248      3.88286447      0.00000000      0.99982214      0.32460530      0.50867419      0.50867419      0.45265608      0.89424237      3.20000000    -10.00000000
     37.82608696     -0.00000000     -0.00000000      0.00000000      0.00000000      0.00000491    -10.40161815      0.00000415      8.19453463      4.01327600      0.00000000      0.99982214      0.32522368      0.50863362      0.50863362      0.45284341      0.89123974      3.20000000    -10.00000000
     37.99331104     -0.00000000     -0.00000000      0.00000000      0.00000000      0.00000468    -10.40898402      0.00000409      7.94097652      4.14728882      0.00000000      0.99982214      0.32580926      0.50859345      0.50859345      0.45302878      0.88815539      3.20000000    -10.00000000
     38.16053512     -0.00000000     -0.00000000      0.00000000      0.00000000      0.00000447    -10.41497397      0.00000403      7.69472537      4.28494018      0.00000000      0.99982214      0.32639687      0.50855366      0.50855366      0.45321246      0.88498774      3.20000000    -10.00000000
     38.32775920     -0.00000000     -0.00000000      0.00000000      0.00000000      0.00000427    -10.41955516      0.00000398      7.45560117      4.42626282      0.00000000      0.99982214      0.32697840      0.50851425      0.50851425      0.45339519      0.88173520      3.20000000    -10.00000000
     38.49498328     -0.00000000     -0.00000000      0.00000000      0.00000000      0.00000407    -10.42269464      0.00000392      7.22342683      4.57128459      0.00000000      0.99982214      0.32755686      0.50847521      0.50847521      0.45367568      0.87839619      3.20000000    -10.00000000
     38.66220736     -0.00000000     -0.00000000      0.00000000      0.00000000      0.00000389    -10.42435939      0.00000387      6.99802814      4.72002801      0.00000000      0.99982214      0.32813223      0.50843655      0.50843655      0.45365630      0.87496918      3.20000000    -10.00000000
     38.82943144     -0.00000000     -0.00000000      0.00000000      0.00000000      0.00000372    -10.42451637      0.00000381      6.77923390      4.87250981      0.00000000      0.99982214      0.32874900      0.50839824      0.50839824      0.45393559      0.87145264      3.20000000    -10.00000000
     38.99665552     -0.00000000     -0.00000000      0.00000000      0.00000000      0.00000355    -10.42313260      0.00000376      6.56687576      5.02874062      0.00000000      0.99982214      0.32927304      0.50836030      0.50836030      0.45411222      0.86784506      3.20000000    -10.00000000
     39.16387960     -0.00000000     -0.00000000      0.00000000      0.00000000      0.00000339    -10.42017522      0.00000371      6.36078850      5.18872433      0.00000000      0.99982214      0.32983951      0.50832271      0.50832271      0.45428910      0.86414499      3.20000000    -10.00000000
     39.33110368     -0.00000000     -0.00000000      0.00000000      0.00000000      0.00000324    -10.41561152      0.00000365      6.16080986      5.35245778      0.00000000      0.99982214      0.33040123      0.50828546      0.50828546      0.45445934      0.86035099      3.20000000    -10.00000000
     39.49832776     -0.00000000     -0.00000000      0.00000000      0.00000000      0.00000310    -10.40940908      0.00000360      5.96678079      5.51993011      0.00000000      0.99982214      0.33096018      0.50824856      0.50824856      0.45463783      0.85646168      3.20000000    -10.00000000
     39.66555184     -0.00000000     -0.00000000      0.00000000      0.00000000      0.00000296    -10.40153562      0.00000355      5.77854446      5.69112299      0.00000000      0.99982214      0.33152876      0.50821200      0.50821200      0.45481028      0.85247570      3.20000000    -10.00000000
     39.83277592     -0.00000000     -0.00000000      0.00000000      0.00000000      0.00000283    -10.39195951      0.00000350      5.59594830      5.86600876      0.00000000      0.99982214      0.33207013      0.50817577      0.50817577      0.45498176      0.84839178      3.20000000    -10.00000000
     40.00000000     -0.00000000     -0.00000000      0.00000000      0.00000000      0.00000271    -10.38064941      0.00000344      5.41884195      6.04455136      0.00000000      0.99982214      0.33262054      0.50813987      0.50813987      0.45515148      0.84420866      3.20000000    -10.00000000
