    -10.00000000      0.00000000      0.00000000      0.00000000      0.00000000      0.00926507      0.00000115      0.00076991      0.00000000      0.97148993      0.99981463      0.99981463      0.50008462      0.50011349      0.50011349      0.49998556      0.00000000      1.30000000    -10.00000000
    -10.16722408      0.00000000      0.00000000      0.00000000      0.00000000      0.00927958     -0.04424792      0.00077174      0.00061209      0.97227560      1.00045564      0.99981463      0.48866714      0.50063813      0.50063813      0.49582887      0.00061172      1.30000000    -10.00000000
    -10.33444816      0.00000000      0.00000000      0.00000000      0.00000000      0.00934983     -0.08833232      0.00077983      0.00243229      0.97509102      1.00091400      0.99981463      0.47739795      0.50121631      0.50121631      0.49165646      0.00242639      1.30000000    -10.00000000
    -10.50167224      0.00000000      0.00000000      0.00000000      0.00000000      0.00939586     -0.13308079      0.00079332      0.00545373      0.98709465      1.00137740      0.99981463      0.46610261      0.50183881      0.50183881      0.48717416      0.00542415      1.30000000    -10.00000000
    -10.66889632      0.00000000      0.00000000      0.00000000      0.00000000      0.00945879     -0.17855582      0.00081219      0.00965387      1.00384803      1.00184841      0.99981463      0.45411566      0.50243149      0.50243149      0.48293964      0.00956157      1.30000000    -10.00000000
    -10.83612040      0.00000000      0.00000000      0.00000000      0.00000000      0.00954035     -0.22496683      0.00083642      0.01500893      1.02496419      1.00232969      0.99981463      0.44263800      0.50301784      0.50301784      0.47894117      0.01478700      1.30000000    -10.00000000
    -11.00334448      0.00000000      0.00000000      0.00000000      0.00000000      0.00964148     -0.27251099      0.00086600      0.02149656      1.05007552      1.00282394      0.99981463      0.43211406      0.50362340      0.50362340      0.47485845      0.02104418      1.30000000    -10.00000000
    -11.17056856      0.00000000      0.00000000      0.00000000      0.00000000      0.00976322     -0.32136255      0.00090088      0.02909993      1.07874819      1.00333403      0.99981463      0.42128503      0.50423609      0.50423609      0.47075913      0.02827707      1.30000000    -10.00000000
    -11.33779264      0.00000000      0.00000000      0.00000000      0.00000000      0.00990678     -0.37166712      0.00094101      0.03781133      1.11047273      1.00386291      0.99981463      0.41091015      0.50486260      0.50486260      0.46673348      0.03643372      1.30000000    -10.00000000
    -11.50501672      0.00000000      0.00000000      0.00000000      0.00000000      0.01007357     -0.42353628      0.00098631      0.04763485      1.14466374      1.00441372      0.99981463      0.40105647      0.50549678      0.50549678      0.46284361      0.04546894      1.30000000    -10.00000000
    -11.67224080      0.00000000      0.00000000      0.00000000      0.00000000      0.01026524     -0.47704233      0.00103668      0.05858812      1.18066259      1.00498979      0.99981463      0.39102971      0.50614335      0.50614335      0.45891828      0.05534553      1.30000000    -10.00000000
    -11.83946488      0.00000000      0.00000000      0.00000000      0.00000000      0.01048371     -0.53221326      0.00109200      0.07070293      1.21774251      1.00559467      0.99981463      0.38118310      0.50680090      0.50680090      0.45499712      0.06603413      1.30000000    -10.00000000
    -12.00668896      0.00000000      0.00000000      0.00000000      0.00000000      0.01073117     -0.58902769      0.00115208      0.08402502      1.25511735      1.00623213      0.99981463      0.37159484      0.50747368      0.50747368      0.45111500      0.07751206      1.30000000    -10.00000000
    -12.17391304      0.00000000      0.00000000      0.00000000      0.00000000      0.01101014     -0.64741109      0.00121672      0.09861325      1.29195241      1.00690627      0.99981463      0.36230324      0.50815874      0.50815874      0.44730247      0.08976157      1.30000000    -10.00000000
    -12.34113712      0.00000000      0.00000000      0.00000000      0.00000000      0.01132347     -0.70723161      0.00128566      0.11453805      1.32737937      1.00762147      0.99981463      0.35332659      0.50886050      0.50886050      0.44350732      0.10276728      1.30000000    -10.00000000
    -12.50836120      0.00000000      0.00000000      0.00000000      0.00000000      0.01167438     -0.76829778      0.00135859      0.13187958      1.36051431      1.00838248      0.99981463      0.34469524      0.50957786      0.50957786      0.43979424      0.11651379      1.30000000    -10.00000000
    -12.67558528      0.00000000      0.00000000      0.00000000      0.00000000      0.01206651     -0.83035705      0.00143515      0.15072555      1.39047886      1.00919446      0.99981463      0.33642696      0.51031276      0.51031276      0.43615351      0.13098306      1.30000000    -10.00000000
    -12.84280936      0.00000000      0.00000000      0.00000000      0.00000000      0.01250397     -0.89309593      0.00151493      0.17116874      1.41642399      1.01006300      0.99981463      0.32854601      0.51106683      0.51106683      0.43258875      0.14615207      1.30000000    -10.00000000
    -13.01003344      0.00000000      0.00000000      0.00000000      0.00000000      0.01299136     -0.95614170      0.00159746      0.19330427      1.43755541      1.01099419      0.99981463      0.32107739      0.51184066      0.51184066      0.42911001      0.16199076      1.30000000    -10.00000000
    -13.17725753      0.00000000      0.00000000      0.00000000      0.00000000      0.01353381     -1.01906616      0.00168223      0.21722655      1.45315975      1.01199465      0.99981463      0.31403708      0.51263539      0.51263539      0.42572317      0.17846025      1.30000000    -10.00000000
    -13.34448161      0.00000000      0.00000000      0.00000000      0.00000000      0.01413710     -1.08139110      0.00176867      0.24302596      1.46262984      1.01307164      0.99981463      0.30745362      0.51344765      0.51344765      0.42243624      0.19551157      1.30000000    -10.00000000
    -13.51170569      0.00000000      0.00000000      0.00000000      0.00000000      0.01480764     -1.14259578      0.00185618      0.27078493      1.46548796      1.01423304      0.99981463      0.30135133      0.51429173      0.51429173      0.41925732      0.21308478      1.30000000    -10.00000000
    -13.67892977      0.00000000      0.00000000      0.00000000      0.00000000      0.01555256     -1.20212754      0.00194412      0.30057490      1.46140267      1.01548748      0.99981463      0.29576822      0.51515475      0.51515475      0.41615618      0.23110926      1.30000000    -10.00000000
    -13.84615385      0.00000000      0.00000000      0.00000000      0.00000000      0.01637981     -1.25940708      0.00203185      0.33244668      1.45021294      1.01684439      0.99981463      0.29075268      0.51604177      0.51604177      0.41326034      0.24950092      1.30000000    -10.00000000
    -14.01337793      0.00000000      0.00000000      0.00000000      0.00000000      0.01729815     -1.31385108      0.00211870      0.36643428      1.43191652      1.01831406      0.99981463      0.28640267      0.51695336      0.51695336      0.41046261      0.26816824      1.30000000    -10.00000000
    -14.18060201      0.00000000      0.00000000      0.00000000      0.00000000      0.01831728     -1.36487457      0.00220400      0.40253975      1.40668940      1.01990771      0.99981463      0.28303242      0.51788919      0.51788919      0.40781128      0.28700773      1.30000000    -10.00000000
    -14.34782609      0.00000000      0.00000000      0.00000000      0.00000000      0.01944787     -1.41190913      0.00228710      0.44073095      1.37486942      1.02163763      0.99981463      0.28036074      0.51884895      0.51884895      0.40532475      0.30590788      1.30000000    -10.00000000
    -14.51505017      0.00000000      0.00000000      0.00000000      0.00000000      0.02070163     -1.45441459      0.00236739      0.48093313      1.33694411      1.02351718      0.99981463      0.27629904      0.51983189      0.51983189      0.40299871      0.32475007      1.30000000    -10.00000000
    -14.68227425      0.00000000      0.00000000      0.00000000      0.00000000      0.02209135     -1.49189075      0.00244428      0.52302075      1.29353038      1.02556094      0.99981463      0.27285360      0.52083661      0.52083661      0.40085468      0.34341013      1.30000000    -10.00000000
    -14.84949833      0.00000000      0.00000000      0.00000000      0.00000000      0.02363095     -1.52388785      0.00251724      0.56680854      1.24534917      1.02778477      0.99981463      0.27004059      0.52186104      0.52186104      0.39892453      0.36175992      1.30000000    -10.00000000
    -15.01672241      0.00000000      0.00000000      0.00000000      0.00000000      0.02533549     -1.55001515      0.00258579      0.61204215      1.19319675      1.03020590      0.99981463      0.26787441      0.52290641      0.52290641      0.39720027      0.37966883      1.30000000    -10.00000000
    -15.18394649      0.00000000      0.00000000      0.00000000      0.00000000      0.02722119     -1.56994736      0.00264953      0.65838826      1.13791445      1.03284301      0.99981463      0.26636633      0.52395761      0.52395761      0.39570543      0.39700490      1.30000000    -10.00000000
    -15.35117057      0.00000000      0.00000000      0.00000000      0.00000000      0.02930538     -1.58342865      0.00270812      0.70542451      1.08035867      1.03571634      0.99981463      0.26553475      0.52502483      0.52502483      0.39445706      0.41363573      1.30000000    -10.00000000
    -15.51839465      0.00000000      0.00000000      0.00000000      0.00000000      0.03160644     -1.59027433      0.00276129      0.75262968      1.02137276      1.03884772      0.99981463      0.26539778      0.52608787      0.52608787      0.39347332      0.42942881      1.30000000    -10.00000000
    -15.68561873      0.00000000      0.00000000      0.00000000      0.00000000      0.03414367     -1.59037005      0.00280886      0.79937423      0.96176229      1.04226067      0.99981463      0.26591912      0.52711403      0.52711403      0.39275851      0.44425124      1.30000000    -10.00000000
    -15.85284281      0.00000000      0.00000000      0.00000000      0.00000000      0.03693714     -1.58366900      0.00285072      0.84491230      0.90227455      1.04598039      0.99981463      0.26723536      0.52816160      0.52816160      0.39237737      0.45796882      1.30000000    -10.00000000
    -16.02006689      0.00000000      0.00000000      0.00000000      0.00000000      0.04000745     -1.57018759      0.00288683      0.88837601      0.84358290      1.05003389      0.99981463      0.26926599      0.52917087      0.52917087      0.39230696      0.47044445      1.30000000    -10.00000000
    -16.18729097      0.00000000      0.00000000      0.00000000      0.00000000      0.04337535     -1.55000028      0.00291722      0.92877393      0.78627605      1.05444986      0.99981463      0.27206176      0.53014104      0.53014104      0.39258428      0.48153592      1.30000000    -10.00000000
    -16.35451505      0.00000000      0.00000000      0.00000000      0.00000000      0.04706129     -1.52323424      0.00294202      0.96499605      0.73085187      1.05925875      0.99981463      0.27562875      0.53106625      0.53106625      0.39323780      0.49109312      1.30000000    -10.00000000
    -16.52173913      0.00000000      0.00000000      0.00000000      0.00000000      0.05108481     -1.49006418      0.00296136      0.99582735      0.67771548      1.06449263      0.99981463      0.27999182      0.53190033      0.53190033      0.39427891      0.49895466      1.30000000    -10.00000000
    -16.68896321      0.00000000      0.00000000      0.00000000      0.00000000      0.05546369     -1.45070711      0.00297545      1.01997234      0.62718057      1.07018508      0.99981463      0.28516140      0.53265016      0.53265016      0.39574913      0.50494372      1.30000000    -10.00000000
    -16.85618729      0.00000000      0.00000000      0.00000000      0.00000000      0.06021301     -1.40541654      0.00298453      1.03609035      0.57947406      1.07637103      0.99981463      0.29113811      0.53328410      0.53328410      0.39767420      0.50886266      1.30000000    -10.00000000
    -17.02341137      0.00000000      0.00000000      0.00000000      0.00000000      0.06534400     -1.35447563      0.00298884      1.04284255      0.53474306      1.08308648      0.99981463      0.29795286      0.53377464      0.53377464      0.40009835      0.51048601      1.30000000    -10.00000000
    -17.19063545      0.00000000      0.00000000      0.00000000      0.00000000      0.07086275     -1.29818966      0.00298864      1.03895020      0.49306374      1.09036821      0.99981463      0.30555517      0.53409315      0.53409315      0.40314342      0.50955153      1.30000000    -10.00000000
    -17.35785953      0.00000000      0.00000000      0.00000000      0.00000000      0.07676877     -1.23687822      0.00298417      1.02326470      0.45445136      1.09825335      0.99981463      0.31398493      0.53420829      0.53420829      0.40659091      0.50574930      1.30000000    -10.00000000
    -17.52508361      0.00000000      0.00000000      0.00000000      0.00000000      0.08305356     -1.17086808      0.00297571      0.99485004      0.41887054      1.10677890      0.99981463      0.32321497      0.53408487      0.53408487      0.41017300      0.49870919      1.30000000    -10.00000000
    -17.69230769      0.00000000      0.00000000      0.00000000      0.00000000      0.08969899     -1.10048701      0.00296348      0.95307714      0.38624538      1.11598113      0.99981463      0.33321833      0.53368163      0.53368163      0.41428346      0.48798745      1.30000000    -10.00000000
    -17.85953177      0.00000000      0.00000000      0.00000000      0.00000000      0.09667579     -1.02605907      0.00294775      0.89772809      0.35646871      1.12589487      0.99981463      0.34394622      0.53297931      0.53297931      0.41893497      0.47305412      1.30000000    -10.00000000
    -18.02675585      0.00000000      0.00000000      0.00000000      0.00000000      0.10394212     -0.94790091      0.00292874      0.82910587      0.32941047      1.13655276      0.99981463      0.35526009      0.53194912      0.53194912      0.42413094      0.45328479      1.30000000    -10.00000000
    -18.19397993      0.00000000      0.00000000      0.00000000      0.00000000      0.11144234     -0.86631918      0.00290666      0.74814298      0.30492481      1.14798436      0.99981463      0.36756926      0.53049170      0.53049170      0.42986723      0.42796441      1.30000000    -10.00000000
    -18.36120401      0.00000000      0.00000000      0.00000000      0.00000000      0.11910615     -0.78160868      0.00288171      0.65650080      0.28285574      1.16021520      0.99981463      0.38049399      0.52863765      0.52863765      0.43613807      0.39631783      1.30000000    -10.00000000
    -18.52842809      0.00000000      0.00000000      0.00000000      0.00000000      0.12684832     -0.69405274      0.00285397      0.55666515      0.26303432      1.17326581      0.99981463      0.39397956      0.52634051      0.52634051      0.44292942      0.35760109      1.30000000    -10.00000000
    -18.69565217      0.00000000      0.00000000      0.00000000      0.00000000      0.13456910     -0.60391299      0.00282385      0.45188265      0.24532657      1.18715066      0.99981463      0.40795316      0.52356662      0.52356662      0.45019347      0.31123910      1.30000000    -10.00000000
    -18.86287625      0.00000000      0.00000000      0.00000000      0.00000000      0.14215527     -0.51144740      0.00279119      0.34637708      0.22954842      1.20187715      0.99981463      0.42233472      0.52032303      0.52032303      0.45798146      0.25726603      1.30000000    -10.00000000
    -19.03010033      0.00000000      0.00000000      0.00000000      0.00000000      0.14948250     -0.41688673      0.00275642      0.24504993      0.21557732      1.21744467      0.99981463      0.43704686      0.51655485      0.51655485      0.46617895      0.19681936      1.30000000    -10.00000000
    -19.19732441      0.00000000      0.00000000      0.00000000      0.00000000      0.15641817     -0.32045558      0.00271943      0.15357411      0.20325404      1.23384370      0.99981463      0.45199974      0.51240369      0.51240369      0.47476479      0.13312895      1.30000000    -10.00000000
    -19.36454849      0.00000000      0.00000000      0.00000000      0.00000000      0.16282556     -0.22236090      0.00268017      0.07809977      0.19243700      1.25105504      0.99981463      0.46710427      0.50769483      0.50769483      0.48369249      0.07244207      1.30000000    -10.00000000
    -19.53177258      0.00000000      0.00000000      0.00000000      0.00000000      0.16856859     -0.12279279      0.00263863      0.02504480      0.18299941      1.26904933      0.99981463      0.48228056      0.50258903      0.50258903      0.49289977      0.02443288      1.30000000    -10.00000000
    -19.69899666      0.00000000      0.00000000      0.00000000      0.00000000      0.17351720     -0.02192139      0.00259504      0.00083543      0.17484367      1.28778664      0.99981463      0.49744908      0.49710327      0.49710327      0.50225564      0.00083473      1.30000000    -10.00000000
    -19.86622074      0.00000000      0.00000000      0.00000000      0.00000000      0.17755284      0.08009333      0.00254928      0.01161650      0.16785678      1.30721646      0.99981463      0.51254315      0.49129906      0.49129906      0.51194416      0.01148311      1.30000000    -10.00000000
    -20.03344482      0.00000000      0.00000000      0.00000000      0.00000000      0.18057397      0.18310745      0.00250124      0.06293400      0.16193780      1.32727787      0.99981463      0.52747897      0.48524711      0.48524711      0.52173340      0.05920781      1.30000000    -10.00000000
    -20.20066890      0.00000000      0.00000000      0.00000000      0.00000000      0.18250096      0.28699309      0.00245083      0.15946625      0.15699854      1.34790011      0.99981463      0.54224606      0.47903089      0.47903089      0.53155748      0.13753419      1.30000000    -10.00000000
    -20.36789298      0.00000000      0.00000000      0.00000000      0.00000000      0.18328003      0.39163694      0.00239794      0.30480208      0.15295753      1.36900339      0.99981463      0.55677557      0.47273939      0.47273939      0.54135164      0.23360024      1.30000000    -10.00000000
    -20.53511706      0.00000000      0.00000000      0.00000000      0.00000000      0.18288603      0.49694207      0.00234260      0.50126491      0.14974962      1.39049998      0.99981463      0.57104447      0.46647170      0.46647170      0.55105066      0.33389504      1.30000000    -10.00000000
    -20.70234114      0.00000000      0.00000000      0.00000000      0.00000000      0.18132362      0.60282353      0.00228472      0.74985139      0.14730812      1.41229562      0.99981463      0.58503698      0.46031352      0.46031352      0.56059548      0.42852290      1.30000000    -10.00000000
    -20.86956522      0.00000000      0.00000000      0.00000000      0.00000000      0.17862701      0.70921097      0.00222433      1.05020218      0.14557925      1.43429113      0.99981463      0.59874799      0.45436598      0.45436598      0.56995505      0.51224323      1.30000000    -10.00000000
    -21.03678930      0.00000000      0.00000000      0.00000000      0.00000000      0.17485808      0.81604571      0.00216144      1.40069829      0.14451266      1.45638416      0.99981463      0.61216577      0.44870375      0.44870375      0.57905595      0.58345453      1.30000000    -10.00000000
    -21.20401338      0.00000000      0.00000000      0.00000000      0.00000000      0.17010326      0.92328057      0.00209615      1.79858101      0.14406514      1.47847109      0.99981463      0.62530583      0.44340514      0.44340514      0.58786853      0.64267606      1.30000000    -10.00000000
    -21.37123746      0.00000000      0.00000000      0.00000000      0.00000000      0.16446922      1.03087831      0.00202861      2.24013246      0.14419912      1.50044900      0.99981463      0.63816591      0.43853319      0.43853319      0.59636115      0.69137064      1.30000000    -10.00000000
    -21.53846154      0.00000000      0.00000000      0.00000000      0.00000000      0.15807793      1.13881022      0.00195902      2.72087670      0.14488231      1.52221754      0.99981463      0.65074015      0.43413533      0.43413533      0.60450831      0.73124613      1.30000000    -10.00000000
    -21.70568562      0.00000000      0.00000000      0.00000000      0.00000000      0.15106131      1.24705446      0.00188763      3.23578513      0.14608737      1.54368076      0.99981463      0.66304915      0.43024105      0.43024105      0.61229163      0.76391626      1.30000000    -10.00000000
    -21.87290970      0.00000000      0.00000000      0.00000000      0.00000000      0.14355589      1.35559443      0.00181478      3.77946934      0.14779176      1.56474878      0.99981463      0.67508364      0.42684055      0.42684055      0.61969827      0.79077175      1.30000000    -10.00000000
    -22.04013378      0.00000000      0.00000000      0.00000000      0.00000000      0.13569783      1.46441709      0.00174081      4.34634908      0.14997763      1.58533923      0.99981463      0.68685030      0.42398674      0.42398674      0.62672260      0.81295647      1.30000000    -10.00000000
    -22.20735786      0.00000000      0.00000000      0.00000000      0.00000000      0.12761849      1.57351133      0.00166614      4.93078833      0.15263176      1.60537839      0.99981463      0.69833943      0.42176292      0.42176292      0.63335862      0.83138835      1.30000000    -10.00000000
    -22.37458194      0.00000000      0.00000000      0.00000000      0.00000000      0.11944073      1.68286656      0.00159118      5.52719849      0.15574561      1.62480210      0.99981463      0.70954659      0.41997781      0.41997781      0.63962434      0.84679491      1.30000000    -10.00000000
    -22.54180602      0.00000000      0.00000000      0.00000000      0.00000000      0.11127613      1.79247156      0.00151639      6.13011358      0.15931532      1.64355632      0.99981463      0.72045287      0.41868197      0.41868197      0.64548635      0.85974978      1.30000000    -10.00000000
    -22.70903010      0.00000000      0.00000000      0.00000000      0.00000000      0.10322299      1.90231373      0.00144220      6.73424704      0.16334158      1.66159737      0.99981463      0.73107395      0.41783486      0.41783486      0.65099036      0.87070493      1.30000000    -10.00000000
    -22.87625418      0.00000000      0.00000000      0.00000000      0.00000000      0.09536526      2.01237873      0.00136902      7.33454031      0.16782940      1.67889186      0.99981463      0.74137748      0.41740637      0.41740637      0.65613424      0.88001738      1.30000000    -10.00000000
    -23.04347826      0.00000000      0.00000000      0.00000000      0.00000000      0.08777218      2.12265039      0.00129724      7.92620954      0.17278773      1.69541642      0.99981463      0.75135446      0.41735516      0.41735516      0.66093016      0.88797036      1.30000000    -10.00000000
    -23.21070234      0.00000000      0.00000000      0.00000000      0.00000000      0.08049854      2.23311067      0.00122721      8.50478705      0.17822908      1.71115714      0.99981463      0.76099692      0.41763746      0.41763746      0.66539164      0.89478986      1.30000000    -10.00000000
    -23.37792642      0.00000000      0.00000000      0.00000000      0.00000000      0.07358550      2.34373931      0.00115921      9.06614499      0.18416939      1.72610883      0.99981463      0.77029585      0.41821253      0.41821253      0.66953306      0.90065710      1.30000000    -10.00000000
    -23.54515050      0.00000000      0.00000000      0.00000000      0.00000000      0.06706176      2.45451302      0.00109349      9.60648668      0.19062840      1.74027421      0.99981463      0.77924393      0.41903937      0.41903937      0.67334012      0.90571807      1.30000000    -10.00000000
    -23.71237458      0.00000000      0.00000000      0.00000000      0.00000000      0.06094495      2.56540420      0.00103025     10.12230000      0.19763047      1.75366294      0.99981463      0.78783377      0.42007886      0.42007886      0.67691617      0.91009054      1.30000000    -10.00000000
    -23.87959866      0.00000000      0.00000000      0.00000000      0.00000000      0.05524309      2.67637959      0.00096966     10.61028308      0.20520595      1.76629064      0.99981463      0.79606830      0.42129419      0.42129419      0.68018871      0.91386946      1.30000000    -10.00000000
    -24.04682274      0.00000000      0.00000000      0.00000000      0.00000000      0.04995616      2.78739901      0.00091184     11.06726539      0.21339266      1.77817792      0.99981463      0.80394460      0.42265268      0.42265268      0.68320241      0.91713118      1.30000000    -10.00000000
    -24.21404682      0.00000000      0.00000000      0.00000000      0.00000000      0.04507749      2.89841463      0.00085690     11.49014876      0.22223727      1.78934944      0.99981463      0.81145431      0.42412206      0.42412206      0.68597251      0.91993690      1.30000000    -10.00000000
    -24.38127090      0.00000000      0.00000000      0.00000000      0.00000000      0.04059517      3.00937073      0.00080488     11.87588564      0.23179651      1.79983300      0.99981463      0.81860151      0.42566467      0.42566467      0.68851367      0.92233544      1.30000000    -10.00000000
    -24.54849498      0.00000000      0.00000000      0.00000000      0.00000000      0.03649325      3.12020396      0.00075584     12.22150178      0.24213797      1.80965870      0.99981463      0.82542555      0.42729344      0.42729344      0.69084033      0.92436563      1.30000000    -10.00000000
    -24.71571906      0.00000000      0.00000000      0.00000000      0.00000000      0.03275284      3.23084401      0.00070975     12.52416395      0.25334057      1.81885823      0.99981463      0.83190827      0.42896249      0.42896249      0.69296607      0.92605828      1.30000000    -10.00000000
    -24.88294314      0.00000000      0.00000000      0.00000000      0.00000000      0.02935309      3.34121468      0.00066659     12.78129065      0.26549452      1.82746422      0.99981463      0.83805886      0.43065380      0.43065380      0.69490429      0.92743786      1.30000000    -10.00000000
    -25.05016722      0.00000000      0.00000000      0.00000000      0.00000000      0.02627194      3.45123539      0.00062630     12.99070075      0.27870072      1.83550964      0.99981463      0.84388787      0.43235227      0.43235227      0.69666744      0.92852395      1.30000000    -10.00000000
    -25.21739130      0.00000000      0.00000000      0.00000000      0.00000000      0.02348681      3.56082307      0.00058877     13.15078870      0.29306942      1.84302739      0.99981463      0.84940672      0.43404501      0.43404501      0.69826744      0.92933256      1.30000000    -10.00000000
    -25.38461538      0.00000000      0.00000000      0.00000000      0.00000000      0.02097514      3.66989444      0.00055388     13.26070344      0.30871810      1.85004984      0.99981463      0.85462662      0.43572165      0.43572165      0.69971579      0.92987723      1.30000000    -10.00000000
    -25.55183946      0.00000000      0.00000000      0.00000000      0.00000000      0.01871480      3.77836828      0.00052149     13.32049612      0.32576894      1.85660859      0.99981463      0.85956060      0.43737323      0.43737323      0.70102224      0.93017002      1.30000000    -10.00000000
    -25.71906355      0.00000000      0.00000000      0.00000000      0.00000000      0.01668441      3.88616727      0.00049143     13.33119784      0.34434622      1.86273419      0.99981463      0.86422043      0.43899226      0.43899226      0.70219753      0.93022216      1.30000000    -10.00000000
    -25.88628763      0.00000000      0.00000000      0.00000000      0.00000000      0.01486358      3.99321898      0.00046351     13.29479750      0.36457429      1.86845597      0.99981463      0.86861677      0.44057077      0.44057077      0.70325068      0.93004448      1.30000000    -10.00000000
    -26.05351171      0.00000000      0.00000000      0.00000000      0.00000000      0.01323305      4.09945564      0.00043757     13.21411350      0.38657686      1.87380189      0.99981463      0.87276766      0.44210921      0.44210921      0.70418936      0.92964739      1.30000000    -10.00000000
    -26.22073579      0.00000000      0.00000000      0.00000000      0.00000000      0.01177484      4.20481266      0.00041342     13.09258210      0.41047764      1.87879850      0.99981463      0.87669624      0.44361609      0.44361609      0.70502411      0.92904068      1.30000000    -10.00000000
    -26.38795987      0.00000000      0.00000000      0.00000000      0.00000000      0.01047222      4.30922621      0.00039091     12.93399940      0.43640253      1.88347086      0.99981463      0.88040292      0.44507582      0.44507582      0.70576047      0.92823310      1.30000000    -10.00000000
    -26.55518395      0.00000000      0.00000000      0.00000000      0.00000000      0.00930980      4.41263042      0.00036988     12.74228744      0.46448236      1.88784253      0.99981463      0.88389476      0.44648718      0.44648718      0.70640555      0.92723191      1.30000000    -10.00000000
    -26.72240803      0.00000000      0.00000000      0.00000000      0.00000000      0.00827344      4.51495463      0.00035020     12.52128864      0.49485648      1.89193559      0.99981463      0.88718310      0.44784927      0.44784927      0.70690200      0.92604255      1.30000000    -10.00000000
    -26.88963211      0.00000000      0.00000000      0.00000000      0.00000000      0.00735024      4.61612113      0.00033176     12.27464204      0.52767566      1.89577066      0.99981463      0.89028565      0.44916137      0.44916137      0.70744771      0.92466840      1.30000000    -10.00000000
    -27.05685619      0.00000000      0.00000000      0.00000000      0.00000000      0.00652844      4.71604368      0.00031445     12.00571915      0.56310446      1.89936695      0.99981463      0.89320921      0.45042203      0.45042203      0.70785603      0.92311075      1.30000000    -10.00000000
    -27.22408027      0.00000000      0.00000000      0.00000000      0.00000000      0.00579739      4.81462664      0.00029819     11.71761134      0.60132277      1.90274230      0.99981463      0.89595736      0.45162556      0.45162556      0.70819663      0.92136888      1.30000000    -10.00000000
    -27.39130435      0.00000000      0.00000000      0.00000000      0.00000000      0.00514746      4.91176467      0.00028290     11.41314848      0.64252665      1.90591326      0.99981463      0.89856371      0.45279717      0.45279717      0.70847357      0.91944026      1.30000000    -10.00000000
    -27.55852843      0.00000000      0.00000000      0.00000000      0.00000000      0.00456995      5.00734274      0.00026852     11.09493111      0.68692850      1.90889515      0.99981463      0.90103823      0.45393851      0.45393851      0.70869140      0.91732074      1.30000000    -10.00000000
    -27.72575251      0.00000000      0.00000000      0.00000000      0.00000000      0.00405702      5.10123630      0.00025498     10.76536403      0.73475690      1.91170213      0.99981463      0.90337303      0.45503454      0.45503454      0.70885407      0.91500475      1.30000000    -10.00000000
    -27.89297659      0.00000000      0.00000000      0.00000000      0.00000000      0.00360164      5.19331148      0.00024222     10.42668473      0.78625607      1.91434726      0.99981463      0.90557652      0.45608686      0.45608686      0.70896541      0.91248555      1.30000000    -10.00000000
    -28.06020067      0.00000000      0.00000000      0.00000000      0.00000000      0.00319748      5.28342524      0.00023020     10.08098399      0.84168525      1.91684259      0.99981463      0.90765654      0.45709697      0.45709697      0.70902836      0.90975531      1.30000000    -10.00000000
    -28.22742475      0.00000000      0.00000000      0.00000000      0.00000000      0.00283891      5.37142542      0.00021887      9.73022001      0.90131780      1.91919922      0.99981463      0.90962046      0.45806714      0.45806714      0.70904604      0.90680527      1.30000000    -10.00000000
    -28.39464883      0.00000000      0.00000000      0.00000000      0.00000000      0.00252084      5.45715079      0.00020817      9.37622558      0.96544018      1.92142737      0.99981463      0.91147517      0.45899849      0.45899849      0.70902265      0.90362584      1.30000000    -10.00000000
    -28.56187291      0.00000000      0.00000000      0.00000000      0.00000000      0.00223876      5.54043099      0.00019807      9.02071196      1.03435065      1.92353642      0.99981463      0.91322708      0.45989285      0.45989285      0.70895931      0.90020669      1.30000000    -10.00000000
    -28.72909699      0.00000000      0.00000000      0.00000000      0.00000000      0.00198865      5.62108649      0.00018853      8.66527047      1.10835764      1.92553503      0.99981463      0.91488220      0.46075190      0.46075190      0.70885904      0.89653678      1.30000000    -10.00000000
    -28.89632107      0.00000000      0.00000000      0.00000000      0.00000000      0.00176690      5.69892857      0.00017951      8.31137227      1.18777779      1.92743113      0.99981463      0.91644635      0.46157724      0.46157724      0.70872536      0.89260444      1.30000000    -10.00000000
    -29.06354515      0.00000000      0.00000000      0.00000000      0.00000000      0.00157031      5.77375943      0.00017098      7.96036913      1.27293337      1.92923203      0.99981463      0.91792402      0.46237047      0.46237047      0.70855661      0.88839745      1.30000000    -10.00000000
    -29.23076923      0.00000000      0.00000000      0.00000000      0.00000000      0.00139604      5.84537191      0.00016290      7.61348911      1.36414984      1.93094443      0.99981463      0.91932076      0.46313308      0.46313308      0.70835855      0.88390303      1.30000000    -10.00000000
    -29.39799331      0.00000000      0.00000000      0.00000000      0.00000000      0.00124155      5.91355040      0.00015523      7.27184591      1.46175116      1.93257450      0.99981463      0.92064082      0.46386651      0.46386651      0.70813199      0.87910800      1.30000000    -10.00000000
    -29.56521739      0.00000000      0.00000000      0.00000000      0.00000000      0.00110459      5.97807043      0.00014797      6.93643158      1.56605661      1.93412792      0.99981463      0.92188842      0.46457214      0.46457214      0.70787758      0.87399879      1.30000000    -10.00000000
    -29.73244147      0.00000000      0.00000000      0.00000000      0.00000000      0.00098318      6.03869954      0.00014106      6.60812310      1.67737524      1.93560988      0.99981463      0.92306740      0.46525135      0.46525135      0.70759800      0.86856154      1.30000000    -10.00000000
    -29.89966555      0.00000000      0.00000000      0.00000000      0.00000000      0.00087553      6.09519779      0.00013450      6.28768468      1.79600012      1.93702518      0.99981463      0.92415920      0.46590538      0.46590538      0.70729431      0.86278221      1.30000000    -10.00000000
    -30.06688963      0.00000000      0.00000000      0.00000000      0.00000000      0.00078007      6.14731863      0.00012826      5.97577146      1.92220180      1.93837824      0.99981463      0.92523400      0.46653549      0.46653549      0.70696789      0.85664668      1.30000000    -10.00000000
    -30.23411371      0.00000000      0.00000000      0.00000000      0.00000000      0.00069542      6.19480996      0.00012231      5.67293451      2.05622064      1.93967310      0.99981463      0.92622807      0.46714281      0.46714281      0.70660479      0.85014089      1.30000000    -10.00000000
    -30.40133779      0.00000000      0.00000000      0.00000000      0.00000000      0.00062033      6.23741536      0.00011664      5.37962563      2.19825863      1.94091350      0.99981463      0.92716640      0.46772845      0.46772845      0.70625172      0.84325099      1.30000000    -10.00000000
    -30.56856187      0.00000000      0.00000000      0.00000000      0.00000000      0.00055371      6.27487574      0.00011123      5.09620326      2.34847006      1.94210289      0.99981463      0.92805239      0.46829347      0.46829347      0.70586435      0.83596347      1.30000000    -10.00000000
    -30.73578595      0.00000000      0.00000000      0.00000000      0.00000000      0.00049459      6.30693108      0.00010606      4.82293843      2.50695167      1.94324444      0.99981463      0.92888804      0.46883885      0.46883885      0.70545878      0.82826540      1.30000000    -10.00000000
    -30.90301003      0.00000000      0.00000000      0.00000000      0.00000000      0.00044211      6.33332260      0.00010111      4.56002115      2.67373199      1.94434107      0.99981463      0.92967541      0.46936554      0.46936554      0.70503607      0.82014457      1.30000000    -10.00000000
    -31.07023411      0.00000000      0.00000000      0.00000000      0.00000000      0.00039552      6.35379520      0.00009638      4.30756687      2.84876028      1.94539549      0.99981463      0.93045549      0.46987442      0.46987442      0.70459703      0.81158975      1.30000000    -10.00000000
    -31.23745819      0.00000000      0.00000000      0.00000000      0.00000000      0.00035414      6.36810013      0.00009184      4.06562298      3.03189512      1.94641020      0.99981463      0.93111571      0.47036635      0.47036635      0.70414268      0.80259091      1.30000000    -10.00000000
    -31.40468227      0.00000000      0.00000000      0.00000000      0.00000000      0.00031737      6.37599808      0.00008749      3.83417531      3.22289308      1.94738750      0.99981463      0.93177222      0.47084212      0.47084212      0.70372934      0.79313948      1.30000000    -10.00000000
    -31.57190635      0.00000000      0.00000000      0.00000000      0.00000000      0.00028469      6.37726243      0.00008332      3.61315452      3.42139764      1.94832953      0.99981463      0.93239067      0.47130250      0.47130250      0.70319075      0.78322859      1.30000000    -10.00000000
    -31.73913043      0.00000000      0.00000000      0.00000000      0.00000000      0.00025563      6.37168284      0.00007931      3.40244234      3.62692884      1.94923827      0.99981463      0.93296712      0.47174818      0.47174818      0.70269488      0.77285336      1.30000000    -10.00000000
    -31.90635452      0.00000000      0.00000000      0.00000000      0.00000000      0.00022978      6.35906903      0.00007545      3.20187748      3.83887417      1.95011555      0.99981463      0.93350870      0.47217984      0.47217984      0.70217934      0.76201115      1.30000000    -10.00000000
    -32.07357860      0.00000000      0.00000000      0.00000000      0.00000000      0.00020677      6.33925468      0.00007175      3.01126139      4.05648106      1.95096307      0.99981463      0.93401502      0.47259814      0.47259814      0.70166638      0.75070186      1.30000000    -10.00000000
    -32.24080268      0.00000000      0.00000000      0.00000000      0.00000000      0.00018628      6.31210152      0.00006818      2.83036363      4.27885159      1.95178242      0.99981463      0.93448746      0.47300365      0.47300365      0.70118753      0.73892818      1.30000000    -10.00000000
    -32.40802676      0.00000000      0.00000000      0.00000000      0.00000000      0.00016803      6.27750331      0.00006475      2.65892694      4.50493996      1.95257506      0.99981463      0.93492727      0.47339697      0.47339697      0.70059336      0.72669583      1.30000000    -10.00000000
    -32.57525084      0.00000000      0.00000000      0.00000000      0.00000000      0.00015175      6.23538990      0.00006144      2.49667190      4.73355323      1.95334237      0.99981463      0.93533569      0.47377863      0.47377863      0.70004158      0.71401377      1.30000000    -10.00000000
    -32.74247492      0.00000000      0.00000000      0.00000000      0.00000000      0.00013723      6.18573092      0.00005826      2.34330139      4.96335579      1.95408561      0.99981463      0.93571382      0.47414913      0.47414913      0.69948032      0.70089445      1.30000000    -10.00000000
    -32.90969900      0.00000000      0.00000000      0.00000000      0.00000000      0.00012427      6.12853934      0.00005520      2.19850442      5.19287804      1.95480597      0.99981463      0.93605776      0.47450896      0.47450896      0.69891016      0.68735388      1.30000000    -10.00000000
    -33.07692308      0.00000000      0.00000000      0.00000000      0.00000000      0.00011269      6.06387454      0.00005225      2.06195990      5.42052944      1.95550457      0.99981463      0.93638285      0.47485858      0.47485858      0.69833155      0.67341179      1.30000000    -10.00000000
    -33.24414716      0.00000000      0.00000000      0.00000000      0.00000000      0.00010234      5.99184477      0.00004941      1.93333978      5.64461634      1.95618243      0.99981463      0.93667683      0.47519842      0.47519842      0.69774513      0.65909166      1.30000000    -10.00000000
    -33.41137124      0.00000000      0.00000000      0.00000000      0.00000000      0.00009308      5.91260918      0.00004668      1.81231222      5.86336373      1.95684053      0.99981463      0.93694025      0.47552888      0.47552888      0.69715046      0.64442070      1.30000000    -10.00000000
    -33.57859532      0.00000000      0.00000000      0.00000000      0.00000000      0.00008479      5.82637868      0.00004406      1.69854377      6.07494267      1.95747977      0.99981463      0.93717365      0.47585035      0.47585035      0.69654959      0.62942976      1.30000000    -10.00000000
    -33.74581940      0.00000000      0.00000000      0.00000000      0.00000000      0.00007736      5.73341642      0.00004154      1.59170207      6.27749969      1.95810100      0.99981463      0.93740230      0.47616321      0.47616321      0.69594253      0.61415318      1.30000000    -10.00000000
    -33.91304348      0.00000000      0.00000000      0.00000000      0.00000000      0.00007070      5.63403693      0.00003912      1.49145767      6.46919074      1.95870501      0.99981463      0.93759509      0.47646779      0.47646779      0.69532735      0.59862854      1.30000000    -10.00000000
    -34.08026756      0.00000000      0.00000000      0.00000000      0.00000000      0.00006471      5.52860448      0.00003680      1.39748574      6.64821672      1.95929257      0.99981463      0.93776459      0.47676444      0.47676444      0.69470714      0.58289637      1.30000000    -10.00000000
    -34.24749164      0.00000000      0.00000000      0.00000000      0.00000000      0.00005933      5.41753048      0.00003458      1.30946766      6.81285989      1.95986436      0.99981463      0.93791150      0.47705345      0.47705345      0.69408136      0.56699978      1.30000000    -10.00000000
    -34.41471572      0.00000000      0.00000000      0.00000000      0.00000000      0.00005449      5.30126958      0.00003245      1.22709207      6.96152101      1.96042106      0.99981463      0.93803645      0.47733512      0.47733512      0.69345068      0.55098399      1.30000000    -10.00000000
    -34.58193980      0.00000000      0.00000000      0.00000000      0.00000000      0.00005013      5.18031529      0.00003041      1.15005607      7.09275374      1.96096328      0.99981463      0.93814003      0.47760975      0.47760975      0.69281444      0.53489585      1.30000000    -10.00000000
    -34.74916388      0.00000000      0.00000000      0.00000000      0.00000000      0.00004620      5.05519437      0.00002847      1.07806593      7.20529731      1.96149162      0.99981463      0.93822284      0.47787759      0.47787759      0.69217404      0.51878331      1.30000000    -10.00000000
    -34.91638796      0.00000000      0.00000000      0.00000000      0.00000000      0.00004265      4.92646070      0.00002663      1.01083781      7.29810445      1.96200662      0.99981463      0.93828546      0.47813890      0.47813890      0.69152951      0.50269485      1.30000000    -10.00000000
    -35.08361204      0.00000000      0.00000000      0.00000000      0.00000000      0.00003944      4.79468845      0.00002487      0.94809821      7.37036451      1.96250881      0.99981463      0.93832832      0.47839392      0.47839392      0.69088057      0.48667886      1.30000000    -10.00000000
    -35.25083612      0.00000000      0.00000000      0.00000000      0.00000000      0.00003654      4.66046495      0.00002320      0.88958435      7.42152007      1.96299869      0.99981463      0.93835197      0.47864289      0.47864289      0.69022823      0.47078309      1.30000000    -10.00000000
    -35.41806020      0.00000000      0.00000000      0.00000000      0.00000000      0.00003391      4.52438320      0.00002161      0.83504437      7.45127717      1.96347672      0.99981463      0.93835694      0.47888601      0.47888601      0.68957254      0.45505405      1.30000000    -10.00000000
    -35.58528428      0.00000000      0.00000000      0.00000000      0.00000000      0.00003152      4.38703438      0.00002011      0.78423745      7.45960800      1.96394335      0.99981463      0.93833354      0.47912350      0.47912350      0.68891371      0.43953648      1.30000000    -10.00000000
    -35.75250836      0.00000000      0.00000000      0.00000000      0.00000000      0.00002935      4.24900050      0.00001870      0.73693383      7.44674662      1.96439899      0.99981463      0.93831255      0.47935555      0.47935555      0.68825184      0.42427283      1.30000000    -10.00000000
    -35.91973244      0.00000000      0.00000000      0.00000000      0.00000000      0.00002738      4.11084726      0.00001736      0.69291473      7.41317744      1.96484406      0.99981463      0.93826451      0.47958237      0.47958237      0.68758746      0.40930280      1.30000000    -10.00000000
    -36.08695652      0.00000000      0.00000000      0.00000000      0.00000000      0.00002558      3.97311740      0.00001610      0.65197220      7.35961722      1.96527892      0.99981463      0.93819861      0.47980411      0.47980411      0.68692055      0.39466294      1.30000000    -10.00000000
    -36.25418060      0.00000000      0.00000000      0.00000000      0.00000000      0.00002394      3.83632443      0.00001492      0.61390889      7.28699109      1.96570393      0.99981463      0.93811658      0.48002097      0.48002097      0.68625177      0.38038634      1.30000000    -10.00000000
    -36.42140468      0.00000000      0.00000000      0.00000000      0.00000000      0.00002244      3.70094698      0.00001381      0.57853780      7.19640338      1.96611944      0.99981463      0.93801835      0.48023310      0.48023310      0.68558092      0.36650234      1.30000000    -10.00000000
    -36.58862876      0.00000000      0.00000000      0.00000000      0.00000000      0.00002106      3.56742354      0.00001277      0.54568187      7.08910379      1.96652578      0.99981463      0.93790198      0.48044065      0.48044065      0.68490830      0.35303634      1.30000000    -10.00000000
    -36.75585284      0.00000000      0.00000000      0.00000000      0.00000000      0.00001980      3.43614758      0.00001180      0.51517363      6.96644962      1.96692325      0.99981463      0.93777469      0.48064379      0.48064379      0.68423425      0.34000963      1.30000000    -10.00000000
    -36.92307692      0.00000000      0.00000000      0.00000000      0.00000000      0.00001865      3.30746266      0.00001089      0.48685470      6.82986383      1.96731214      0.99981463      0.93762990      0.48084265      0.48084265      0.68355884      0.32743932      1.30000000    -10.00000000
    -37.09030100      0.00000000      0.00000000      0.00000000      0.00000000      0.00001758      3.18165713      0.00001005      0.46057519      6.68078849      1.96769275      0.99981463      0.93747043      0.48103736      0.48103736      0.68288084      0.31533823      1.30000000    -10.00000000
    -37.25752508      0.00000000      0.00000000      0.00000000      0.00000000      0.00001660      3.05895753      0.00000926      0.43619305      6.52063163      1.96806533      0.99981463      0.93729648      0.48122807      0.48122807      0.68220488      0.30371477      1.30000000    -10.00000000
    -37.42474916      0.00000000      0.00000000      0.00000000      0.00000000      0.00001570      2.93951951      0.00000853      0.41357316      6.35070372      1.96843015      0.99981463      0.93706836      0.48141490      0.48141490      0.68152667      0.29257287      1.30000000    -10.00000000
    -37.59197324      0.00000000      0.00000000      0.00000000      0.00000000      0.00001486      2.82341426      0.00000785      0.39258631      6.17213720      1.96878746      0.99981463      0.93690608      0.48159796      0.48159796      0.68078572      0.28191165      1.30000000    -10.00000000
    -37.75919732      0.00000000      0.00000000      0.00000000      0.00000000      0.00001409      2.71060744      0.00000721      0.37310765      5.98577801      1.96913748      0.99981463      0.93669038      0.48177737      0.48177737      0.68016861      0.27172498      1.30000000    -10.00000000
    -37.92642140      0.00000000      0.00000000      0.00000000      0.00000000      0.00001337      2.60092617      0.00000662      0.35501491      5.79203217      1.96948044      0.99981463      0.93646137      0.48195324      0.48195324      0.67948910      0.26200074      1.30000000    -10.00000000
    -38.09364548      0.00000000      0.00000000      0.00000000      0.00000000      0.00001270      2.49400857      0.00000607      0.33818594      5.59064412      1.96981656      0.99981463      0.93621929      0.48212568      0.48212568      0.67880940      0.25271969      1.30000000    -10.00000000
    -38.26086957      0.00000000      0.00000000      0.00000000      0.00000000      0.00001207      2.38923054      0.00000556      0.32249609      5.38038271      1.97014604      0.99981463      0.93596442      0.48229479      0.48229479      0.67812984      0.24385410      1.30000000    -10.00000000
    -38.42809365      0.00000000      0.00000000      0.00000000      0.00000000      0.00001149      2.28561257      0.00000507      0.30781658      5.15863414      1.97046908      0.99981463      0.93569712      0.48246067      0.48246067      0.67745046      0.23536678      1.30000000    -10.00000000
    -38.59531773      0.00000000      0.00000000      0.00000000      0.00000000      0.00001094      2.18173632      0.00000461      0.29401737      4.92099635      1.97078587      0.99981463      0.93541753      0.48262341      0.48262341      0.67677138      0.22721285      1.30000000    -10.00000000
    -38.76254181      0.00000000      0.00000000      0.00000000      0.00000000      0.00001043      2.07576840      0.00000416      0.28098276      4.66122034      1.97109659      0.99981463      0.93512595      0.48278310      0.48278310      0.67609266      0.21934937      1.30000000    -10.00000000
    -38.92976589      0.00000000      0.00000000      0.00000000      0.00000000      0.00000994      1.96580071      0.00000372      0.26865260      4.37229480      1.97140142      0.99981463      0.93482257      0.48293983      0.48293983      0.67540879      0.21176215      1.30000000    -10.00000000
    -39.09698997      0.00000000      0.00000000      0.00000000      0.00000000      0.00000948      1.85076606      0.00000328      0.25709521      4.04977210      1.97170053      0.99981463      0.93450761      0.48309368      0.48309368      0.67473747      0.20451530      1.30000000    -10.00000000
    -39.26421405      0.00000000      0.00000000      0.00000000      0.00000000      0.00000904      1.73184895      0.00000286      0.24657644      3.69734484      1.97199406      0.99981463      0.93414516      0.48324473      0.48324473      0.67406094      0.19780290      1.30000000    -10.00000000
    -39.43143813      0.00000000      0.00000000      0.00000000      0.00000000      0.00000863      1.61420379      0.00000246      0.23754102      3.33426117      1.97228219      0.99981463      0.93384411      0.48339307      0.48339307      0.67338496      0.19194598      1.30000000    -10.00000000
    -39.59866221      0.00000000      0.00000000      0.00000000      0.00000000      0.00000825      1.50250791      0.00000210      0.23030994      2.97949294      1.97256506      0.99981463      0.93349598      0.48353879      0.48353879      0.67271306      0.18719668      1.30000000    -10.00000000
    -39.76588629      0.00000000      0.00000000      0.00000000      0.00000000      0.00000789      1.40343802      0.00000180      0.22497375      2.66119151      1.97284281      0.99981463      0.93313454      0.48368192      0.48368192      0.67203682      0.18365598      1.30000000    -10.00000000
    -39.93311037      0.00000000      0.00000000      0.00000000      0.00000000      0.00000756      1.31980509      0.00000155      0.22120580      2.39356148      1.97311558      0.99981463      0.93276808      0.48382255      0.48382255      0.67136454      0.18113720      1.30000000    -10.00000000
    -40.10033445      0.00000000      0.00000000      0.00000000      0.00000000      0.00000726      1.25130481      0.00000135      0.21847579      2.17843401      1.97338350      0.99981463      0.93238868      0.48396074      0.48396074      0.67069351      0.17930253      1.30000000    -10.00000000
    -40.26755853      0.00000000      0.00000000      0.00000000      0.00000000      0.00000698      1.19581258      0.00000120      0.21627882      2.00971170      1.97364671      0.99981463      0.93197301      0.48409653      0.48409653      0.67002407      0.17782010      1.30000000    -10.00000000
    -40.43478261      0.00000000      0.00000000      0.00000000      0.00000000      0.00000672      1.15068420      0.00000108      0.21425658      1.87845001      1.97390532      0.99981463      0.93160011      0.48423002      0.48423002      0.66935606      0.17645083      1.30000000    -10.00000000
    -40.60200669      0.00000000      0.00000000      0.00000000      0.00000000      0.00000647      1.11349591      0.00000098      0.21220626      1.77599024      1.97415946      0.99981463      0.93119128      0.48436125      0.48436125      0.66864837      0.17505788      1.30000000    -10.00000000
    -40.76923077      0.00000000      0.00000000      0.00000000      0.00000000      0.00000624      1.08229851      0.00000090      0.21003842      1.69518419      1.97440924      0.99981463      0.93077309      0.48449028      0.48449028      0.66802116      0.17357996      1.30000000    -10.00000000
    -40.93645485      0.00000000      0.00000000      0.00000000      0.00000000      0.00000602      1.05561952      0.00000084      0.20773053      1.63055708      1.97465477      0.99981463      0.93034561      0.48461717      0.48461717      0.66736201      0.17200073      1.30000000    -10.00000000
    -41.10367893      0.00000000      0.00000000      0.00000000      0.00000000      0.00000581      1.03237755      0.00000078      0.20529337      1.57806065      1.97489616      0.99981463      0.92990910      0.48474197      0.48474197      0.66670062      0.17032647      1.30000000    -10.00000000
    -41.27090301      0.00000000      0.00000000      0.00000000      0.00000000      0.00000561      1.01178565      0.00000074      0.20275102      1.53474240      1.97513352      0.99981463      0.92946383      0.48486474      0.48486474      0.66604174      0.16857273      1.30000000    -10.00000000
    -41.43812709      0.00000000      0.00000000      0.00000000      0.00000000      0.00000542      0.99327020      0.00000069      0.20013052      1.49845255      1.97536693      0.99981463      0.92900979      0.48498552      0.48498552      0.66538409      0.16675729      1.30000000    -10.00000000
    -41.60535117      0.00000000      0.00000000      0.00000000      0.00000000      0.00000524      0.97640973      0.00000066      0.19745710      1.46761772      1.97559650      0.99981463      0.92854724      0.48510436      0.48510436      0.66472861      0.16489702      1.30000000    -10.00000000
    -41.77257525      0.00000000      0.00000000      0.00000000      0.00000000      0.00000507      0.96089106      0.00000062      0.19475247      1.44107585      1.97582233      0.99981463      0.92807642      0.48522131      0.48522131      0.66407570      0.16300654      1.30000000    -10.00000000
    -41.93979933      0.00000000      0.00000000      0.00000000      0.00000000      0.00000490      0.94647834      0.00000059      0.19203446      1.41795910      1.97604450      0.99981463      0.92759732      0.48533642      0.48533642      0.66345091      0.16109808      1.30000000    -10.00000000
    -42.10702341      0.00000000      0.00000000      0.00000000      0.00000000      0.00000474      0.93299146      0.00000057      0.18931734      1.39761145      1.97626310      0.99981463      0.92710627      0.48544973      0.48544973      0.66277239      0.15918152      1.30000000    -10.00000000
    -42.27424749      0.00000000      0.00000000      0.00000000      0.00000000      0.00000459      0.92029091      0.00000054      0.18661234      1.37953085      1.97647822      0.99981463      0.92661552      0.48556128      0.48556128      0.66212910      0.15726479      1.30000000    -10.00000000
    -42.44147157      0.00000000      0.00000000      0.00000000      0.00000000      0.00000445      0.90826712      0.00000052      0.18392817      1.36332830      1.97668993      0.99981463      0.92611334      0.48567111      0.48567111      0.66148474      0.15535416      1.30000000    -10.00000000
    -42.60869565      0.00000000      0.00000000      0.00000000      0.00000000      0.00000431      0.89683284      0.00000050      0.18127151      1.34869877      1.97689832      0.99981463      0.92560314      0.48577926      0.48577926      0.66084281      0.15345457      1.30000000    -10.00000000
    -42.77591973      0.00000000      0.00000000      0.00000000      0.00000000      0.00000417      0.88591769      0.00000048      0.17864743      1.33540033      1.97710347      0.99981463      0.92508586      0.48588578      0.48588578      0.66020324      0.15156986      1.30000000    -10.00000000
    -42.94314381      0.00000000      0.00000000      0.00000000      0.00000000      0.00000404      0.87546418      0.00000046      0.17605971      1.32323897      1.97730544      0.99981463      0.92456142      0.48599069      0.48599069      0.65956613      0.14970304      1.30000000    -10.00000000
    -43.11036789      0.00000000      0.00000000      0.00000000      0.00000000      0.00000392      0.86542481      0.00000044      0.17351113      1.31205748      1.97750431      0.99981463      0.92402993      0.48609404      0.48609404      0.65893150      0.14785640      1.30000000    -10.00000000
    -43.27759197      0.00000000      0.00000000      0.00000000      0.00000000      0.00000380      0.85575991      0.00000042      0.17100365      1.30172724      1.97770016      0.99981463      0.92349159      0.48619586      0.48619586      0.65829939      0.14603170      1.30000000    -10.00000000
    -43.44481605      0.00000000      0.00000000      0.00000000      0.00000000      0.00000369      0.84643597      0.00000041      0.16853864      1.29214203      1.97789304      0.99981463      0.92294641      0.48629618      0.48629618      0.65766985      0.14423027      1.30000000    -10.00000000
    -43.61204013      0.00000000      0.00000000      0.00000000      0.00000000      0.00000358      0.83742447      0.00000039      0.16611694      1.28321336      1.97808303      0.99981463      0.92239505      0.48639504      0.48639504      0.65704289      0.14245307      1.30000000    -10.00000000
    -43.77926421      0.00000000      0.00000000      0.00000000      0.00000000      0.00000347      0.82870084      0.00000038      0.16373903      1.27486693      1.97827017      0.99981463      0.92183709      0.48649248      0.48649248      0.65642712      0.14070082      1.30000000    -10.00000000
    -43.94648829      0.00000000      0.00000000      0.00000000      0.00000000      0.00000337      0.82024382      0.00000037      0.16140507      1.26703986      1.97845458      0.99981463      0.92127249      0.48658851      0.48658851      0.65579688      0.13897397      1.30000000    -10.00000000
    -44.11371237      0.00000000      0.00000000      0.00000000      0.00000000      0.00000327      0.81203480      0.00000035      0.15911497      1.25967856      1.97863625      0.99981463      0.92070203      0.48668317      0.48668317      0.65517808      0.13727281      1.30000000    -10.00000000
    -44.28093645      0.00000000      0.00000000      0.00000000      0.00000000      0.00000318      0.80405742      0.00000034      0.15686849      1.25273706      1.97881527      0.99981463      0.92012574      0.48677649      0.48677649      0.65456159      0.13559751      1.30000000    -10.00000000
    -44.44816054      0.00000000      0.00000000      0.00000000      0.00000000      0.00000309      0.79629716      0.00000033      0.15466519      1.24617564      1.97899171      0.99981463      0.91954319      0.48686850      0.48686850      0.65395631      0.13394809      1.30000000    -10.00000000
    -44.61538462      0.00000000      0.00000000      0.00000000      0.00000000      0.00000300      0.78874112      0.00000032      0.15250457      1.23995982      1.97916561      0.99981463      0.91895441      0.48695923      0.48695923      0.65333727      0.13232448      1.30000000    -10.00000000
    -44.78260870      0.00000000      0.00000000      0.00000000      0.00000000      0.00000291      0.78137769      0.00000031      0.15038601      1.23405949      1.97933701      0.99981463      0.91836147      0.48704871      0.48704871      0.65272945      0.13072656      1.30000000    -10.00000000
    -44.94983278      0.00000000      0.00000000      0.00000000      0.00000000      0.00000283      0.77419642      0.00000030      0.14830882      1.22844820      1.97950599      0.99981463      0.91762147      0.48713695      0.48713695      0.65212335      0.12915412      1.30000000    -10.00000000
    -45.11705686      0.00000000      0.00000000      0.00000000      0.00000000      0.00000275      0.76718786      0.00000029      0.14627229      1.22310263      1.97967259      0.99981463      0.91715785      0.48722399      0.48722399      0.65152164      0.12760693      1.30000000    -10.00000000
    -45.28428094      0.00000000      0.00000000      0.00000000      0.00000000      0.00000268      0.76034340      0.00000028      0.14427565      1.21800211      1.97983685      0.99981463      0.91654818      0.48730984      0.48730984      0.65090285      0.12608469      1.30000000    -10.00000000
    -45.45150502      0.00000000      0.00000000      0.00000000      0.00000000      0.00000261      0.75365516      0.00000027      0.14231811      1.21312822      1.97999882      0.99981463      0.91593348      0.48739455      0.48739455      0.65032546      0.12458711      1.30000000    -10.00000000
    -45.61872910      0.00000000      0.00000000      0.00000000      0.00000000      0.00000254      0.74711594      0.00000026      0.14039887      1.20846452      1.98015856      0.99981463      0.91531375      0.48747811      0.48747811      0.64973120      0.12311383      1.30000000    -10.00000000
    -45.78595318      0.00000000      0.00000000      0.00000000      0.00000000      0.00000247      0.74071908      0.00000025      0.13851712      1.20399626      1.98031610      0.99981463      0.91468922      0.48756057      0.48756057      0.64914075      0.12166450      1.30000000    -10.00000000
    -45.95317726      0.00000000      0.00000000      0.00000000      0.00000000      0.00000240      0.73445847      0.00000025      0.13667204      1.19971014      1.98047150      0.99981463      0.91406034      0.48764195      0.48764195      0.64855313      0.12023876      1.30000000    -10.00000000
    -46.12040134      0.00000000      0.00000000      0.00000000      0.00000000      0.00000234      0.72832841      0.00000024      0.13486282      1.19559417      1.98062478      0.99981463      0.91342616      0.48772225      0.48772225      0.64796734      0.11883623      1.30000000    -10.00000000
    -46.28762542      0.00000000      0.00000000      0.00000000      0.00000000      0.00000228      0.72232363      0.00000023      0.13308865      1.19163745      1.98077601      0.99981463      0.91278508      0.48780151      0.48780151      0.64738535      0.11745652      1.30000000    -10.00000000
    -46.45484950      0.00000000      0.00000000      0.00000000      0.00000000      0.00000222      0.71643920      0.00000023      0.13134873      1.18783010      1.98092521      0.99981463      0.91214524      0.48787975      0.48787975      0.64680606      0.11609924      1.30000000    -10.00000000
    -46.62207358      0.00000000      0.00000000      0.00000000      0.00000000      0.00000216      0.71067053      0.00000022      0.12964226      1.18416310      1.98107242      0.99981463      0.91149831      0.48795698      0.48795698      0.64622968      0.11476400      1.30000000    -10.00000000
    -46.78929766      0.00000000      0.00000000      0.00000000      0.00000000      0.00000210      0.70501333      0.00000021      0.12796848      1.18062820      1.98121769      0.99981463      0.91084729      0.48803323      0.48803323      0.64560351      0.11345040      1.30000000    -10.00000000
    -46.95652174      0.00000000      0.00000000      0.00000000      0.00000000      0.00000205      0.69946355      0.00000021      0.12632661      1.17721783      1.98136105      0.99981463      0.91019235      0.48810851      0.48810851      0.64508592      0.11215807      1.30000000    -10.00000000
    -47.12374582      0.00000000      0.00000000      0.00000000      0.00000000      0.00000200      0.69401741      0.00000020      0.12471591      1.17392507      1.98150254      0.99981463      0.90955335      0.48818284      0.48818284      0.64451532      0.11088659      1.30000000    -10.00000000
    -47.29096990      0.00000000      0.00000000      0.00000000      0.00000000      0.00000195      0.68867133      0.00000019      0.12313564      1.17074351      1.98164219      0.99981463      0.90887056      0.48825624      0.48825624      0.64395369      0.10963559      1.30000000    -10.00000000
    -47.45819398      0.00000000      0.00000000      0.00000000      0.00000000      0.00000190      0.68342194      0.00000019      0.12158507      1.16766725      1.98178004      0.99981463      0.90820413      0.48832873      0.48832873      0.64341497      0.10840468      1.30000000    -10.00000000
    -47.62541806      0.00000000      0.00000000      0.00000000      0.00000000      0.00000185      0.67826606      0.00000018      0.12006351      1.16469082      1.98191612      0.99981463      0.90753399      0.48840032      0.48840032      0.64283251      0.10719348      1.30000000    -10.00000000
    -47.79264214      0.00000000      0.00000000      0.00000000      0.00000000      0.00000180      0.67320068      0.00000018      0.11857027      1.16180918      1.98205047      0.99981463      0.90686130      0.48847104      0.48847104      0.64227769      0.10600162      1.30000000    -10.00000000
    -47.95986622      0.00000000      0.00000000      0.00000000      0.00000000      0.00000176      0.66822292      0.00000017      0.11710467      1.15901763      1.98218312      0.99981463      0.90618370      0.48854089      0.48854089      0.64172313      0.10482873      1.30000000    -10.00000000
    -48.12709030      0.00000000      0.00000000      0.00000000      0.00000000      0.00000172      0.66333010      0.00000017      0.11566607      1.15631178      1.98231409      0.99981463      0.90550323      0.48860989      0.48860989      0.64117804      0.10367445      1.30000000    -10.00000000
    -48.29431438      0.00000000      0.00000000      0.00000000      0.00000000      0.00000167      0.65851961      0.00000017      0.11425382      1.15368759      1.98244343      0.99981463      0.90485088      0.48867807      0.48867807      0.64063012      0.10253841      1.30000000    -10.00000000
    -48.46153846      0.00000000      0.00000000      0.00000000      0.00000000      0.00000163      0.65378902      0.00000016      0.11286730      1.15114124      1.98257115      0.99981463      0.90413367      0.48874542      0.48874542      0.64008409      0.10142027      1.30000000    -10.00000000
    -48.62876254      0.00000000      0.00000000      0.00000000      0.00000000      0.00000160      0.64913597      0.00000016      0.11150591      1.14866919      1.98269730      0.99981463      0.90344424      0.48881198      0.48881198      0.63954476      0.10031967      1.30000000    -10.00000000
    -48.79598662      0.00000000      0.00000000      0.00000000      0.00000000      0.00000156      0.64455825      0.00000015      0.11016906      1.14626812      1.98282189      0.99981463      0.90274865      0.48887775      0.48887775      0.63900749      0.09923629      1.30000000    -10.00000000
    -48.96321070      0.00000000      0.00000000      0.00000000      0.00000000      0.00000152      0.64005373      0.00000015      0.10885617      1.14393491      1.98294495      0.99981463      0.90205671      0.48894274      0.48894274      0.63846756      0.09816978      1.30000000    -10.00000000
    -49.13043478      0.00000000      0.00000000      0.00000000      0.00000000      0.00000148      0.63562036      0.00000014      0.10756669      1.14166663      1.98306652      0.99981463      0.90135904      0.48900697      0.48900697      0.63793833      0.09711983      1.30000000    -10.00000000
    -49.29765886      0.00000000      0.00000000      0.00000000      0.00000000      0.00000145      0.63125620      0.00000014      0.10630006      1.13946055      1.98318662      0.99981463      0.90065842      0.48907046      0.48907046      0.63740867      0.09608610      1.30000000    -10.00000000
    -49.46488294      0.00000000      0.00000000      0.00000000      0.00000000      0.00000142      0.62695939      0.00000014      0.10505577      1.13731407      1.98330528      0.99981463      0.89995510      0.48913322      0.48913322      0.63688270      0.09506830      1.30000000    -10.00000000
    -49.63210702      0.00000000      0.00000000      0.00000000      0.00000000      0.00000138      0.62272813      0.00000013      0.10383329      1.13522477      1.98342251      0.99981463      0.89924997      0.48919525      0.48919525      0.63635911      0.09406610      1.30000000    -10.00000000
    -49.79933110      0.00000000      0.00000000      0.00000000      0.00000000      0.00000135      0.61856073      0.00000013      0.10263213      1.13319034      1.98353835      0.99981463      0.89854217      0.48925657      0.48925657      0.63583919      0.09307921      1.30000000    -10.00000000
    -49.96655518      0.00000000      0.00000000      0.00000000      0.00000000      0.00000132      0.61445553      0.00000013      0.10145179      1.13120862      1.98365281      0.99981463      0.89784286      0.48931720      0.48931720      0.63532179      0.09210734      1.30000000    -10.00000000
    -50.13377926      0.00000000      0.00000000      0.00000000      0.00000000      0.00000129      0.61041094      0.00000012      0.10029180      1.12927755      1.98376593      0.99981463      0.89711981      0.48937715      0.48937715      0.63481066      0.09115019      1.30000000    -10.00000000
    -50.30100334      0.00000000      0.00000000      0.00000000      0.00000000      0.00000126      0.60642546      0.00000012      0.09915171      1.12739519      1.98387773      0.99981463      0.89640546      0.48943642      0.48943642      0.63429542      0.09020748      1.30000000    -10.00000000
    -50.46822742      0.00000000      0.00000000      0.00000000      0.00000000      0.00000123      0.60249763      0.00000012      0.09803105      1.12555972      1.98398822      0.99981463      0.89568903      0.48949503      0.48949503      0.63378656      0.08927894      1.30000000    -10.00000000
    -50.63545151      0.00000000      0.00000000      0.00000000      0.00000000      0.00000121      0.59862603      0.00000012      0.09692939      1.12376939      1.98409743      0.99981463      0.89499016      0.48955299      0.48955299      0.63328108      0.08836430      1.30000000    -10.00000000
    -50.80267559      0.00000000      0.00000000      0.00000000      0.00000000      0.00000118      0.59480931      0.00000011      0.09584632      1.12202254      1.98420539      0.99981463      0.89425454      0.48961031      0.48961031      0.63277754      0.08746328      1.30000000    -10.00000000
    -50.96989967      0.00000000      0.00000000      0.00000000      0.00000000      0.00000115      0.59104616      0.00000011      0.09478141      1.12031761      1.98431211      0.99981463      0.89352845      0.48966700      0.48966700      0.63227740      0.08657564      1.30000000    -10.00000000
    -51.13712375      0.00000000      0.00000000      0.00000000      0.00000000      0.00000113      0.58733533      0.00000011      0.09373426      1.11865311      1.98441761      0.99981463      0.89280480      0.48972307      0.48972307      0.63181184      0.08570112      1.30000000    -10.00000000
    -51.30434783      0.00000000      0.00000000      0.00000000      0.00000000      0.00000110      0.58367561      0.00000011      0.09270447      1.11702762      1.98452191      0.99981463      0.89199324      0.48977854      0.48977854      0.63128543      0.08483947      1.30000000    -10.00000000
    -51.47157191      0.00000000      0.00000000      0.00000000      0.00000000      0.00000108      0.58006582      0.00000010      0.09169168      1.11543979      1.98462504      0.99981463      0.89135261      0.48983341      0.48983341      0.63079367      0.08399045      1.30000000    -10.00000000
    -51.63879599      0.00000000      0.00000000      0.00000000      0.00000000      0.00000106      0.57650483      0.00000010      0.09069550      1.11388833      1.98472700      0.99981463      0.89062400      0.48988768      0.48988768      0.63030436      0.08315382      1.30000000    -10.00000000
    -51.80602007      0.00000000      0.00000000      0.00000000      0.00000000      0.00000103      0.57299154      0.00000010      0.08971558      1.11237202      1.98482783      0.99981463      0.88989412      0.48994138      0.48994138      0.62981868      0.08232935      1.30000000    -10.00000000
    -51.97324415      0.00000000      0.00000000      0.00000000      0.00000000      0.00000101      0.56952490      0.00000010      0.08875156      1.11088969      1.98492754      0.99981463      0.88916296      0.48999451      0.48999451      0.62936385      0.08151682      1.30000000    -10.00000000
    -52.14046823      0.00000000      0.00000000      0.00000000      0.00000000      0.00000099      0.56610388      0.00000009      0.08780310      1.10944022      1.98502615      0.99981463      0.88843051      0.49004707      0.49004707      0.62885520      0.08071599      1.30000000    -10.00000000
    -52.30769231      0.00000000      0.00000000      0.00000000      0.00000000      0.00000097      0.56272750      0.00000009      0.08686987      1.10802255      1.98512367      0.99981463      0.88769678      0.49009909      0.49009909      0.62837708      0.07992666      1.30000000    -10.00000000
    -52.47491639      0.00000000      0.00000000      0.00000000      0.00000000      0.00000095      0.55939480      0.00000009      0.08595155      1.10663565      1.98522012      0.99981463      0.88696190      0.49015056      0.49015056      0.62790207      0.07914860      1.30000000    -10.00000000
    -52.64214047      0.00000000      0.00000000      0.00000000      0.00000000      0.00000093      0.55610484      0.00000009      0.08504781      1.10527856      1.98531553      0.99981463      0.88622616      0.49020150      0.49020150      0.62743058      0.07838162      1.30000000    -10.00000000
    -52.80936455      0.00000000      0.00000000      0.00000000      0.00000000      0.00000091      0.55285674      0.00000009      0.08415835      1.10395033      1.98540990      0.99981463      0.88548895      0.49025190      0.49025190      0.62686783      0.07762551      1.30000000    -10.00000000
    -52.97658863      0.00000000      0.00000000      0.00000000      0.00000000      0.00000089      0.54964961      0.00000008      0.08328286      1.10265008      1.98550325      0.99981463      0.88475148      0.49030180      0.49030180      0.62649346      0.07688007      1.30000000    -10.00000000
    -53.14381271      0.00000000      0.00000000      0.00000000      0.00000000      0.00000087      0.54648262      0.00000008      0.08242107      1.10137695      1.98559560      0.99981463      0.88401228      0.49035118      0.49035118      0.62602915      0.07614511      1.30000000    -10.00000000
    -53.31103679      0.00000000      0.00000000      0.00000000      0.00000000      0.00000085      0.54335495      0.00000008      0.08157268      1.10013012      1.98568696      0.99981463      0.88340971      0.49040005      0.49040005      0.62556737      0.07542043      1.30000000    -10.00000000
    -53.47826087      0.00000000      0.00000000      0.00000000      0.00000000      0.00000084      0.54026579      0.00000008      0.08073741      1.09890880      1.98577735      0.99981463      0.88253644      0.49044844      0.49044844      0.62510919      0.07470585      1.30000000    -10.00000000
    -53.64548495      0.00000000      0.00000000      0.00000000      0.00000000      0.00000082      0.53721439      0.00000008      0.07991499      1.09771223      1.98586678      0.99981463      0.88179109      0.49049633      0.49049633      0.62465313      0.07400119      1.30000000    -10.00000000
    -53.81270903      0.00000000      0.00000000      0.00000000      0.00000000      0.00000080      0.53419998      0.00000008      0.07910517      1.09653970      1.98595528      0.99981463      0.88109119      0.49054375      0.49054375      0.62419971      0.07330627      1.30000000    -10.00000000
    -53.97993311      0.00000000      0.00000000      0.00000000      0.00000000      0.00000079      0.53122185      0.00000007      0.07830769      1.09539051      1.98604284      0.99981463      0.88030687      0.49059069      0.49059069      0.62374896      0.07262091      1.30000000    -10.00000000
    -54.14715719      0.00000000      0.00000000      0.00000000      0.00000000      0.00000077      0.52827928      0.00000007      0.07752228      1.09426398      1.98612949      0.99981463      0.87956390      0.49063717      0.49063717      0.62330042      0.07194495      1.30000000    -10.00000000
    -54.31438127      0.00000000      0.00000000      0.00000000      0.00000000      0.00000076      0.52537159      0.00000007      0.07674872      1.09315947      1.98621525      0.99981463      0.87882046      0.49068319      0.49068319      0.62285522      0.07127821      1.30000000    -10.00000000
    -54.48160535      0.00000000      0.00000000      0.00000000      0.00000000      0.00000074      0.52249811      0.00000007      0.07598676      1.09207637      1.98630011      0.99981463      0.87807658      0.49072875      0.49072875      0.62241488      0.07062054      1.30000000    -10.00000000
    -54.64882943      0.00000000      0.00000000      0.00000000      0.00000000      0.00000073      0.51965819      0.00000007      0.07523618      1.09101407      1.98638411      0.99981463      0.87733232      0.49077387      0.49077387      0.62197189      0.06997177      1.30000000    -10.00000000
    -54.81605351      0.00000000      0.00000000      0.00000000      0.00000000      0.00000071      0.51685121      0.00000007      0.07449673      1.08997201      1.98646724      0.99981463      0.87658735      0.49081855      0.49081855      0.62153433      0.06933175      1.30000000    -10.00000000
    -54.98327759      0.00000000      0.00000000      0.00000000      0.00000000      0.00000070      0.51407654      0.00000007      0.07376822      1.08894964      1.98654953      0.99981463      0.87584282      0.49086280      0.49086280      0.62109883      0.06870032      1.30000000    -10.00000000
    -55.15050167      0.00000000      0.00000000      0.00000000      0.00000000      0.00000069      0.51133358      0.00000006      0.07305041      1.08794641      1.98663098      0.99981463      0.87509775      0.49090663      0.49090663      0.62066613      0.06807733      1.30000000    -10.00000000
    -55.31772575      0.00000000      0.00000000      0.00000000      0.00000000      0.00000067      0.50862176      0.00000006      0.07234310      1.08696182      1.98671161      0.99981463      0.87435261      0.49095003      0.49095003      0.62023539      0.06746264      1.30000000    -10.00000000
    -55.48494983      0.00000000      0.00000000      0.00000000      0.00000000      0.00000066      0.50594052      0.00000006      0.07164608      1.08599537      1.98679142      0.99981463      0.87379708      0.49099302      0.49099302      0.61981054      0.06685611      1.30000000    -10.00000000
    -55.65217391      0.00000000      0.00000000      0.00000000      0.00000000      0.00000065      0.50328928      0.00000006      0.07095916      1.08504659      1.98687044      0.99981463      0.87286221      0.49103560      0.49103560      0.61938308      0.06625758      1.30000000    -10.00000000
    -55.81939799      0.00000000      0.00000000      0.00000000      0.00000000      0.00000063      0.50066753      0.00000006      0.07028214      1.08411501      1.98694867      0.99981463      0.87211578      0.49107778      0.49107778      0.61896045      0.06566693      1.30000000    -10.00000000
    -55.98662207      0.00000000      0.00000000      0.00000000      0.00000000      0.00000062      0.49807473      0.00000006      0.06961483      1.08320019      1.98702613      0.99981463      0.87137149      0.49111956      0.49111956      0.61854014      0.06508402      1.30000000    -10.00000000
    -56.15384615      0.00000000      0.00000000      0.00000000      0.00000000      0.00000061      0.49551037      0.00000006      0.06895705      1.08230171      1.98710282      0.99981463      0.87062488      0.49116095      0.49116095      0.61812237      0.06450872      1.30000000    -10.00000000
    -56.32107023      0.00000000      0.00000000      0.00000000      0.00000000      0.00000060      0.49297396      0.00000006      0.06830861      1.08141914      1.98717876      0.99981463      0.86990136      0.49120196      0.49120196      0.61770698      0.06394089      1.30000000    -10.00000000
    -56.48829431      0.00000000      0.00000000      0.00000000      0.00000000      0.00000059      0.49046502      0.00000005      0.06766933      1.08055209      1.98725395      0.99981463      0.86913427      0.49124258      0.49124258      0.61729412      0.06338042      1.30000000    -10.00000000
    -56.65551839      0.00000000      0.00000000      0.00000000      0.00000000      0.00000058      0.48798305      0.00000005      0.06703905      1.07970017      1.98732841      0.99981463      0.86838908      0.49128283      0.49128283      0.61688364      0.06282717      1.30000000    -10.00000000
    -56.82274247      0.00000000      0.00000000      0.00000000      0.00000000      0.00000057      0.48552762      0.00000005      0.06641759      1.07886300      1.98740215      0.99981463      0.86764419      0.49132271      0.49132271      0.61649836      0.06228103      1.30000000    -10.00000000
    -56.98996656      0.00000000      0.00000000      0.00000000      0.00000000      0.00000056      0.48309825      0.00000005      0.06580478      1.07804023      1.98747517      0.99981463      0.86689957      0.49136223      0.49136223      0.61606974      0.06174187      1.30000000    -10.00000000
    -57.15719064      0.00000000      0.00000000      0.00000000      0.00000000      0.00000055      0.48069452      0.00000005      0.06520048      1.07723150      1.98754749      0.99981463      0.86615521      0.49140139      0.49140139      0.61566637      0.06120959      1.30000000    -10.00000000
    -57.32441472      0.00000000      0.00000000      0.00000000      0.00000000      0.00000054      0.47831600      0.00000005      0.06460452      1.07643647      1.98761912      0.99981463      0.86541150      0.49144019      0.49144019      0.61526476      0.06068406      1.30000000    -10.00000000
    -57.49163880      0.00000000      0.00000000      0.00000000      0.00000000      0.00000053      0.47596226      0.00000005      0.06401675      1.07565482      1.98769007      0.99981463      0.86466731      0.49147864      0.49147864      0.61486667      0.06016517      1.30000000    -10.00000000
    -57.65886288      0.00000000      0.00000000      0.00000000      0.00000000      0.00000052      0.47363290      0.00000005      0.06343701      1.07488623      1.98776034      0.99981463      0.86392443      0.49151675      0.49151675      0.61447932      0.05965282      1.30000000    -10.00000000
    -57.82608696      0.00000000      0.00000000      0.00000000      0.00000000      0.00000051      0.47132751      0.00000005      0.06286517      1.07413039      1.98782994      0.99981463      0.86308340      0.49155451      0.49155451      0.61407676      0.05914689      1.30000000    -10.00000000
    -57.99331104      0.00000000      0.00000000      0.00000000      0.00000000      0.00000050      0.46904571      0.00000005      0.06230107      1.07338700      1.98789889      0.99981463      0.86243949      0.49159194      0.49159194      0.61368429      0.05864728      1.30000000    -10.00000000
    -58.16053512      0.00000000      0.00000000      0.00000000      0.00000000      0.00000049      0.46678711      0.00000004      0.06174458      1.07265577      1.98796720      0.99981463      0.86167667      0.49162904      0.49162904      0.61329501      0.05815389      1.30000000    -10.00000000
    -58.32775920      0.00000000      0.00000000      0.00000000      0.00000000      0.00000048      0.46455135      0.00000004      0.06119556      1.07193642      1.98803486      0.99981463      0.86096582      0.49166582      0.49166582      0.61290756      0.05766662      1.30000000    -10.00000000
    -58.49498328      0.00000000      0.00000000      0.00000000      0.00000000      0.00000047      0.46233805      0.00000004      0.06065388      1.07122869      1.98810190      0.99981463      0.86024997      0.49170226      0.49170226      0.61252335      0.05718537      1.30000000    -10.00000000
    -58.66220736      0.00000000      0.00000000      0.00000000      0.00000000      0.00000046      0.46014686      0.00000004      0.06011940      1.07053230      1.98816831      0.99981463      0.85947585      0.49173840      0.49173840      0.61213989      0.05671003      1.30000000    -10.00000000
    -58.82943144      0.00000000      0.00000000      0.00000000      0.00000000      0.00000046      0.45797744      0.00000004      0.05959201      1.06984700      1.98823411      0.99981463      0.85873648      0.49177421      0.49177421      0.61175214      0.05624052      1.30000000    -10.00000000
    -58.99665552      0.00000000      0.00000000      0.00000000      0.00000000      0.00000045      0.45582943      0.00000004      0.05907156      1.06917255      1.98829931      0.99981463      0.85799778      0.49180972      0.49180972      0.61138096      0.05577674      1.30000000    -10.00000000
    -59.16387960      0.00000000      0.00000000      0.00000000      0.00000000      0.00000044      0.45370252      0.00000004      0.05855795      1.06850870      1.98836391      0.99981463      0.85733650      0.49184492      0.49184492      0.61106739      0.05531860      1.30000000    -10.00000000
    -59.33110368      0.00000000      0.00000000      0.00000000      0.00000000      0.00000043      0.45159637      0.00000004      0.05805104      1.06785522      1.98842792      0.99981463      0.85652252      0.49187982      0.49187982      0.61063072      0.05486601      1.30000000    -10.00000000
    -59.49832776      0.00000000      0.00000000      0.00000000      0.00000000      0.00000043      0.44951066      0.00000004      0.05755073      1.06721188      1.98849135      0.99981463      0.85578574      0.49191442      0.49191442      0.61025902      0.05441888      1.30000000    -10.00000000
    -59.66555184      0.00000000      0.00000000      0.00000000      0.00000000      0.00000042      0.44744508      0.00000004      0.05705690      1.06657846      1.98855420      0.99981463      0.85505044      0.49194872      0.49194872      0.60988941      0.05397713      1.30000000    -10.00000000
    -59.83277592      0.00000000      0.00000000      0.00000000      0.00000000      0.00000041      0.44539933      0.00000004      0.05656944      1.06595475      1.98861649      0.99981463      0.85434255      0.49198274      0.49198274      0.60952175      0.05354067      1.30000000    -10.00000000
    -60.00000000      0.00000000      0.00000000      0.00000000      0.00000000      0.00000040      0.44337310      0.00000004      0.05608823      1.06534053      1.98867822      0.99981463      0.85358143      0.49201646      0.49201646      0.60915634      0.05310942      1.30000000    -10.00000000
