    -10.00000000      0.00000000      0.00000000      0.00000000      0.00000000      0.01185367      0.00000226      0.00635356      0.00000000      3.70282427      0.99981640      0.99981640      0.50004968      0.50006623      0.50006623      0.49999155      0.00000000      2.20000000    -10.00000000
    -10.16722408      0.00000000      0.00000000      0.00000000      0.00000000      0.01182033     -0.15275145      0.00633713      0.00191496      3.70366738      1.00113625      0.99981640      0.49359114      0.50067838      0.50067838      0.49777427      0.00191130      2.20000000    -10.00000000
    -10.33444816      0.00000000      0.00000000      0.00000000      0.00000000      0.01190926     -0.30376396      0.00631063      0.00766191      3.66064106      1.00227748      0.99981640      0.48706087      0.50134003      0.50134003      0.49540389      0.00760365      2.20000000    -10.00000000
    -10.50167224      0.00000000      0.00000000      0.00000000      0.00000000      0.01202565     -0.45192686      0.00626706      0.01724384      3.60017743      1.00342830      0.99981640      0.48024054      0.50200065      0.50200065      0.49257783      0.01695153      2.20000000    -10.00000000
    -10.66889632      0.00000000      0.00000000      0.00000000      0.00000000      0.01217726     -0.59629231      0.00620703      0.03069281      3.52130247      1.00459355      0.99981640      0.47201221      0.50267733      0.50267733      0.49041012      0.02977881      2.20000000    -10.00000000
    -10.83612040      0.00000000      0.00000000      0.00000000      0.00000000      0.01236962     -0.73568959      0.00613147      0.04804339      3.42434161      1.00577811      0.99981640      0.46595542      0.50335335      0.50335335      0.48835420      0.04584103      2.20000000    -10.00000000
    -11.00334448      0.00000000      0.00000000      0.00000000      0.00000000      0.01260495     -0.86907445      0.00604150      0.06933662      3.31110366      1.00698695      0.99981640      0.46032225      0.50402462      0.50402462      0.48626117      0.06484078      2.20000000    -10.00000000
    -11.17056856      0.00000000      0.00000000      0.00000000      0.00000000      0.01288468     -0.99554598      0.00593843      0.09461888      3.18395082      1.00822510      0.99981640      0.45430069      0.50469334      0.50469334      0.48414644      0.08644002      2.20000000    -10.00000000
    -11.33779264      0.00000000      0.00000000      0.00000000      0.00000000      0.01321015     -1.11435295      0.00582365      0.12393974      3.04548508      1.00949773      0.99981640      0.44838646      0.50536205      0.50536205      0.48203514      0.11027258      2.20000000    -10.00000000
    -11.50501672      0.00000000      0.00000000      0.00000000      0.00000000      0.01358275     -1.22489711      0.00569868      0.15734934      2.89838320      1.01081009      0.99981640      0.44249763      0.50603501      0.50603501      0.47995283      0.13595665      2.20000000    -10.00000000
    -11.67224080      0.00000000      0.00000000      0.00000000      0.00000000      0.01400399     -1.32673213      0.00556506      0.19489531      2.74527973      1.01216759      0.99981640      0.43668406      0.50670542      0.50670542      0.47788527      0.16310660      2.20000000    -10.00000000
    -11.83946488      0.00000000      0.00000000      0.00000000      0.00000000      0.01447555     -1.41955793      0.00542430      0.23661918      2.58867664      1.01357581      0.99981640      0.43084844      0.50737899      0.50737899      0.47572728      0.19134361      2.20000000    -10.00000000
    -12.00668896      0.00000000      0.00000000      0.00000000      0.00000000      0.01499925     -1.50321117      0.00527793      0.28255230      2.43087512      1.01504047      0.99981640      0.42546765      0.50805121      0.50805121      0.47382674      0.22030470      2.20000000    -10.00000000
    -12.17391304      0.00000000      0.00000000      0.00000000      0.00000000      0.01557707     -1.57765264      0.00512736      0.33271135      2.27392782      1.01656750      0.99981640      0.42023558      0.50872401      0.50872401      0.47184325      0.24964997      2.20000000    -10.00000000
    -12.34113712      0.00000000      0.00000000      0.00000000      0.00000000      0.01621116     -1.64295272      0.00497395      0.38709329      2.11961018      1.01816303      0.99981640      0.41509957      0.50939378      0.50939378      0.46999030      0.27906796      2.20000000    -10.00000000
    -12.50836120      0.00000000      0.00000000      0.00000000      0.00000000      0.01690380     -1.69927571      0.00481894      0.44566999      1.96940854      1.01983340      0.99981640      0.41010013      0.51006353      0.51006353      0.46799003      0.30827920      2.20000000    -10.00000000
    -12.67558528      0.00000000      0.00000000      0.00000000      0.00000000      0.01765742     -1.74686386      0.00466345      0.50838232      1.82452237      1.02158520      0.99981640      0.40527563      0.51073071      0.51073071      0.46614962      0.33703811      2.20000000    -10.00000000
    -12.84280936      0.00000000      0.00000000      0.00000000      0.00000000      0.01847460     -1.78602194      0.00450850      0.57513403      1.68587755      1.02342527      0.99981640      0.40066667      0.51139465      0.51139465      0.46432096      0.36513339      2.20000000    -10.00000000
    -13.01003344      0.00000000      0.00000000      0.00000000      0.00000000      0.01935802     -1.81710258      0.00435496      0.64578525      1.55414766      1.02536071      0.99981640      0.39625331      0.51205444      0.51205444      0.46256742      0.39238731      2.20000000    -10.00000000
    -13.17725753      0.00000000      0.00000000      0.00000000      0.00000000      0.02031049     -1.84049297      0.00420360      0.72014582      1.42978056      1.02739891      0.99981640      0.39214355      0.51270577      0.51270577      0.46087853      0.41865394      2.20000000    -10.00000000
    -13.34448161      0.00000000      0.00000000      0.00000000      0.00000000      0.02133490     -1.85660306      0.00405505      0.79796856      1.31302759      1.02954753      0.99981640      0.38829115      0.51335635      0.51335635      0.45925291      0.44381675      2.20000000    -10.00000000
    -13.51170569      0.00000000      0.00000000      0.00000000      0.00000000      0.02243423     -1.86585507      0.00390984      0.87894199      1.20397400      1.03181454      0.99981640      0.38443674      0.51399452      0.51399452      0.45770033      0.46778559      2.20000000    -10.00000000
    -13.67892977      0.00000000      0.00000000      0.00000000      0.00000000      0.02361149     -1.86867552      0.00376842      0.96268484      1.10256745      1.03420824      0.99981640      0.38170806      0.51462472      0.51462472      0.45625303      0.49049385      2.20000000    -10.00000000
    -13.84615385      0.00000000      0.00000000      0.00000000      0.00000000      0.02486972     -1.86548774      0.00363112      1.04873932      1.00864597      1.03673722      0.99981640      0.37989460      0.51524106      0.51524106      0.45484005      0.51189496      2.20000000    -10.00000000
    -14.01337793      0.00000000      0.00000000      0.00000000      0.00000000      0.02621194     -1.85670581      0.00349819      1.13656435      0.92196339      1.03941042      0.99981640      0.37633529      0.51583523      0.51583523      0.45354298      0.53195887      2.20000000    -10.00000000
    -14.18060201      0.00000000      0.00000000      0.00000000      0.00000000      0.02764114     -1.84273087      0.00336983      1.22553208      0.84221050      1.04223707      0.99981640      0.37313451      0.51641400      0.51641400      0.45235066      0.55066925      2.20000000    -10.00000000
    -14.34782609      0.00000000      0.00000000      0.00000000      0.00000000      0.02916022     -1.82394757      0.00324614      1.31492349      0.76903433      1.04522676      0.99981640      0.37030296      0.51697372      0.51697372      0.45125732      0.56802028      2.20000000    -10.00000000
    -14.51505017      0.00000000      0.00000000      0.00000000      0.00000000      0.03077191     -1.80072180      0.00312720      1.40392590      0.70205408      1.04838939      0.99981640      0.36791724      0.51751079      0.51751079      0.45029841      0.58401380      2.20000000    -10.00000000
    -14.68227425      0.00000000      0.00000000      0.00000000      0.00000000      0.03247879     -1.77339925      0.00301303      1.49163229      0.64087418      1.05173516      0.99981640      0.36578953      0.51802102      0.51802102      0.44943720      0.59865667      2.20000000    -10.00000000
    -14.84949833      0.00000000      0.00000000      0.00000000      0.00000000      0.03428316     -1.74230454      0.00290361      1.57704237      0.58509486      1.05527461      0.99981640      0.36412942      0.51850125      0.51850125      0.44871609      0.61195826      2.20000000    -10.00000000
    -15.01672241      0.00000000      0.00000000      0.00000000      0.00000000      0.03618702     -1.70774098      0.00279889      1.65906660      0.53432032      1.05901854      0.99981640      0.36287941      0.51894686      0.51894686      0.44813372      0.62392819      2.20000000    -10.00000000
    -15.18394649      0.00000000      0.00000000      0.00000000      0.00000000      0.03819198     -1.66999080      0.00269880      1.73653288      0.48816502      1.06297801      0.99981640      0.36205188      0.51935292      0.51935292      0.44769858      0.63457410      2.20000000    -10.00000000
    -15.35117057      0.00000000      0.00000000      0.00000000      0.00000000      0.04029920     -1.62931560      0.00260324      1.80819690      0.44625821      1.06716434      0.99981640      0.36165610      0.51971671      0.51971671      0.44741977      0.64389961      2.20000000    -10.00000000
    -15.51839465      0.00000000      0.00000000      0.00000000      0.00000000      0.04250926     -1.58595727      0.00251211      1.87275662      0.40824712      1.07158905      0.99981640      0.36170170      0.52003202      0.52003202      0.44730819      0.65190229      2.20000000    -10.00000000
    -15.68561873      0.00000000      0.00000000      0.00000000      0.00000000      0.04482215     -1.54013897      0.00242528      1.92887146      0.37379892      1.07626383      0.99981640      0.36222029      0.52029249      0.52029249      0.44739604      0.65857156      2.20000000    -10.00000000
    -15.85284281      0.00000000      0.00000000      0.00000000      0.00000000      0.04723707     -1.49206636      0.00234263      1.97518647      0.34260184      1.08120046      0.99981640      0.36321618      0.52049530      0.52049530      0.44763332      0.66388661      2.20000000    -10.00000000
    -16.02006689      0.00000000      0.00000000      0.00000000      0.00000000      0.04975244     -1.44192886      0.00226402      2.01036179      0.31436556      1.08641083      0.99981640      0.36455987      0.52063264      0.52063264      0.44809863      0.66781401      2.20000000    -10.00000000
    -16.18729097      0.00000000      0.00000000      0.00000000      0.00000000      0.05236569     -1.38990084      0.00218931      2.03310710      0.28882108      1.09190680      0.99981640      0.36645118      0.52069910      0.52069910      0.44883861      0.67030508      2.20000000    -10.00000000
    -16.35451505      0.00000000      0.00000000      0.00000000      0.00000000      0.05507321     -1.33614289      0.00211834      2.04222069      0.26572025      1.09770017      0.99981640      0.36881389      0.52069148      0.52069148      0.44965292      0.67129275      2.20000000    -10.00000000
    -16.52173913      0.00000000      0.00000000      0.00000000      0.00000000      0.05787026     -1.28080282      0.00205097      2.03663221      0.24483497      1.10380257      0.99981640      0.37164478      0.52059987      0.52059987      0.45061354      0.67068781      2.20000000    -10.00000000
    -16.68896321      0.00000000      0.00000000      0.00000000      0.00000000      0.06075081     -1.22401664      0.00198705      2.01544815      0.22595634      1.11022543      0.99981640      0.37496508      0.52041301      0.52041301      0.45165756      0.66837433      2.20000000    -10.00000000
    -16.85618729      0.00000000      0.00000000      0.00000000      0.00000000      0.06370751     -1.16590941      0.00192640      1.97799902      0.20889356      1.11697980      0.99981640      0.37875521      0.52013522      0.52013522      0.45292920      0.66420405      2.20000000    -10.00000000
    -17.02341137      0.00000000      0.00000000      0.00000000      0.00000000      0.06673161     -1.10659602      0.00186889      1.92388688      0.19347292      1.12407630      0.99981640      0.38300356      0.51975482      0.51975482      0.45441588      0.65798950      2.20000000    -10.00000000
    -17.19063545      0.00000000      0.00000000      0.00000000      0.00000000      0.06981286     -1.04618185      0.00181434      1.85303186      0.17953660      1.13152500      0.99981640      0.38777412      0.51927766      0.51927766      0.45613580      0.64949568      2.20000000    -10.00000000
    -17.35785953      0.00000000      0.00000000      0.00000000      0.00000000      0.07293953     -0.98476350      0.00176262      1.76571640      0.16694155      1.13933527      0.99981640      0.39293700      0.51867022      0.51867022      0.45808391      0.63843003      2.20000000    -10.00000000
    -17.52508361      0.00000000      0.00000000      0.00000000      0.00000000      0.07609835     -0.92242939      0.00171356      1.66262528      0.15555838      1.14751567      0.99981640      0.39871524      0.51795985      0.51795985      0.46026647      0.62443082      2.20000000    -10.00000000
    -17.69230769      0.00000000      0.00000000      0.00000000      0.00000000      0.07927457     -0.85926044      0.00166702      1.54487968      0.14527018      1.15607381      0.99981640      0.40462622      0.51712959      0.51712959      0.46267738      0.60705411      2.20000000    -10.00000000
    -17.85953177      0.00000000      0.00000000      0.00000000      0.00000000      0.08245196     -0.79533062      0.00162286      1.41406350      0.13597154      1.16501622      0.99981640      0.41105127      0.51615359      0.51615359      0.46531759      0.58576069      2.20000000    -10.00000000
    -18.02675585      0.00000000      0.00000000      0.00000000      0.00000000      0.08561292     -0.73070760      0.00158092      1.27223968      0.12756743      1.17434817      0.99981640      0.41786440      0.51506685      0.51506685      0.46818314      0.55990558      2.20000000    -10.00000000
    -18.19397993      0.00000000      0.00000000      0.00000000      0.00000000      0.08873858     -0.66545324      0.00154108      1.12195498      0.11997235      1.18407358      0.99981640      0.42532730      0.51383601      0.51383601      0.47128809      0.52873647      2.20000000    -10.00000000
    -18.36120401      0.00000000      0.00000000      0.00000000      0.00000000      0.09180897     -0.59962413      0.00150319      0.96623162      0.11310934      1.19419484      0.99981640      0.43316042      0.51249189      0.51249189      0.47446156      0.49141292      2.20000000    -10.00000000
    -18.52842809      0.00000000      0.00000000      0.00000000      0.00000000      0.09480318     -0.53327202      0.00146713      0.80854458      0.10690922      1.20471269      0.99981640      0.44133365      0.51099781      0.51099781      0.47808512      0.44706920      2.20000000    -10.00000000
    -18.69565217      0.00000000      0.00000000      0.00000000      0.00000000      0.09769959     -0.46644428      0.00143277      0.65278419      0.10130979      1.21562605      0.99981640      0.44982854      0.50939583      0.50939583      0.48179633      0.39496033      2.20000000    -10.00000000
    -18.86287625      0.00000000      0.00000000      0.00000000      0.00000000      0.10047618     -0.39918422      0.00139997      0.50320401      0.09625519      1.22693198      0.99981640      0.45864047      0.50765634      0.50765634      0.48569762      0.33475430      2.20000000    -10.00000000
    -19.03010033      0.00000000      0.00000000      0.00000000      0.00000000      0.10311076     -0.33153148      0.00136862      0.36435478      0.09169520      1.23862547      0.99981640      0.46763755      0.50579307      0.50579307      0.48974648      0.26705281      2.20000000    -10.00000000
    -19.19732441      0.00000000      0.00000000      0.00000000      0.00000000      0.10558132     -0.26352231      0.00133859      0.24100608      0.08758471      1.25069941      0.99981640      0.47701633      0.50381559      0.50381559      0.49396176      0.19420218      2.20000000    -10.00000000
    -19.36454849      0.00000000      0.00000000      0.00000000      0.00000000      0.10786641     -0.19518980      0.00130976      0.13805778      0.08388318      1.26314453      0.99981640      0.48660583      0.50172517      0.50172517      0.49833879      0.12130999      2.20000000    -10.00000000
    -19.53177258      0.00000000      0.00000000      0.00000000      0.00000000      0.10994540     -0.12656419      0.00128202      0.06044426      0.08055419      1.27594926      0.99981640      0.49626551      0.49953704      0.49953704      0.50284934      0.05699900      2.20000000    -10.00000000
    -19.69899666      0.00000000      0.00000000      0.00000000      0.00000000      0.11179895     -0.05767301      0.00125526      0.01303470      0.07756497      1.28909982      0.99981640      0.50614775      0.49725659      0.49725659      0.50747139      0.01286698      2.20000000    -10.00000000
    -19.86622074      0.00000000      0.00000000      0.00000000      0.00000000      0.11340926      0.01145871      0.00122936      0.00053296      0.07488606      1.30258011      0.99981640      0.51614725      0.49489489      0.49489489      0.51217142      0.00053267      2.20000000    -10.00000000
    -20.03344482      0.00000000      0.00000000      0.00000000      0.00000000      0.11476048      0.08080826      0.00120422      0.02738100      0.07249094      1.31637180      0.99981640      0.52625168      0.49246560      0.49246560      0.51707467      0.02665126      2.20000000    -10.00000000
    -20.20066890      0.00000000      0.00000000      0.00000000      0.00000000      0.11583897      0.15035511      0.00117974      0.09766939      0.07035572      1.33045437      0.99981640      0.53642034      0.48998114      0.48998114      0.52205042      0.08897887      2.20000000    -10.00000000
    -20.36789298      0.00000000      0.00000000      0.00000000      0.00000000      0.11663359      0.22008076      0.00115580      0.21505819      0.06845886      1.34480520      0.99981640      0.54663263      0.48745638      0.48745638      0.52708114      0.17699415      2.20000000    -10.00000000
    -20.53511706      0.00000000      0.00000000      0.00000000      0.00000000      0.11713592      0.28996864      0.00113233      0.38271110      0.06678094      1.35939966      0.99981640      0.55682901      0.48490588      0.48490588      0.53214921      0.27678312      2.20000000    -10.00000000
    -20.70234114      0.00000000      0.00000000      0.00000000      0.00000000      0.11734042      0.36000396      0.00110923      0.60324478      0.06530441      1.37421133      0.99981640      0.56705643      0.48234473      0.48234473      0.53720782      0.37626493      2.20000000    -10.00000000
    -20.86956522      0.00000000      0.00000000      0.00000000      0.00000000      0.11724458      0.43017360      0.00108641      0.87869473      0.06401341      1.38921207      0.99981640      0.57725074      0.47978748      0.47978748      0.54231744      0.46771554      2.20000000    -10.00000000
    -21.03678930      0.00000000      0.00000000      0.00000000      0.00000000      0.11684892      0.50046596      0.00106381      1.21049777      0.06289362      1.40437234      0.99981640      0.58737055      0.47725239      0.47725239      0.54739521      0.54761321      2.20000000    -10.00000000
    -21.20401338      0.00000000      0.00000000      0.00000000      0.00000000      0.11615700      0.57087091      0.00104134      1.59949078      0.06193207      1.41966134      0.99981640      0.59740881      0.47474975      0.47474975      0.55243316      0.61530927      2.20000000    -10.00000000
    -21.37123746      0.00000000      0.00000000      0.00000000      0.00000000      0.11517537      0.64137959      0.00101895      2.04592376      0.06111704      1.43504730      0.99981640      0.60734462      0.47229836      0.47229836      0.55742194      0.67169237      2.20000000    -10.00000000
    -21.53846154      0.00000000      0.00000000      0.00000000      0.00000000      0.11391339      0.71198429      0.00099659      2.54948518      0.06043797      1.45049773      0.99981640      0.61722488      0.46990524      0.46990524      0.56234699      0.71826900      2.20000000    -10.00000000
    -21.70568562      0.00000000      0.00000000      0.00000000      0.00000000      0.11238303      0.78267837      0.00097421      3.10933647      0.05988533      1.46597971      0.99981640      0.62686347      0.46759988      0.46759988      0.56719207      0.75665171      2.20000000    -10.00000000
    -21.87290970      0.00000000      0.00000000      0.00000000      0.00000000      0.11059869      0.85345601      0.00095178      3.72415254      0.05945061      1.48146017      0.99981640      0.63641476      0.46535064      0.46535064      0.57194696      0.78832182      2.20000000    -10.00000000
    -22.04013378      0.00000000      0.00000000      0.00000000      0.00000000      0.10857685      0.92431221      0.00092928      4.39216516      0.05912624      1.49690615      0.99981640      0.64579287      0.46325565      0.46325565      0.57659907      0.81454574      2.20000000    -10.00000000
    -22.20735786      0.00000000      0.00000000      0.00000000      0.00000000      0.10633580      0.99524259      0.00090671      5.11120724      0.05890551      1.51228513      0.99981640      0.65498827      0.46124266      0.46124266      0.58113796      0.83636621      2.20000000    -10.00000000
    -22.37458194      0.00000000      0.00000000      0.00000000      0.00000000      0.10389524      1.06624337      0.00088405      5.87875736      0.05878258      1.52756527      0.99981640      0.66404230      0.45934719      0.45934719      0.58554025      0.85462491      2.20000000    -10.00000000
    -22.54180602      0.00000000      0.00000000      0.00000000      0.00000000      0.10127599      1.13731142      0.00086132      6.69198701      0.05875235      1.54271567      0.99981640      0.67289309      0.45757598      0.45757598      0.58984059      0.86999458      2.20000000    -10.00000000
    -22.70903010      0.00000000      0.00000000      0.00000000      0.00000000      0.09849958      1.20844431      0.00083853      7.54781490      0.05881032      1.55770664      0.99981640      0.68154204      0.45593392      0.45593392      0.59398914      0.88301104      2.20000000    -10.00000000
    -22.87625418      0.00000000      0.00000000      0.00000000      0.00000000      0.09558791      1.27964057      0.00081571      8.44297445      0.05895247      1.57250989      0.99981640      0.68998649      0.45442315      0.45442315      0.59799485      0.89410116      2.20000000    -10.00000000
    -23.04347826      0.00000000      0.00000000      0.00000000      0.00000000      0.09256291      1.35089978      0.00079288      9.37409773      0.05917500      1.58709876      0.99981640      0.69814834      0.45305232      0.45305232      0.60185259      0.90360607      2.20000000    -10.00000000
    -23.21070234      0.00000000      0.00000000      0.00000000      0.00000000      0.08944629      1.42222280      0.00077005     10.33781258      0.05947413      1.60144837      0.99981640      0.70626647      0.45181624      0.45181624      0.60556231      0.91179957      2.20000000    -10.00000000
    -23.37792642      0.00000000      0.00000000      0.00000000      0.00000000      0.08625919      1.49361163      0.00074726     11.33084015      0.05984595      1.61553576      0.99981640      0.71407228      0.45071619      0.45071619      0.60911053      0.91890253      2.20000000    -10.00000000
    -23.54515050      0.00000000      0.00000000      0.00000000      0.00000000      0.08302203      1.56506919      0.00072451     12.35007446      0.06028635      1.62934003      0.99981640      0.72167582      0.44975140      0.44975140      0.61250623      0.92509405      2.20000000    -10.00000000
    -23.71237458      0.00000000      0.00000000      0.00000000      0.00000000      0.07975432      1.63659886      0.00070182     13.39262781      0.06079113      1.64284237      0.99981640      0.72905260      0.44891930      0.44891930      0.61574483      0.93051998      2.20000000    -10.00000000
    -23.87959866      0.00000000      0.00000000      0.00000000      0.00000000      0.07647445      1.70820399      0.00067921     14.45583705      0.06135610      1.65602617      0.99981640      0.73620995      0.44821679      0.44821679      0.61883117      0.93529952      2.20000000    -10.00000000
    -24.04682274      0.00000000      0.00000000      0.00000000      0.00000000      0.07319961      1.77988744      0.00065671     15.53723909      0.06197731      1.66887701      0.99981640      0.74314804      0.44763797      0.44763797      0.62175042      0.93953041      2.20000000    -10.00000000
    -24.21404682      0.00000000      0.00000000      0.00000000      0.00000000      0.06994565      1.85165134      0.00063434     16.63453047      0.06265120      1.68138266      0.99981640      0.74985719      0.44717921      0.44717921      0.62451899      0.94329307      2.20000000    -10.00000000
    -24.38127090      0.00000000      0.00000000      0.00000000      0.00000000      0.06672702      1.92349699      0.00061214     17.74552379      0.06337467      1.69353304      0.99981640      0.75634944      0.44683323      0.44683323      0.62713373      0.94665393      2.20000000    -10.00000000
    -24.54849498      0.00000000      0.00000000      0.00000000      0.00000000      0.06355670      1.99542484      0.00059014     18.86810669      0.06414517      1.70532020      0.99981640      0.76261000      0.44659445      0.44659445      0.62959659      0.94966808      2.20000000    -10.00000000
    -24.71571906      0.00000000      0.00000000      0.00000000      0.00000000      0.06044619      2.06743453      0.00056840     20.00020296      0.06496069      1.71673819      0.99981640      0.76866490      0.44646630      0.44646630      0.63191042      0.95238141      2.20000000    -10.00000000
    -24.88294314      0.00000000      0.00000000      0.00000000      0.00000000      0.05740552      2.13952500      0.00054694     21.13973276      0.06581983      1.72778303      0.99981640      0.77449951      0.44643648      0.44643648      0.63407820      0.95483234      2.20000000    -10.00000000
    -25.05016722      0.00000000      0.00000000      0.00000000      0.00000000      0.05444327      2.21169448      0.00052583     22.28456996      0.06672176      1.73845256      0.99981640      0.78004989      0.44649809      0.44649809      0.63610245      0.95705310      2.20000000    -10.00000000
    -25.21739130      0.00000000      0.00000000      0.00000000      0.00000000      0.05156664      2.28394055      0.00050509     23.43249682      0.06766632      1.74874635      0.99981640      0.78551763      0.44663378      0.44663378      0.63798957      0.95907090      2.20000000    -10.00000000
    -25.38461538      0.00000000      0.00000000      0.00000000      0.00000000      0.04878152      2.35626016      0.00048479     24.58115778      0.06865397      1.75866556      0.99981640      0.79070638      0.44684917      0.44684917      0.63974086      0.96090873      2.20000000    -10.00000000
    -25.55183946      0.00000000      0.00000000      0.00000000      0.00000000      0.04609252      2.42864962      0.00046495     25.72801547      0.06968591      1.76821280      0.99981640      0.79567903      0.44713349      0.44713349      0.64136129      0.96258607      2.20000000    -10.00000000
    -25.71906355      0.00000000      0.00000000      0.00000000      0.00000000      0.04350315      2.50110466      0.00044562     26.87031198      0.07076403      1.77739201      0.99981640      0.80045869      0.44748063      0.44748063      0.64285509      0.96411953      2.20000000    -10.00000000
    -25.88628763      0.00000000      0.00000000      0.00000000      0.00000000      0.04101584      2.57362043      0.00042683     28.00503850      0.07189097      1.78620835      0.99981640      0.80502882      0.44788199      0.44788199      0.64422667      0.96552323      2.20000000    -10.00000000
    -26.05351171      0.00000000      0.00000000      0.00000000      0.00000000      0.03863205      2.64619158      0.00040862     29.12891576      0.07307011      1.79466798      0.99981640      0.80940159      0.44833839      0.44833839      0.64549191      0.96680929      2.20000000    -10.00000000
    -26.22073579      0.00000000      0.00000000      0.00000000      0.00000000      0.03635240      2.71881226      0.00039101     30.23838792      0.07430556      1.80277804      0.99981640      0.81358211      0.44883695      0.44883695      0.64683212      0.96798810      2.20000000    -10.00000000
    -26.38795987      0.00000000      0.00000000      0.00000000      0.00000000      0.03417675      2.79147578      0.00037401     31.33034573      0.07560039      1.81054642      0.99981640      0.81757918      0.44937362      0.44937362      0.64765324      0.96906931      2.20000000    -10.00000000
    -26.55518395      0.00000000      0.00000000      0.00000000      0.00000000      0.03210426      2.86417656      0.00035767     32.39922916      0.07696378      1.81798171      0.99981640      0.82134266      0.44994754      0.44994754      0.64858091      0.97005919      2.20000000    -10.00000000
    -26.72240803      0.00000000      0.00000000      0.00000000      0.00000000      0.03013354      2.93690729      0.00034198     33.44156155      0.07839989      1.82509306      0.99981640      0.82493329      0.45054860      0.45054860      0.64940895      0.97096531      2.20000000    -10.00000000
    -26.88963211      0.00000000      0.00000000      0.00000000      0.00000000      0.02826270      3.00966103      0.00032695     34.45297132      0.07991531      1.83189004      0.99981640      0.82835272      0.45117596      0.45117596      0.65014168      0.97179362      2.20000000    -10.00000000
    -27.05685619      0.00000000      0.00000000      0.00000000      0.00000000      0.02648940      3.08243084      0.00031257     35.42903904      0.08151712      1.83838260      0.99981640      0.83160084      0.45182338      0.45182338      0.65078377      0.97254937      2.20000000    -10.00000000
    -27.22408027      0.00000000      0.00000000      0.00000000      0.00000000      0.02481101      3.15520991      0.00029886     36.36541762      0.08321267      1.84458094      0.99981640      0.83468146      0.45248769      0.45248769      0.65125007      0.97323729      2.20000000    -10.00000000
    -27.39130435      0.00000000      0.00000000      0.00000000      0.00000000      0.02322459      3.22799168      0.00028579     37.25795301      0.08500947      1.85049542      0.99981640      0.83759880      0.45316537      0.45316537      0.65181192      0.97386164      2.20000000    -10.00000000
    -27.55852843      0.00000000      0.00000000      0.00000000      0.00000000      0.02172698      3.30076996      0.00027335     38.10286403      0.08691493      1.85613650      0.99981640      0.84034073      0.45385311      0.45385311      0.65220636      0.97442643      2.20000000    -10.00000000
    -27.72575251      0.00000000      0.00000000      0.00000000      0.00000000      0.02031487      3.37353908      0.00026153     38.89661397      0.08893674      1.86151467      0.99981640      0.84296235      0.45454800      0.45454800      0.65252665      0.97493522      2.20000000    -10.00000000
    -27.89297659      0.00000000      0.00000000      0.00000000      0.00000000      0.01898486      3.44629393      0.00025030     39.63652432      0.09108158      1.86664038      0.99981640      0.84541685      0.45524728      0.45524728      0.65277653      0.97539160      2.20000000    -10.00000000
    -28.06020067      0.00000000      0.00000000      0.00000000      0.00000000      0.01773344      3.51903008      0.00023964     40.32035302      0.09335619      1.87152401      0.99981640      0.84772788      0.45594859      0.45594859      0.65295513      0.97579885      2.20000000    -10.00000000
    -28.22742475      0.00000000      0.00000000      0.00000000      0.00000000      0.01655709      3.59174372      0.00022952     40.94659352      0.09576668      1.87617578      0.99981640      0.84989869      0.45664970      0.45664970      0.65307929      0.97616016      2.20000000    -10.00000000
    -28.39464883      0.00000000      0.00000000      0.00000000      0.00000000      0.01545229      3.66443167      0.00021992     41.51443073      0.09831860      1.88060575      0.99981640      0.85193478      0.45734871      0.45734871      0.65314051      0.97647857      2.20000000    -10.00000000
    -28.56187291      0.00000000      0.00000000      0.00000000      0.00000000      0.01441555      3.73709127      0.00021079     42.02370725      0.10101702      1.88482379      0.99981640      0.85383982      0.45804336      0.45804336      0.65314240      0.97675700      2.20000000    -10.00000000
    -28.72909699      0.00000000      0.00000000      0.00000000      0.00000000      0.01344343      3.80972029      0.00020212     42.47485376      0.10386657      1.88883950      0.99981640      0.85561959      0.45873217      0.45873217      0.65309602      0.97699820      2.20000000    -10.00000000
    -28.89632107      0.00000000      0.00000000      0.00000000      0.00000000      0.01253256      3.88231677      0.00019388     42.86879338      0.10687157      1.89266225      0.99981640      0.85727862      0.45941326      0.45941326      0.65299956      0.97720475      2.20000000    -10.00000000
    -29.06354515      0.00000000      0.00000000      0.00000000      0.00000000      0.01167965      3.95487888      0.00018604     43.20683268      0.11003617      1.89630112      0.99981640      0.85881714      0.46008535      0.46008535      0.65283704      0.97737906      2.20000000    -10.00000000
    -29.23076923      0.00000000      0.00000000      0.00000000      0.00000000      0.01088152      4.02740475      0.00017857     43.49053870      0.11336455      1.89976491      0.99981640      0.86025209      0.46075575      0.46075575      0.65266380      0.97752331      2.20000000    -10.00000000
    -29.39799331      0.00000000      0.00000000      0.00000000      0.00000000      0.01013509      4.09989238      0.00017145     43.72165333      0.11686107      1.90306210      0.99981640      0.86157929      0.46141632      0.46141632      0.65243287      0.97763947      2.20000000    -10.00000000
    -29.56521739      0.00000000      0.00000000      0.00000000      0.00000000      0.00943739      4.17233944      0.00016466     43.90197046      0.12053045      1.90620088      0.99981640      0.86280288      0.46206636      0.46206636      0.65216424      0.97772926      2.20000000    -10.00000000
    -29.73244147      0.00000000      0.00000000      0.00000000      0.00000000      0.00878558      4.24474329      0.00015818     44.03329904      0.12437788      1.90918913      0.99981640      0.86392681      0.46270525      0.46270525      0.65185889      0.97779421      2.20000000    -10.00000000
    -29.89966555      0.00000000      0.00000000      0.00000000      0.00000000      0.00817692      4.31710082      0.00015199     44.11737960      0.12840921      1.91203439      0.99981640      0.86495520      0.46333248      0.46333248      0.65151985      0.97783559      2.20000000    -10.00000000
    -30.06688963      0.00000000      0.00000000      0.00000000      0.00000000      0.00760883      4.38940849      0.00014608     44.15587384      0.13263099      1.91474392      0.99981640      0.86589192      0.46394762      0.46394762      0.65114921      0.97785449      2.20000000    -10.00000000
    -30.23411371      0.00000000      0.00000000      0.00000000      0.00000000      0.00707882      4.46166226      0.00014043     44.15035321      0.13705053      1.91732465      0.99981640      0.86674031      0.46455029      0.46455029      0.65074835      0.97785178      2.20000000    -10.00000000
    -30.40133779      0.00000000      0.00000000      0.00000000      0.00000000      0.00658453      4.53385763      0.00013504     44.10227708      0.14167599      1.91978321      0.99981640      0.86750442      0.46514014      0.46514014      0.65032093      0.97782817      2.20000000    -10.00000000
    -30.56856187      0.00000000      0.00000000      0.00000000      0.00000000      0.00612372      4.60598966      0.00012988     44.01302502      0.14651639      1.92212592      0.99981640      0.86818753      0.46571676      0.46571676      0.64986768      0.97778421      2.20000000    -10.00000000
    -30.73578595      0.00000000      0.00000000      0.00000000      0.00000000      0.00569427      4.67805295      0.00012494     43.88390182      0.15158162      1.92435882      0.99981640      0.86879120      0.46627915      0.46627915      0.64939080      0.97772030      2.20000000    -10.00000000
    -30.90301003      0.00000000      0.00000000      0.00000000      0.00000000      0.00529417      4.75004173      0.00012023     43.71615650      0.15688246      1.92648765      0.99981640      0.86931839      0.46682624      0.46682624      0.64889190      0.97763672      2.20000000    -10.00000000
    -31.07023411      0.00000000      0.00000000      0.00000000      0.00000000      0.00492154      4.82194981      0.00011572     43.51100186      0.16243058      1.92851788      0.99981640      0.86978851      0.46736734      0.46736734      0.64837312      0.97753364      2.20000000    -10.00000000
    -31.23745819      0.00000000      0.00000000      0.00000000      0.00000000      0.00457457      4.89377068      0.00011141     43.26963110      0.16823856      1.93045471      0.99981640      0.87017222      0.46789149      0.46789149      0.64783469      0.97741115      2.20000000    -10.00000000
    -31.40468227      0.00000000      0.00000000      0.00000000      0.00000000      0.00425159      4.96549745      0.00010728     42.99323515      0.17431988      1.93230307      0.99981640      0.87050722      0.46841217      0.46841217      0.64727937      0.97726923      2.20000000    -10.00000000
    -31.57190635      0.00000000      0.00000000      0.00000000      0.00000000      0.00395101      5.03712291      0.00010334     42.68300591      0.18068896      1.93406765      0.99981640      0.87077979      0.46892014      0.46892014      0.64670804      0.97710780      2.20000000    -10.00000000
    -31.73913043      0.00000000      0.00000000      0.00000000      0.00000000      0.00367133      5.10863956      0.00009957     42.34016420      0.18736113      1.93575289      0.99981640      0.87099229      0.46941561      0.46941561      0.64612209      0.97692671      2.20000000    -10.00000000
    -31.90635452      0.00000000      0.00000000      0.00000000      0.00000000      0.00341117      5.18003953      0.00009597     41.96594865      0.19435272      1.93736301      0.99981640      0.87114838      0.46989875      0.46989875      0.64552283      0.97672576      2.20000000    -10.00000000
    -32.07357860      0.00000000      0.00000000      0.00000000      0.00000000      0.00316919      5.25131466      0.00009252     41.56162742      0.20168103      1.93890199      0.99981640      0.87124953      0.47036981      0.47036981      0.64491154      0.97650466      2.20000000    -10.00000000
    -32.24080268      0.00000000      0.00000000      0.00000000      0.00000000      0.00294418      5.32245646      0.00008923     41.12850000      0.20936442      1.94037362      0.99981640      0.87129898      0.47082898      0.47082898      0.64428889      0.97626310      2.20000000    -10.00000000
    -32.40802676      0.00000000      0.00000000      0.00000000      0.00000000      0.00273497      5.39345609      0.00008608     40.66790197      0.21742227      1.94178146      0.99981640      0.87129758      0.47127656      0.47127656      0.64365640      0.97600071      2.20000000    -10.00000000
    -32.57525084      0.00000000      0.00000000      0.00000000      0.00000000      0.00254048      5.46430437      0.00008306     40.18119453      0.22587514      1.94312890      0.99981640      0.87124924      0.47171276      0.47171276      0.64300980      0.97571707      2.20000000    -10.00000000
    -32.74247492      0.00000000      0.00000000      0.00000000      0.00000000      0.00235972      5.53499176      0.00008018     39.66977179      0.23474468      1.94441914      0.99981640      0.87121192      0.47213787      0.47213787      0.64236319      0.97541171      2.20000000    -10.00000000
    -32.90969900      0.00000000      0.00000000      0.00000000      0.00000000      0.00219171      5.60550834      0.00007743     39.13505263      0.24405381      1.94565520      0.99981640      0.87101997      0.47255213      0.47255213      0.64170558      0.97508412      2.20000000    -10.00000000
    -33.07692308      0.00000000      0.00000000      0.00000000      0.00000000      0.00203560      5.67584170      0.00007479     38.57935811      0.25382071      1.94683994      0.99981640      0.87083750      0.47295585      0.47295585      0.64104131      0.97473430      2.20000000    -10.00000000
    -33.24414716      0.00000000      0.00000000      0.00000000      0.00000000      0.00189054      5.74598541      0.00007227     38.00224807      0.26408349      1.94797605      0.99981640      0.87061848      0.47334927      0.47334927      0.64037098      0.97436045      2.20000000    -10.00000000
    -33.41137124      0.00000000      0.00000000      0.00000000      0.00000000      0.00175578      5.81592604      0.00006986     37.40623900      0.27486232      1.94906609      0.99981640      0.87036134      0.47373266      0.47373266      0.63969604      0.97396256      2.20000000    -10.00000000
    -33.57859532      0.00000000      0.00000000      0.00000000      0.00000000      0.00163059      5.88565192      0.00006755     36.79279609      0.28618566      1.95011245      0.99981640      0.87006764      0.47410625      0.47410625      0.63901755      0.97353993      2.20000000    -10.00000000
    -33.74581940      0.00000000      0.00000000      0.00000000      0.00000000      0.00151430      5.95515090      0.00006534     36.16339897      0.29808341      1.95111741      0.99981640      0.86973962      0.47447038      0.47447038      0.63833309      0.97309180      2.20000000    -10.00000000
    -33.91304348      0.00000000      0.00000000      0.00000000      0.00000000      0.00140628      6.02441029      0.00006322     35.51952722      0.31058710      1.95208313      0.99981640      0.86937843      0.47482528      0.47482528      0.63764434      0.97261739      2.20000000    -10.00000000
    -34.08026756      0.00000000      0.00000000      0.00000000      0.00000000      0.00130597      6.09341689      0.00006120     34.86265265      0.32372994      1.95301161      0.99981640      0.86898532      0.47517121      0.47517121      0.63695778      0.97211584      2.20000000    -10.00000000
    -34.24749164      0.00000000      0.00000000      0.00000000      0.00000000      0.00121280      6.16215689      0.00005926     34.19423557      0.33754689      1.95390477      0.99981640      0.86856218      0.47550842      0.47550842      0.63626614      0.97158626      2.20000000    -10.00000000
    -34.41471572      0.00000000      0.00000000      0.00000000      0.00000000      0.00112628      6.23061587      0.00005740     33.51571304      0.35207485      1.95476442      0.99981640      0.86811016      0.47583720      0.47583720      0.63557284      0.97102769      2.20000000    -10.00000000
    -34.58193980      0.00000000      0.00000000      0.00000000      0.00000000      0.00104594      6.29877880      0.00005562     32.82851208      0.36735252      1.95559225      0.99981640      0.86763037      0.47615777      0.47615777      0.63487920      0.97043914      2.20000000    -10.00000000
    -34.74916388      0.00000000      0.00000000      0.00000000      0.00000000      0.00097134      6.36662996      0.00005391     32.13402643      0.38342072      1.95638987      0.99981640      0.86712433      0.47647037      0.47647037      0.63418370      0.96981954      2.20000000    -10.00000000
    -34.91638796      0.00000000      0.00000000      0.00000000      0.00000000      0.00090208      6.43415291      0.00005227     31.43362000      0.40032238      1.95715880      0.99981640      0.86659314      0.47677525      0.47677525      0.63348840      0.96916780      2.20000000    -10.00000000
    -35.08361204      0.00000000      0.00000000      0.00000000      0.00000000      0.00083776      6.50133048      0.00005070     30.72862411      0.41810261      1.95790046      0.99981640      0.86604363      0.47707263      0.47707263      0.63279296      0.96848272      2.20000000    -10.00000000
    -35.25083612      0.00000000      0.00000000      0.00000000      0.00000000      0.00077805      6.56814473      0.00004920     30.02033137      0.43680888      1.95861620      0.99981640      0.86546007      0.47736276      0.47736276      0.63209819      0.96776308      2.20000000    -10.00000000
    -35.41806020      0.00000000      0.00000000      0.00000000      0.00000000      0.00072261      6.63457688      0.00004775     29.30999678      0.45649098      1.95930731      0.99981640      0.86485984      0.47764585      0.47764585      0.63140339      0.96700758      2.20000000    -10.00000000
    -35.58528428      0.00000000      0.00000000      0.00000000      0.00000000      0.00067114      6.70060729      0.00004636     28.59882342      0.47720136      1.95997497      0.99981640      0.86423883      0.47792211      0.47792211      0.63067390      0.96621487      2.20000000    -10.00000000
    -35.75250836      0.00000000      0.00000000      0.00000000      0.00000000      0.00062336      6.76621547      0.00004503     27.88798072      0.49899488      1.96062033      0.99981640      0.86359812      0.47819175      0.47819175      0.63001838      0.96538353      2.20000000    -10.00000000
    -35.91973244      0.00000000      0.00000000      0.00000000      0.00000000      0.00057900      6.83137991      0.00004374     27.17857540      0.52192932      1.96124445      0.99981640      0.86293816      0.47845498      0.47845498      0.62932581      0.96451205      2.20000000    -10.00000000
    -36.08695652      0.00000000      0.00000000      0.00000000      0.00000000      0.00053782      6.89607821      0.00004251     26.47168071      0.54606501      1.96184834      0.99981640      0.86226028      0.47871200      0.47871200      0.62862799      0.96359888      2.20000000    -10.00000000
    -36.25418060      0.00000000      0.00000000      0.00000000      0.00000000      0.00049959      6.96028688      0.00004133     25.76830475      0.57146540      1.96243297      0.99981640      0.86156500      0.47896299      0.47896299      0.62795201      0.96264239      2.20000000    -10.00000000
    -36.42140468      0.00000000      0.00000000      0.00000000      0.00000000      0.00046409      7.02398137      0.00004019     25.06940614      0.59819691      1.96299923      0.99981640      0.86085330      0.47920815      0.47920815      0.62726748      0.96164086      2.20000000    -10.00000000
    -36.58862876      0.00000000      0.00000000      0.00000000      0.00000000      0.00043114      7.08713602      0.00003909     24.37589057      0.62632905      1.96354798      0.99981640      0.86012819      0.47944765      0.47944765      0.62650075      0.96059252      2.20000000    -10.00000000
    -36.75585284      0.00000000      0.00000000      0.00000000      0.00000000      0.00040055      7.14972401      0.00003803     23.68861010      0.65593452      1.96408002      0.99981640      0.85938337      0.47968167      0.47968167      0.62590556      0.95949549      2.20000000    -10.00000000
    -36.92307692      0.00000000      0.00000000      0.00000000      0.00000000      0.00037216      7.21171732      0.00003701     23.00836418      0.68708926      1.96459611      0.99981640      0.85862673      0.47991038      0.47991038      0.62522886      0.95834785      2.20000000    -10.00000000
    -37.09030100      0.00000000      0.00000000      0.00000000      0.00000000      0.00034579      7.27308663      0.00003603     22.33589134      0.71987276      1.96509697      0.99981640      0.85785656      0.48013394      0.48013394      0.62455472      0.95714756      2.20000000    -10.00000000
    -37.25752508      0.00000000      0.00000000      0.00000000      0.00000000      0.00032132      7.33380133      0.00003509     21.67188262      0.75436782      1.96558327      0.99981640      0.85706836      0.48035252      0.48035252      0.62388370      0.95589250      2.20000000    -10.00000000
    -37.42474916      0.00000000      0.00000000      0.00000000      0.00000000      0.00029860      7.39382947      0.00003418     21.01697140      0.79066085      1.96605568      0.99981640      0.85627782      0.48056625      0.48056625      0.62322673      0.95458049      2.20000000    -10.00000000
    -37.59197324      0.00000000      0.00000000      0.00000000      0.00000000      0.00027750      7.45313765      0.00003329     20.37173945      0.82884187      1.96651478      0.99981640      0.85547118      0.48077530      0.48077530      0.62255150      0.95320924      2.20000000    -10.00000000
    -37.75919732      0.00000000      0.00000000      0.00000000      0.00000000      0.00025792      7.51169104      0.00003244     19.73671623      0.86900454      1.96696116      0.99981640      0.85465232      0.48097979      0.48097979      0.62189032      0.95177636      2.20000000    -10.00000000
    -37.92642140      0.00000000      0.00000000      0.00000000      0.00000000      0.00023974      7.56945329      0.00003162     19.11238052      0.91124625      1.96739536      0.99981640      0.85395549      0.48117989      0.48117989      0.62123321      0.95027938      2.20000000    -10.00000000
    -38.09364548      0.00000000      0.00000000      0.00000000      0.00000000      0.00022286      7.62638647      0.00003083     18.49916152      0.95566809      1.96781790      0.99981640      0.85298460      0.48137570      0.48137570      0.62058039      0.94871574      2.20000000    -10.00000000
    -38.26086957      0.00000000      0.00000000      0.00000000      0.00000000      0.00020718      7.68245107      0.00003006     17.89744018      1.00237493      1.96822927      0.99981640      0.85213622      0.48156738      0.48156738      0.61992960      0.94708278      2.20000000    -10.00000000
    -38.42809365      0.00000000      0.00000000      0.00000000      0.00000000      0.00019263      7.73760590      0.00002932     17.30755118      1.05147535      1.96862993      0.99981640      0.85127882      0.48175503      0.48175503      0.61928356      0.94537773      2.20000000    -10.00000000
    -38.59531773      0.00000000      0.00000000      0.00000000      0.00000000      0.00017911      7.79180806      0.00002860     16.72978346      1.10308170      1.96902031      0.99981640      0.85041284      0.48193878      0.48193878      0.61863199      0.94359773      2.20000000    -10.00000000
    -38.76254181      0.00000000      0.00000000      0.00000000      0.00000000      0.00016657      7.84501292      0.00002790     16.16438443      1.15730989      1.96940084      0.99981640      0.84953887      0.48211874      0.48211874      0.61800152      0.94173983      2.20000000    -10.00000000
    -38.92976589      0.00000000      0.00000000      0.00000000      0.00000000      0.00015492      7.89717403      0.00002723     15.61155871      1.21427949      1.96977191      0.99981640      0.84865718      0.48229504      0.48229504      0.61746179      0.93980095      2.20000000    -10.00000000
    -39.09698997      0.00000000      0.00000000      0.00000000      0.00000000      0.00014409      7.94824311      0.00002658     15.07147185      1.27411353      1.97013388      0.99981640      0.84776833      0.48246777      0.48246777      0.61673673      0.93777795      2.20000000    -10.00000000
    -39.26421405      0.00000000      0.00000000      0.00000000      0.00000000      0.00013405      7.99817001      0.00002594     14.54425262      1.33693829      1.97048713      0.99981640      0.84687249      0.48263704      0.48263704      0.61611023      0.93566754      2.20000000    -10.00000000
    -39.43143813      0.00000000      0.00000000      0.00000000      0.00000000      0.00012471      8.04690267      0.00002533     14.02999337      1.40288329      1.97083198      0.99981640      0.84596985      0.48280294      0.48280294      0.61548852      0.93346637      2.20000000    -10.00000000
    -39.59866221      0.00000000      0.00000000      0.00000000      0.00000000      0.00011605      8.09438710      0.00002473     13.52875343      1.47208087      1.97116875      0.99981640      0.84506219      0.48296559      0.48296559      0.61486967      0.93117097      2.20000000    -10.00000000
    -39.76588629      0.00000000      0.00000000      0.00000000      0.00000000      0.00010800      8.14056732      0.00002415     13.04056024      1.54466606      1.97149775      0.99981640      0.84414831      0.48312507      0.48312507      0.61425521      0.92877777      2.20000000    -10.00000000
    -39.93311037      0.00000000      0.00000000      0.00000000      0.00000000      0.00010052      8.18538541      0.00002358     12.56541199      1.62077617      1.97181926      0.99981640      0.84322909      0.48328147      0.48328147      0.61364562      0.92628311      2.20000000    -10.00000000
    -40.10033445      0.00000000      0.00000000      0.00000000      0.00000000      0.00009357      8.22878142      0.00002303     12.10327887      1.70055046      1.97213357      0.99981640      0.84230416      0.48343489      0.48343489      0.61304007      0.92368322      2.20000000    -10.00000000
    -40.26755853      0.00000000      0.00000000      0.00000000      0.00000000      0.00008712      8.27069343      0.00002250     11.65410537      1.78412967      1.97244093      0.99981640      0.84137588      0.48358539      0.48358539      0.61260046      0.92097426      2.20000000    -10.00000000
    -40.43478261      0.00000000      0.00000000      0.00000000      0.00000000      0.00008113      8.31105751      0.00002198     11.21781217      1.87165553      1.97274160      0.99981640      0.84044009      0.48373307      0.48373307      0.61184163      0.91815229      2.20000000    -10.00000000
    -40.60200669      0.00000000      0.00000000      0.00000000      0.00000000      0.00007556      8.34980776      0.00002147     10.79429777      1.96327018      1.97303580      0.99981640      0.83950581      0.48387801      0.48387801      0.61124904      0.91521326      2.20000000    -10.00000000
    -40.76923077      0.00000000      0.00000000      0.00000000      0.00000000      0.00007039      8.38687633      0.00002098     10.38344024      2.05911556      1.97332377      0.99981640      0.83856406      0.48402028      0.48402028      0.61066045      0.91215309      2.20000000    -10.00000000
    -40.93645485      0.00000000      0.00000000      0.00000000      0.00000000      0.00006558      8.42219343      0.00002050      9.98509950      2.15933257      1.97360571      0.99981640      0.83761910      0.48415995      0.48415995      0.61006948      0.90896760      2.20000000    -10.00000000
    -41.10367893      0.00000000      0.00000000      0.00000000      0.00000000      0.00006111      8.45568742      0.00002003      9.59911820      2.26406041      1.97388184      0.99981640      0.83667145      0.48429709      0.48429709      0.60949631      0.90565253      2.20000000    -10.00000000
    -41.27090301      0.00000000      0.00000000      0.00000000      0.00000000      0.00005696      8.48728484      0.00001957      9.22532384      2.37343556      1.97415235      0.99981640      0.83585569      0.48443178      0.48443178      0.60892048      0.90220359      2.20000000    -10.00000000
    -41.43812709      0.00000000      0.00000000      0.00000000      0.00000000      0.00005310      8.51691052      0.00001912      8.86353007      2.48759088      1.97441742      0.99981640      0.83476716      0.48456408      0.48456408      0.60834941      0.89861642      2.20000000    -10.00000000
    -41.60535117      0.00000000      0.00000000      0.00000000      0.00000000      0.00004952      8.54448762      0.00001868      8.51353845      2.60665442      1.97467724      0.99981640      0.83381094      0.48469405      0.48469405      0.60778217      0.89488664      2.20000000    -10.00000000
    -41.77257525      0.00000000      0.00000000      0.00000000      0.00000000      0.00004618      8.56993782      0.00001826      8.17513947      2.73074835      1.97493197      0.99981640      0.83285317      0.48482176      0.48482176      0.60721956      0.89100983      2.20000000    -10.00000000
    -41.93979933      0.00000000      0.00000000      0.00000000      0.00000000      0.00004308      8.59318136      0.00001784      7.84811415      2.85998762      1.97518177      0.99981640      0.83189229      0.48494726      0.48494726      0.60666099      0.88698157      2.20000000    -10.00000000
    -42.10702341      0.00000000      0.00000000      0.00000000      0.00000000      0.00004020      8.61413726      0.00001743      7.53223526      2.99447856      1.97542681      0.99981640      0.83092987      0.48507061      0.48507061      0.60610728      0.88279742      2.20000000    -10.00000000
    -42.27424749      0.00000000      0.00000000      0.00000000      0.00000000      0.00003752      8.63272349      0.00001702      7.22726845      3.13431747      1.97566722      0.99981640      0.82996626      0.48519187      0.48519187      0.60555496      0.87845298      2.20000000    -10.00000000
    -42.44147157      0.00000000      0.00000000      0.00000000      0.00000000      0.00003503      8.64885712      0.00001663      6.93297349      3.27958896      1.97590316      0.99981640      0.82900180      0.48531110      0.48531110      0.60501125      0.87394386      2.20000000    -10.00000000
    -42.60869565      0.00000000      0.00000000      0.00000000      0.00000000      0.00003271      8.66245457      0.00001624      6.64910521      3.43036431      1.97613475      0.99981640      0.82803465      0.48542833      0.48542833      0.60446948      0.86926575      2.20000000    -10.00000000
    -42.77591973      0.00000000      0.00000000      0.00000000      0.00000000      0.00003056      8.67343186      0.00001587      6.37541456      3.58669974      1.97636213      0.99981640      0.82706720      0.48554363      0.48554363      0.60393224      0.86441440      2.20000000    -10.00000000
    -42.94314381      0.00000000      0.00000000      0.00000000      0.00000000      0.00002856      8.68170487      0.00001550      6.11164953      3.74863455      1.97658541      0.99981640      0.82609879      0.48565704      0.48565704      0.60339852      0.85938565      2.20000000    -10.00000000
    -43.11036789      0.00000000      0.00000000      0.00000000      0.00000000      0.00002669      8.68718961      0.00001513      5.85755598      3.91618917      1.97680473      0.99981640      0.82512984      0.48576862      0.48576862      0.60287023      0.85417545      2.20000000    -10.00000000
    -43.27759197      0.00000000      0.00000000      0.00000000      0.00000000      0.00002496      8.68980260      0.00001477      5.61287852      4.08936323      1.97702019      0.99981640      0.82416053      0.48587839      0.48587839      0.60222960      0.84877992      2.20000000    -10.00000000
    -43.44481605      0.00000000      0.00000000      0.00000000      0.00000000      0.00002334      8.68946117      0.00001442      5.37736115      4.26813352      1.97723191      0.99981640      0.82319094      0.48598642      0.48598642      0.60182457      0.84319533      2.20000000    -10.00000000
    -43.61204013      0.00000000      0.00000000      0.00000000      0.00000000      0.00002184      8.68608369      0.00001407      5.15074743      4.45245229      1.97743999      0.99981640      0.82222070      0.48609274      0.48609274      0.60130798      0.83741813      2.20000000    -10.00000000
    -43.77926421      0.00000000      0.00000000      0.00000000      0.00000000      0.00002044      8.67959082      0.00001373      4.93278405      4.64224343      1.97764452      0.99981640      0.82125211      0.48619739      0.48619739      0.60079556      0.83144507      2.20000000    -10.00000000
    -43.94648829      0.00000000      0.00000000      0.00000000      0.00000000      0.00001914      8.66990425      0.00001340      4.72321544      4.83740396      1.97784562      0.99981640      0.82028089      0.48630042      0.48630042      0.60028702      0.82527305      2.20000000    -10.00000000
    -44.11371237      0.00000000      0.00000000      0.00000000      0.00000000      0.00001792      8.65694883      0.00001307      4.52179031      5.03779848      1.97804336      0.99981640      0.81931114      0.48640185      0.48640185      0.59978266      0.81889932      2.20000000    -10.00000000
    -44.28093645      0.00000000      0.00000000      0.00000000      0.00000000      0.00001680      8.64065221      0.00001275      4.32825903      5.24325905      1.97823785      0.99981640      0.81842585      0.48650174      0.48650174      0.59928146      0.81232144      2.20000000    -10.00000000
    -44.44816054      0.00000000      0.00000000      0.00000000      0.00000000      0.00001574      8.62094554      0.00001243      4.14237481      5.45358291      1.97842916      0.99981640      0.81737311      0.48660011      0.48660011      0.59878575      0.80553732      2.20000000    -10.00000000
    -44.61538462      0.00000000      0.00000000      0.00000000      0.00000000      0.00001476      8.59776394      0.00001211      3.96389396      5.66853087      1.97861738      0.99981640      0.81641000      0.48669701      0.48669701      0.59829328      0.79854525      2.20000000    -10.00000000
    -44.78260870      0.00000000      0.00000000      0.00000000      0.00000000      0.00001385      8.57104710      0.00001181      3.79257628      5.88782575      1.97880259      0.99981640      0.81543764      0.48679246      0.48679246      0.59780481      0.79134396      2.20000000    -10.00000000
    -44.94983278      0.00000000      0.00000000      0.00000000      0.00000000      0.00001300      8.54073976      0.00001150      3.62818538      6.11115104      1.97898486      0.99981640      0.81447073      0.48688649      0.48688649      0.59732007      0.78393260      2.20000000    -10.00000000
    -45.11705686      0.00000000      0.00000000      0.00000000      0.00000000      0.00001221      8.50679232      0.00001120      3.47048894      6.33814989      1.97916428      0.99981640      0.81350574      0.48697915      0.48697915      0.59678455      0.77631082      2.20000000    -10.00000000
    -45.28428094      0.00000000      0.00000000      0.00000000      0.00000000      0.00001147      8.46916141      0.00001090      3.31925893      6.56842427      1.97934091      0.99981640      0.81254127      0.48707046      0.48707046      0.59636237      0.76847880      2.20000000    -10.00000000
    -45.45150502      0.00000000      0.00000000      0.00000000      0.00000000      0.00001078      8.42781040      0.00001061      3.17427182      6.80153456      1.97951482      0.99981640      0.81157808      0.48716045      0.48716045      0.59588907      0.76043726      2.20000000    -10.00000000
    -45.61872910      0.00000000      0.00000000      0.00000000      0.00000000      0.00001014      8.38271004      0.00001033      3.03530878      7.03699947      1.97968607      0.99981640      0.81061303      0.48724915      0.48724915      0.59539713      0.75218749      2.20000000    -10.00000000
    -45.78595318      0.00000000      0.00000000      0.00000000      0.00000000      0.00000954      8.33383893      0.00001004      2.90215579      7.27429639      1.97985474      0.99981640      0.80965617      0.48733659      0.48733659      0.59495423      0.74373140      2.20000000    -10.00000000
    -45.95317726      0.00000000      0.00000000      0.00000000      0.00000000      0.00000898      8.28118409      0.00000976      2.77460375      7.51286212      1.98002088      0.99981640      0.80869673      0.48742280      0.48742280      0.59449257      0.73507153      2.20000000    -10.00000000
    -46.12040134      0.00000000      0.00000000      0.00000000      0.00000000      0.00000846      8.22474148      0.00000949      2.65244862      7.75209419      1.98018455      0.99981640      0.80774009      0.48750780      0.48750780      0.59399479      0.72621107      2.20000000    -10.00000000
    -46.28762542      0.00000000      0.00000000      0.00000000      0.00000000      0.00000797      8.16451643      0.00000922      2.53549147      7.99135255      1.98034581      0.99981640      0.80678361      0.48759162      0.48759162      0.59358024      0.71715389      2.20000000    -10.00000000
    -46.45484950      0.00000000      0.00000000      0.00000000      0.00000000      0.00000751      8.10052409      0.00000895      2.42353849      8.22996186      1.98050472      0.99981640      0.80583009      0.48767429      0.48767429      0.59312903      0.70790455      2.20000000    -10.00000000
    -46.62207358      0.00000000      0.00000000      0.00000000      0.00000000      0.00000709      8.03278982      0.00000869      2.31640111      8.46721431      1.98066132      0.99981640      0.80500032      0.48775583      0.48775583      0.59268176      0.69846832      2.20000000    -10.00000000
    -46.78929766      0.00000000      0.00000000      0.00000000      0.00000000      0.00000669      7.96134951      0.00000843      2.21389592      8.70237293      1.98081568      0.99981640      0.80392777      0.48783625      0.48783625      0.59223164      0.68885116      2.20000000    -10.00000000
    -46.95652174      0.00000000      0.00000000      0.00000000      0.00000000      0.00000632      7.88624985      0.00000817      2.11584472      8.93467545      1.98096784      0.99981640      0.80297691      0.48791560      0.48791560      0.59179805      0.67905974      2.20000000    -10.00000000
    -47.12374582      0.00000000      0.00000000      0.00000000      0.00000000      0.00000597      7.80754850      0.00000792      2.02207450      9.16333868      1.98111785      0.99981640      0.80203469      0.48799388      0.48799388      0.59114723      0.66910147      2.20000000    -10.00000000
    -47.29096990      0.00000000      0.00000000      0.00000000      0.00000000      0.00000565      7.72531426      0.00000768      1.93241740      9.38756333      1.98126576      0.99981640      0.80108899      0.48807112      0.48807112      0.59092837      0.65898443      2.20000000    -10.00000000
    -47.45819398      0.00000000      0.00000000      0.00000000      0.00000000      0.00000535      7.63962700      0.00000743      1.84671065      9.60653931      1.98141162      0.99981640      0.80014692      0.48814735      0.48814735      0.59049874      0.64871737      2.20000000    -10.00000000
    -47.62541806      0.00000000      0.00000000      0.00000000      0.00000000      0.00000506      7.55057767      0.00000719      1.76479654      9.81945137      1.98155546      0.99981640      0.79920738      0.48822258      0.48822258      0.59007252      0.63830973      2.20000000    -10.00000000
    -47.79264214      0.00000000      0.00000000      0.00000000      0.00000000      0.00000480      7.45826810      0.00000696      1.68652233     10.02548510      1.98169733      0.99981640      0.79826975      0.48829683      0.48829683      0.58964971      0.62777157      2.20000000    -10.00000000
    -47.95986622      0.00000000      0.00000000      0.00000000      0.00000000      0.00000455      7.36281068      0.00000673      1.61174015     10.22383311      1.98183727      0.99981640      0.79733513      0.48837012      0.48837012      0.58923027      0.61711352      2.20000000    -10.00000000
    -48.12709030      0.00000000      0.00000000      0.00000000      0.00000000      0.00000431      7.26432800      0.00000650      1.54030697     10.41370137      1.98197533      0.99981640      0.79640275      0.48844247      0.48844247      0.58881427      0.60634679      2.20000000    -10.00000000
    -48.29431438      0.00000000      0.00000000      0.00000000      0.00000000      0.00000410      7.16295225      0.00000628      1.47208442     10.59431562      1.98211154      0.99981640      0.79547265      0.48851390      0.48851390      0.58840137      0.59548307      2.20000000    -10.00000000
    -48.46153846      0.00000000      0.00000000      0.00000000      0.00000000      0.00000389      7.05882458      0.00000606      1.40693870     10.76492757      1.98224594      0.99981640      0.79454518      0.48858443      0.48858443      0.58799186      0.58453450      2.20000000    -10.00000000
    -48.62876254      0.00000000      0.00000000      0.00000000      0.00000000      0.00000370      6.95209416      0.00000585      1.34474046     10.92482099      1.98237857      0.99981640      0.79362005      0.48865408      0.48865408      0.58758566      0.57351356      2.20000000    -10.00000000
    -48.79598662      0.00000000      0.00000000      0.00000000      0.00000000      0.00000352      6.84291724      0.00000564      1.28536462     11.07331726      1.98250946      0.99981640      0.79269787      0.48872286      0.48872286      0.58718260      0.56243306      2.20000000    -10.00000000
    -48.96321070      0.00000000      0.00000000      0.00000000      0.00000000      0.00000335      6.73145570      0.00000544      1.22869017     11.20978047      1.98263865      0.99981640      0.79177851      0.48879078      0.48879078      0.58678269      0.55130596      2.20000000    -10.00000000
    -49.13043478      0.00000000      0.00000000      0.00000000      0.00000000      0.00000319      6.61787558      0.00000524      1.17460001     11.33362148      1.98276617      0.99981640      0.79086165      0.48885787      0.48885787      0.58638596      0.54014532      2.20000000    -10.00000000
    -49.29765886      0.00000000      0.00000000      0.00000000      0.00000000      0.00000304      6.50234509      0.00000504      1.12298063     11.44430100      1.98289206      0.99981640      0.79011976      0.48892414      0.48892414      0.58599245      0.52896414      2.20000000    -10.00000000
    -49.46488294      0.00000000      0.00000000      0.00000000      0.00000000      0.00000290      6.38503212      0.00000485      1.07372183     11.54133107      1.98301634      0.99981640      0.78903631      0.48898961      0.48898961      0.58560194      0.51777525      2.20000000    -10.00000000
    -49.63210702      0.00000000      0.00000000      0.00000000      0.00000000      0.00000277      6.26610106      0.00000466      1.02671627     11.62427445      1.98313905      0.99981640      0.78813629      0.48905429      0.48905429      0.58521454      0.50659102      2.20000000    -10.00000000
    -49.79933110      0.00000000      0.00000000      0.00000000      0.00000000      0.00000265      6.14570864      0.00000448      0.98185896     11.69274120      1.98326022      0.99981640      0.78722296      0.48911819      0.48911819      0.58483033      0.49542323      2.20000000    -10.00000000
    -49.96655518      0.00000000      0.00000000      0.00000000      0.00000000      0.00000253      6.02399845      0.00000430      0.93904655     11.74638120      1.98337987      0.99981640      0.78632153      0.48918133      0.48918133      0.58444879      0.48428262      2.20000000    -10.00000000
    -50.13377926      0.00000000      0.00000000      0.00000000      0.00000000      0.00000242      5.90109283      0.00000413      0.89817626     11.78487100      1.98349804      0.99981640      0.78541997      0.48924373      0.48924373      0.58407051      0.47317853      2.20000000    -10.00000000
    -50.30100334      0.00000000      0.00000000      0.00000000      0.00000000      0.00000232      5.77708211      0.00000396      0.85914450     11.80789213      1.98361476      0.99981640      0.78452333      0.48930539      0.48930539      0.58369512      0.46211819      2.20000000    -10.00000000
    -50.46822742      0.00000000      0.00000000      0.00000000      0.00000000      0.00000222      5.65200837      0.00000379      0.82184483     11.81509655      1.98373004      0.99981640      0.78363702      0.48936633      0.48936633      0.58332201      0.45110583      2.20000000    -10.00000000
    -50.63545151      0.00000000      0.00000000      0.00000000      0.00000000      0.00000213      5.52584141      0.00000363      0.78616489     11.80605223      1.98384392      0.99981640      0.78273905      0.48942657      0.48942657      0.58295324      0.44014127      2.20000000    -10.00000000
    -50.80267559      0.00000000      0.00000000      0.00000000      0.00000000      0.00000204      5.39844249      0.00000348      0.75198189     11.78015721      1.98395643      0.99981640      0.78214568      0.48948611      0.48948611      0.58258673      0.42921784      2.20000000    -10.00000000
    -50.96989967      0.00000000      0.00000000      0.00000000      0.00000000      0.00000196      5.26950841      0.00000332      0.71915581     11.73650315      1.98406758      0.99981640      0.78096670      0.48954497      0.48954497      0.58222252      0.41831916      2.20000000    -10.00000000
    -51.13712375      0.00000000      0.00000000      0.00000000      0.00000000      0.00000188      5.13848493      0.00000317      0.68751907     11.67365718      1.98417740      0.99981640      0.78005388      0.48960316      0.48960316      0.58186160      0.40741410      2.20000000    -10.00000000
    -51.30434783      0.00000000      0.00000000      0.00000000      0.00000000      0.00000180      5.00443219      0.00000302      0.65686103     11.58931129      1.98428592      0.99981640      0.77920711      0.48966069      0.48966069      0.58150340      0.39644908      2.20000000    -10.00000000
    -51.47157191      0.00000000      0.00000000      0.00000000      0.00000000      0.00000173      4.86581823      0.00000288      0.62690533     11.47972031      1.98439316      0.99981640      0.77833179      0.48971757      0.48971757      0.58114793      0.38533609      2.20000000    -10.00000000
    -51.63879599      0.00000000      0.00000000      0.00000000      0.00000000      0.00000166      4.72021232      0.00000273      0.59727852     11.33881523      1.98449914      0.99981640      0.77745886      0.48977382      0.48977382      0.58079529      0.37393511      2.20000000    -10.00000000
    -51.80602007      0.00000000      0.00000000      0.00000000      0.00000000      0.00000160      4.56386390      0.00000258      0.56747242     11.15686340      1.98460389      0.99981640      0.77659033      0.48982944      0.48982944      0.58044521      0.36203024      2.20000000    -10.00000000
    -51.97324415      0.00000000      0.00000000      0.00000000      0.00000000      0.00000153      4.39122361      0.00000242      0.53681449     10.91863589      1.98470742      0.99981640      0.77572633      0.48988445      0.48988445      0.58009754      0.34930338      2.20000000    -10.00000000
    -52.14046823      0.00000000      0.00000000      0.00000000      0.00000000      0.00000147      4.19467145      0.00000225      0.50448890     10.60146286      1.98480976      0.99981640      0.77486348      0.48993885      0.48993885      0.57975332      0.33532245      2.20000000    -10.00000000
    -52.30769231      0.00000000      0.00000000      0.00000000      0.00000000      0.00000140      3.96514821      0.00000206      0.46969687     10.17472527      1.98491092      0.99981640      0.77400420      0.48999266      0.48999266      0.57943642      0.31958758      2.20000000    -10.00000000
    -52.47491639      0.00000000      0.00000000      0.00000000      0.00000000      0.00000133      3.69487142      0.00000186      0.43206452      9.60442928      1.98501093      0.99981640      0.77314858      0.49004588      0.49004588      0.57946305      0.30170744      2.20000000    -10.00000000
    -52.64214047      0.00000000      0.00000000      0.00000000      0.00000000      0.00000127      3.38284928      0.00000163      0.39226403      8.86764546      1.98510981      0.99981640      0.77229587      0.49009853      0.49009853      0.57873447      0.28174543      2.20000000    -10.00000000
    -52.80936455      0.00000000      0.00000000      0.00000000      0.00000000      0.00000120      3.04091394      0.00000139      0.35241867      7.97573770      1.98520757      0.99981640      0.77144997      0.49015062      0.49015062      0.57840089      0.26058400      2.20000000    -10.00000000
    -52.97658863      0.00000000      0.00000000      0.00000000      0.00000000      0.00000114      2.69507149      0.00000116      0.31572360      6.99286333      1.98530424      0.99981640      0.77060056      0.49020216      0.49020216      0.57806917      0.23996195      2.20000000    -10.00000000
    -53.14381271      0.00000000      0.00000000      0.00000000      0.00000000      0.00000109      2.37193887      0.00000095      0.28470703      6.00662212      1.98539983      0.99981640      0.76975779      0.49025316      0.49025316      0.57773673      0.22161241      2.20000000    -10.00000000
    -53.31103679      0.00000000      0.00000000      0.00000000      0.00000000      0.00000104      2.09380041      0.00000077      0.26079218      5.10972481      1.98549436      0.99981640      0.76891849      0.49030362      0.49030362      0.57741327      0.20684787      2.20000000    -10.00000000
    -53.47826087      0.00000000      0.00000000      0.00000000      0.00000000      0.00000100      1.86790907      0.00000063      0.24367727      4.35229125      1.98558785      0.99981640      0.76808705      0.49035355      0.49035355      0.57708901      0.19593288      2.20000000    -10.00000000
    -53.64548495      0.00000000      0.00000000      0.00000000      0.00000000      0.00000097      1.69091987      0.00000052      0.23212858      3.74402685      1.98568032      0.99981640      0.76726478      0.49040296      0.49040296      0.57676721      0.18839639      2.20000000    -10.00000000
    -53.81270903      0.00000000      0.00000000      0.00000000      0.00000000      0.00000094      1.55448410      0.00000044      0.22466312      3.26935655      1.98577177      0.99981640      0.76641931      0.49045185      0.49045185      0.57640583      0.18344892      2.20000000    -10.00000000
    -53.97993311      0.00000000      0.00000000      0.00000000      0.00000000      0.00000091      1.44948657      0.00000038      0.21995908      2.90340759      1.98586223      0.99981640      0.76559397      0.49050024      0.49050024      0.57613077      0.18030038      2.20000000    -10.00000000
    -54.14715719      0.00000000      0.00000000      0.00000000      0.00000000      0.00000089      1.36803555      0.00000034      0.21700149      2.62152234      1.98595172      0.99981640      0.76508473      0.49054813      0.49054813      0.57581618      0.17830832      2.20000000    -10.00000000
    -54.31438127      0.00000000      0.00000000      0.00000000      0.00000000      0.00000086      1.30397417      0.00000030      0.21507919      2.40304052      1.98604025      0.99981640      0.76393659      0.49059553      0.49059553      0.57550375      0.17700837      2.20000000    -10.00000000
    -54.48160535      0.00000000      0.00000000      0.00000000      0.00000000      0.00000084      1.25273475      0.00000027      0.21372486      2.23195128      1.98612783      0.99981640      0.76313388      0.49064245      0.49064245      0.57519340      0.17609004      2.20000000    -10.00000000
    -54.64882943      0.00000000      0.00000000      0.00000000      0.00000000      0.00000082      1.21100422      0.00000025      0.21264669      2.09630365      1.98621448      0.99981640      0.76232388      0.49068890      0.49068890      0.57488249      0.17535750      2.20000000    -10.00000000
    -54.81605351      0.00000000      0.00000000      0.00000000      0.00000000      0.00000080      1.17639666      0.00000023      0.21167094      1.98732017      1.98630021      0.99981640      0.76151456      0.49073487      0.49073487      0.57458069      0.17469342      2.20000000    -10.00000000
    -54.98327759      0.00000000      0.00000000      0.00000000      0.00000000      0.00000079      1.14719092      0.00000022      0.21069961      1.89858123      1.98638504      0.99981640      0.76070413      0.49078039      0.49078039      0.57427836      0.17403128      2.20000000    -10.00000000
    -55.15050167      0.00000000      0.00000000      0.00000000      0.00000000      0.00000077      1.12213698      0.00000020      0.20968154      1.82537906      1.98646898      0.99981640      0.75990681      0.49082546      0.49082546      0.57397684      0.17333615      2.20000000    -10.00000000
    -55.31772575      0.00000000      0.00000000      0.00000000      0.00000000      0.00000075      1.10031827      0.00000019      0.20859358      1.76423817      1.98655205      0.99981640      0.75910605      0.49087008      0.49087008      0.57367859      0.17259200      2.20000000    -10.00000000
    -55.48494983      0.00000000      0.00000000      0.00000000      0.00000000      0.00000074      1.08105516      0.00000018      0.20742872      1.71256998      1.98663426      0.99981640      0.75828200      0.49091426      0.49091426      0.57334565      0.17179376      2.20000000    -10.00000000
    -55.65217391      0.00000000      0.00000000      0.00000000      0.00000000      0.00000072      1.06383784      0.00000017      0.20618884      1.66842708      1.98671562      0.99981640      0.75751917      0.49095801      0.49095801      0.57308729      0.17094242      2.20000000    -10.00000000
    -55.81939799      0.00000000      0.00000000      0.00000000      0.00000000      0.00000071      1.04827925      0.00000017      0.20488032      1.63032896      1.98679614      0.99981640      0.75673000      0.49100134      0.49100134      0.57279454      0.17004205      2.20000000    -10.00000000
    -55.98662207      0.00000000      0.00000000      0.00000000      0.00000000      0.00000069      1.03408206      0.00000016      0.20351155      1.59713807      1.98687585      0.99981640      0.75598909      0.49104424      0.49104424      0.57250535      0.16909813      2.20000000    -10.00000000
    -56.15384615      0.00000000      0.00000000      0.00000000      0.00000000      0.00000068      1.02101526      0.00000015      0.20209143      1.56797121      1.98695474      0.99981640      0.75516164      0.49108673      0.49108673      0.57221732      0.16811652      2.20000000    -10.00000000
    -56.32107023      0.00000000      0.00000000      0.00000000      0.00000000      0.00000066      1.00889735      0.00000015      0.20062862      1.54213570      1.98703270      0.99981640      0.75438318      0.49112881      0.49112881      0.57193206      0.16710298      2.20000000    -10.00000000
    -56.48829431      0.00000000      0.00000000      0.00000000      0.00000000      0.00000065      0.99758423      0.00000014      0.19913114      1.51908292      1.98711014      0.99981640      0.75360760      0.49117050      0.49117050      0.57164798      0.16606285      2.20000000    -10.00000000
    -56.65551839      0.00000000      0.00000000      0.00000000      0.00000000      0.00000064      0.98696033      0.00000014      0.19760621      1.49837431      1.98718658      0.99981640      0.75283543      0.49121178      0.49121178      0.57136588      0.16500099      2.20000000    -10.00000000
    -56.82274247      0.00000000      0.00000000      0.00000000      0.00000000      0.00000062      0.97693205      0.00000013      0.19606019      1.47965617      1.98726244      0.99981640      0.75206659      0.49125268      0.49125268      0.57108612      0.16392167      2.20000000    -10.00000000
    -56.98996656      0.00000000      0.00000000      0.00000000      0.00000000      0.00000061      0.96742294      0.00000013      0.19449865      1.46264079      1.98733746      0.99981640      0.75131957      0.49129319      0.49129319      0.57080851      0.16282869      2.20000000    -10.00000000
    -57.15719064      0.00000000      0.00000000      0.00000000      0.00000000      0.00000060      0.95836996      0.00000013      0.19292640      1.44709230      1.98741173      0.99981640      0.75053912      0.49133333      0.49133333      0.57053325      0.16172532      2.20000000    -10.00000000
    -57.32441472      0.00000000      0.00000000      0.00000000      0.00000000      0.00000059      0.94972072      0.00000012      0.19134757      1.43281585      1.98748528      0.99981640      0.74978019      0.49137309      0.49137309      0.57025350      0.16061440      2.20000000    -10.00000000
    -57.49163880      0.00000000      0.00000000      0.00000000      0.00000000      0.00000058      0.94143136      0.00000012      0.18976572      1.41964929      1.98755810      0.99981640      0.74902567      0.49141248      0.49141248      0.56998719      0.15949839      2.20000000    -10.00000000
    -57.65886288      0.00000000      0.00000000      0.00000000      0.00000000      0.00000057      0.93346485      0.00000012      0.18818386      1.40745680      1.98763022      0.99981640      0.74827243      0.49145151      0.49145151      0.56971722      0.15837941      2.20000000    -10.00000000
    -57.82608696      0.00000000      0.00000000      0.00000000      0.00000000      0.00000056      0.92578974      0.00000011      0.18660458      1.39612385      1.98770163      0.99981640      0.74752379      0.49149018      0.49149018      0.56944930      0.15725928      2.20000000    -10.00000000
    -57.99331104      0.00000000      0.00000000      0.00000000      0.00000000      0.00000054      0.91837913      0.00000011      0.18503006      1.38555329      1.98777236      0.99981640      0.74654076      0.49152850      0.49152850      0.56918263      0.15613955      2.20000000    -10.00000000
    -58.16053512      0.00000000      0.00000000      0.00000000      0.00000000      0.00000053      0.91120984      0.00000011      0.18346216      1.37566223      1.98784240      0.99981640      0.74603758      0.49156647      0.49156647      0.56891917      0.15502157      2.20000000    -10.00000000
    -58.32775920      0.00000000      0.00000000      0.00000000      0.00000000      0.00000052      0.90426183      0.00000010      0.18190245      1.36637955      1.98791177      0.99981640      0.74529723      0.49160409      0.49160409      0.56865687      0.15390649      2.20000000    -10.00000000
    -58.49498328      0.00000000      0.00000000      0.00000000      0.00000000      0.00000051      0.89751762      0.00000010      0.18035226      1.35764393      1.98798049      0.99981640      0.74456165      0.49164138      0.49164138      0.56839640      0.15279529      2.20000000    -10.00000000
    -58.66220736      0.00000000      0.00000000      0.00000000      0.00000000      0.00000051      0.89096190      0.00000010      0.17881270      1.34940220      1.98804855      0.99981640      0.74383088      0.49167834      0.49167834      0.56813835      0.15168881      2.20000000    -10.00000000
    -58.82943144      0.00000000      0.00000000      0.00000000      0.00000000      0.00000050      0.88458121      0.00000010      0.17728470      1.34160808      1.98811596      0.99981640      0.74310064      0.49171496      0.49171496      0.56788128      0.15058779      2.20000000    -10.00000000
    -58.99665552      0.00000000      0.00000000      0.00000000      0.00000000      0.00000049      0.87836363      0.00000009      0.17576905      1.33422109      1.98818275      0.99981640      0.74237447      0.49175126      0.49175126      0.56762591      0.14949283      2.20000000    -10.00000000
    -59.16387960      0.00000000      0.00000000      0.00000000      0.00000000      0.00000048      0.87229857      0.00000009      0.17426637      1.32720568      1.98824890      0.99981640      0.74172716      0.49178724      0.49178724      0.56710986      0.14840447      2.20000000    -10.00000000
    -59.33110368      0.00000000      0.00000000      0.00000000      0.00000000      0.00000047      0.86637656      0.00000009      0.17277721      1.32053046      1.98831444      0.99981640      0.74093284      0.49182291      0.49182291      0.56712769      0.14732313      2.20000000    -10.00000000
    -59.49832776      0.00000000      0.00000000      0.00000000      0.00000000      0.00000046      0.86058913      0.00000009      0.17130200      1.31416769      1.98837937      0.99981640      0.74021684      0.49185826      0.49185826      0.56687130      0.14624922      2.20000000    -10.00000000
    -59.66555184      0.00000000      0.00000000      0.00000000      0.00000000      0.00000045      0.85492864      0.00000009      0.16984108      1.30809268      1.98844367      0.99981640      0.73950411      0.49189330      0.49189330      0.56662361      0.14518303      2.20000000    -10.00000000
    -59.83277592      0.00000000      0.00000000      0.00000000      0.00000000      0.00000044      0.84938820      0.00000008      0.16839471      1.30228342      1.98850744      0.99981640      0.73879436      0.49192804      0.49192804      0.56637684      0.14412485      2.20000000    -10.00000000
    -60.00000000      0.00000000      0.00000000      0.00000000      0.00000000      0.00000044      0.84396155      0.00000008      0.16696312      1.29672023      1.98857059      0.99981640      0.73808963      0.49196248      0.49196248      0.56613222      0.14307489      2.20000000    -10.00000000
