    -10.00000000     -0.00000000     -0.00000000      0.00000000      0.00000000      0.01368540      0.00000230      0.00777406      0.00000000      3.59725131      0.00000000      0.99981725      0.50004558      0.50006051      0.50006051      0.49999230      0.00000000      2.40000000    -10.00000000
     -9.83277592     -0.00000000     -0.00000000      0.00000000      0.00000000      0.01364396      0.14347725      0.00775327      0.00173885      3.59852770      0.00000000      0.99981725      0.50553340      0.49934195      0.49934195      0.50191295      0.00173583      2.40000000    -10.00000000
     -9.66555184     -0.00000000     -0.00000000      0.00000000      0.00000000      0.01373085      0.28554015      0.00771886      0.00696177      3.55988850      0.00000000      0.99981725      0.51116120      0.49870329      0.49870329      0.50399164      0.00691364      2.40000000    -10.00000000
     -9.49832776     -0.00000000     -0.00000000      0.00000000      0.00000000      0.01385510      0.42483492      0.00766227      0.01566513      3.50209430      0.00000000      0.99981725      0.51729133      0.49806053      0.49806053      0.50649074      0.01542352      2.40000000    -10.00000000
     -9.33110368     -0.00000000     -0.00000000      0.00000000      0.00000000      0.01401772      0.56049699      0.00758430      0.02787080      3.42624702      0.00000000      0.99981725      0.52464216      0.49741943      0.49741943      0.50827357      0.02711508      2.40000000    -10.00000000
     -9.16387960     -0.00000000     -0.00000000      0.00000000      0.00000000      0.01422344      0.69145085      0.00748615      0.04360238      3.33298968      0.00000000      0.99981725      0.52958616      0.49676272      0.49676272      0.50999714      0.04178064      2.40000000    -10.00000000
     -8.99665552     -0.00000000     -0.00000000      0.00000000      0.00000000      0.01447443      0.81671411      0.00736925      0.06288685      3.22405006      0.00000000      0.99981725      0.53448936      0.49610613      0.49610613      0.51177987      0.05916608      2.40000000    -10.00000000
     -8.82943144     -0.00000000     -0.00000000      0.00000000      0.00000000      0.01477205      0.93543512      0.00723528      0.08575400      3.10166183      0.00000000      0.99981725      0.53956930      0.49546281      0.49546281      0.51356798      0.07898106      2.40000000    -10.00000000
     -8.66220736     -0.00000000     -0.00000000      0.00000000      0.00000000      0.01511744      1.04690320      0.00708606      0.11223487      2.96829289      0.00000000      0.99981725      0.54463883      0.49482048      0.49482048      0.51534949      0.10090933      2.40000000    -10.00000000
     -8.49498328     -0.00000000     -0.00000000      0.00000000      0.00000000      0.01551174      1.15055269      0.00692353      0.14235972      2.82648964      0.00000000      0.99981725      0.54966020      0.49417926      0.49417926      0.51711618      0.12461900      2.40000000    -10.00000000
     -8.32775920     -0.00000000     -0.00000000      0.00000000      0.00000000      0.01595617      1.24596213      0.00674968      0.17615565      2.67876502      0.00000000      0.99981725      0.55458728      0.49354036      0.49354036      0.51886365      0.14977240      2.40000000    -10.00000000
     -8.16053512     -0.00000000     -0.00000000      0.00000000      0.00000000      0.01645205      1.33284905      0.00656648      0.21364375      2.52751210      0.00000000      0.99981725      0.55941316      0.49290383      0.49290383      0.52058840      0.17603498      2.40000000    -10.00000000
     -7.99331104     -0.00000000     -0.00000000      0.00000000      0.00000000      0.01700079      1.41106096      0.00637589      0.25483596      2.37493841      0.00000000      0.99981725      0.56413237      0.49226952      0.49226952      0.52228410      0.20308309      2.40000000    -10.00000000
     -7.82608696     -0.00000000     -0.00000000      0.00000000      0.00000000      0.01760391      1.48056348      0.00617977      0.29973141      2.22301977      0.00000000      0.99981725      0.56871639      0.49163497      0.49163497      0.52395462      0.23061027      2.40000000    -10.00000000
     -7.65886288     -0.00000000     -0.00000000      0.00000000      0.00000000      0.01826305      1.54142655      0.00597986      0.34831247      2.07347192      0.00000000      0.99981725      0.57315337      0.49101148      0.49101148      0.52558702      0.25833216      2.40000000    -10.00000000
     -7.49163880     -0.00000000     -0.00000000      0.00000000      0.00000000      0.01897992      1.59380950      0.00577780      0.40054038      1.92773809      0.00000000      0.99981725      0.57743152      0.49038986      0.49038986      0.52717057      0.28598988      2.40000000    -10.00000000
     -7.32441472     -0.00000000     -0.00000000      0.00000000      0.00000000      0.01975632      1.63794598      0.00557504      0.45635052      1.78698994      0.00000000      0.99981725      0.58153838      0.48977426      0.48977426      0.52873044      0.31335212      2.40000000    -10.00000000
     -7.15719064     -0.00000000     -0.00000000      0.00000000      0.00000000      0.02059412      1.67412915      0.00537291      0.51564741      1.65213902      0.00000000      0.99981725      0.58543003      0.48916564      0.48916564      0.53023214      0.34021594      2.40000000    -10.00000000
     -6.98996656     -0.00000000     -0.00000000      0.00000000      0.00000000      0.02149524      1.70269782      0.00517256      0.57829939      1.52385601      0.00000000      0.99981725      0.58913183      0.48856534      0.48856534      0.53168036      0.36640665      2.40000000    -10.00000000
     -6.82274247     -0.00000000     -0.00000000      0.00000000      0.00000000      0.02246166      1.72402368      0.00497501      0.64413314      1.40259510      0.00000000      0.99981725      0.59260622      0.48797225      0.48797225      0.53307087      0.39177675      2.40000000    -10.00000000
     -6.65551839     -0.00000000     -0.00000000      0.00000000      0.00000000      0.02349536      1.73850005      0.00478109      0.71292801      1.28862112      0.00000000      0.99981725      0.59581972      0.48739486      0.48739486      0.53440170      0.41620430      2.40000000    -10.00000000
     -6.48829431     -0.00000000     -0.00000000      0.00000000      0.00000000      0.02459834      1.74653193      0.00459153      0.78441012      1.18203785      0.00000000      0.99981725      0.59872081      0.48682805      0.48682805      0.53566836      0.43959071      2.40000000    -10.00000000
     -6.32107023     -0.00000000     -0.00000000      0.00000000      0.00000000      0.02577258      1.74852810      0.00440689      0.85824721      1.08281519      0.00000000      0.99981725      0.60092484      0.48628391      0.48628391      0.53663433      0.46185847      2.40000000    -10.00000000
     -6.15384615     -0.00000000     -0.00000000      0.00000000      0.00000000      0.02701999      1.74489412      0.00422764      0.93404320      0.99081530      0.00000000      0.99981725      0.60311744      0.48575334      0.48575334      0.53796667      0.48294847      2.40000000    -10.00000000
     -5.98662207     -0.00000000     -0.00000000      0.00000000      0.00000000      0.02834241      1.73602661      0.00405412      1.01133236      0.90581677      0.00000000      0.99981725      0.60612315      0.48524023      0.48524023      0.53899409      0.50281713      2.40000000    -10.00000000
     -5.81939799     -0.00000000     -0.00000000      0.00000000      0.00000000      0.02974157      1.72230943      0.00388660      1.08957582      0.82753508      0.00000000      0.99981725      0.60880847      0.48474882      0.48474882      0.53993231      0.52143397      2.40000000    -10.00000000
     -5.65217391     -0.00000000     -0.00000000      0.00000000      0.00000000      0.03121905      1.70411045      0.00372525      1.16815760      0.75564107      0.00000000      0.99981725      0.61117033      0.48428127      0.48428127      0.54076572      0.53877891      2.40000000    -10.00000000
     -5.48494983     -0.00000000     -0.00000000      0.00000000      0.00000000      0.03277625      1.68177928      0.00357016      1.24638210      0.68977635      0.00000000      0.99981725      0.61319128      0.48383916      0.48383916      0.54150876      0.55483976      2.40000000    -10.00000000
     -5.31772575     -0.00000000     -0.00000000      0.00000000      0.00000000      0.03441432      1.65564588      0.00342137      1.32347301      0.62956609      0.00000000      0.99981725      0.61487714      0.48344058      0.48344058      0.54214314      0.56960981      2.40000000    -10.00000000
     -5.15050167     -0.00000000     -0.00000000      0.00000000      0.00000000      0.03613413      1.62601983      0.00327888      1.39857387      0.57462931      0.00000000      0.99981725      0.61620411      0.48305204      0.48305204      0.54265684      0.58308559      2.40000000    -10.00000000
     -4.98327759     -0.00000000     -0.00000000      0.00000000      0.00000000      0.03793625      1.59319001      0.00314262      1.47075078      0.52458706      0.00000000      0.99981725      0.61717264      0.48271097      0.48271097      0.54305107      0.59526472      2.40000000    -10.00000000
     -4.81605351     -0.00000000     -0.00000000      0.00000000      0.00000000      0.03982084      1.55742488      0.00301251      1.53899763      0.47906868      0.00000000      0.99981725      0.61777184      0.48241027      0.48241027      0.54331054      0.60614378      2.40000000    -10.00000000
     -4.64882943     -0.00000000     -0.00000000      0.00000000      0.00000000      0.04178763      1.51897296      0.00288842      1.60224433      0.43771643      0.00000000      0.99981725      0.61799413      0.48215370      0.48215370      0.54343419      0.61571633      2.40000000    -10.00000000
     -4.48160535     -0.00000000     -0.00000000      0.00000000      0.00000000      0.04383587      1.47806364      0.00277022      1.65936853      0.40018880      0.00000000      0.99981725      0.61783894      0.48194539      0.48194539      0.54340668      0.62397088      2.40000000    -10.00000000
     -4.31438127     -0.00000000     -0.00000000      0.00000000      0.00000000      0.04596423      1.43490820      0.00265775      1.70921120      0.36616263      0.00000000      0.99981725      0.61728024      0.48178986      0.48178986      0.54323166      0.63088887      2.40000000    -10.00000000
     -4.14715719     -0.00000000     -0.00000000      0.00000000      0.00000000      0.04817076      1.38970087      0.00255083      1.75059645      0.33533441      0.00000000      0.99981725      0.61633173      0.48169055      0.48169055      0.54287878      0.63644249      2.40000000    -10.00000000
     -3.97993311     -0.00000000     -0.00000000      0.00000000      0.00000000      0.05045285      1.34262006      0.00244928      1.78235571      0.30742090      0.00000000      0.99981725      0.61497888      0.48165108      0.48165108      0.54229537      0.64059232      2.40000000    -10.00000000
     -3.81270903     -0.00000000     -0.00000000      0.00000000      0.00000000      0.05280710      1.29382948      0.00235291      1.80335618      0.28215911      0.00000000      0.99981725      0.61322183      0.48168311      0.48168311      0.54151299      0.64328471      2.40000000    -10.00000000
     -3.64548495     -0.00000000     -0.00000000      0.00000000      0.00000000      0.05522932      1.24347929      0.00226153      1.81253345      0.25930601      0.00000000      0.99981725      0.61105698      0.48177580      0.48177580      0.54089123      0.64444867      2.40000000    -10.00000000
     -3.47826087     -0.00000000     -0.00000000      0.00000000      0.00000000      0.05771445      1.19170712      0.00217492      1.80892747      0.23863790      0.00000000      0.99981725      0.60847198      0.48194585      0.48194585      0.54009137      0.64399223      2.40000000    -10.00000000
     -3.31103679     -0.00000000     -0.00000000      0.00000000      0.00000000      0.06025648      1.13863906      0.00209289      1.79172155      0.21994958      0.00000000      0.99981725      0.60549440      0.48219555      0.48219555      0.53913447      0.64179809      2.40000000    -10.00000000
     -3.14381271     -0.00000000     -0.00000000      0.00000000      0.00000000      0.06284845      1.08439051      0.00201523      1.76028329      0.20305344      0.00000000      0.99981725      0.60209891      0.48248797      0.48248797      0.53794671      0.63771834      2.40000000    -10.00000000
     -2.97658863     -0.00000000     -0.00000000      0.00000000      0.00000000      0.06548242      1.02906698      0.00194174      1.71420658      0.18777840      0.00000000      0.99981725      0.59829783      0.48294869      0.48294869      0.53659524      0.63156821      2.40000000    -10.00000000
     -2.80936455     -0.00000000     -0.00000000      0.00000000      0.00000000      0.06814942      0.97276487      0.00187221      1.65335357      0.17396886      0.00000000      0.99981725      0.59409560      0.48345948      0.48345948      0.53503570      0.62311845      2.40000000    -10.00000000
     -2.64214047     -0.00000000     -0.00000000      0.00000000      0.00000000      0.07083947      0.91557211      0.00180644      1.57789532      0.16148360      0.00000000      0.99981725      0.58944332      0.48405246      0.48405246      0.53332776      0.61208665      2.40000000    -10.00000000
     -2.47491639     -0.00000000     -0.00000000      0.00000000      0.00000000      0.07354158      0.85756890      0.00174424      1.48834957      0.15019470      0.00000000      0.99981725      0.58453055      0.48476179      0.48476179      0.53141077      0.59812720      2.40000000    -10.00000000
     -2.30769231     -0.00000000     -0.00000000      0.00000000      0.00000000      0.07624382      0.79882832      0.00168543      1.38561425      0.13998647      0.00000000      0.99981725      0.57919616      0.48557064      0.48557064      0.52930770      0.58082075      2.40000000    -10.00000000
     -2.14046823     -0.00000000     -0.00000000      0.00000000      0.00000000      0.07893333      0.73941689      0.00162981      1.27099491      0.13075444      0.00000000      0.99981725      0.57355181      0.48647637      0.48647637      0.52701437      0.55966436      2.40000000    -10.00000000
     -1.97324415     -0.00000000     -0.00000000      0.00000000      0.00000000      0.08159639      0.67939523      0.00157720      1.14622438      0.12240435      0.00000000      0.99981725      0.56752923      0.48747234      0.48747234      0.52453902      0.53406549      2.40000000    -10.00000000
     -1.80602007     -0.00000000     -0.00000000      0.00000000      0.00000000      0.08421857      0.61881850      0.00152744      1.01347313      0.11485128      0.00000000      0.99981725      0.56097780      0.48860308      0.48860308      0.52188422      0.50334574      2.40000000    -10.00000000
     -1.63879599     -0.00000000     -0.00000000      0.00000000      0.00000000      0.08678477      0.55773694      0.00148034      0.87534885      0.10801875      0.00000000      0.99981725      0.55409182      0.48981313      0.48981313      0.51905502      0.46676588      2.40000000    -10.00000000
     -1.47157191     -0.00000000     -0.00000000      0.00000000      0.00000000      0.08927940      0.49619630      0.00143576      0.73488428      0.10183794      0.00000000      0.99981725      0.54689269      0.49112410      0.49112410      0.51601741      0.42359268      2.40000000    -10.00000000
     -1.30434783     -0.00000000     -0.00000000      0.00000000      0.00000000      0.09168655      0.43423827      0.00139352      0.59551239      0.09624693      0.00000000      0.99981725      0.53940455      0.49255797      0.49255797      0.51289158      0.37324210      2.40000000    -10.00000000
     -1.13712375     -0.00000000     -0.00000000      0.00000000      0.00000000      0.09399011      0.37190079      0.00135347      0.46102894      0.09119006      0.00000000      0.99981725      0.53166864      0.49407949      0.49407949      0.50957350      0.31555086      2.40000000    -10.00000000
     -0.96989967     -0.00000000     -0.00000000      0.00000000      0.00000000      0.09617403      0.30921846      0.00131547      0.33554263      0.08661730      0.00000000      0.99981725      0.52368972      0.49567856      0.49567856      0.50611925      0.25124067      2.40000000    -10.00000000
     -0.80267559     -0.00000000     -0.00000000      0.00000000      0.00000000      0.09822246      0.24622276      0.00127938      0.22341384      0.08248364      0.00000000      0.99981725      0.51546151      0.49740199      0.49740199      0.50251197      0.18261510      2.40000000    -10.00000000
     -0.63545151     -0.00000000     -0.00000000      0.00000000      0.00000000      0.10012001      0.18294238      0.00124504      0.12918347      0.07874867      0.00000000      0.99981725      0.50704264      0.49919819      0.49919819      0.49883301      0.11440432      2.40000000    -10.00000000
     -0.46822742     -0.00000000     -0.00000000      0.00000000      0.00000000      0.10185197      0.11940340      0.00121233      0.05749389      0.07537602      0.00000000      0.99981725      0.49842388      0.50107161      0.50107161      0.49501948      0.05436806      2.40000000    -10.00000000
     -0.30100334     -0.00000000     -0.00000000      0.00000000      0.00000000      0.10340448      0.05562953      0.00118112      0.01300456      0.07233300      0.00000000      0.99981725      0.48969099      0.50300252      0.50300252      0.49101203      0.01283762      2.40000000    -10.00000000
     -0.13377926     -0.00000000     -0.00000000      0.00000000      0.00000000      0.10476481     -0.00835769      0.00115129      0.00030510      0.06959022      0.00000000      0.99981725      0.48079841      0.50501135      0.50501135      0.48714168      0.00030501      2.40000000    -10.00000000
      0.03344482     -0.00000000     -0.00000000      0.00000000      0.00000000      0.10592151     -0.07253876      0.00112270      0.02382880      0.06712119      0.00000000      0.99981725      0.47177984      0.50707911      0.50707911      0.48297901      0.02327420      2.40000000    -10.00000000
      0.20066890     -0.00000000     -0.00000000      0.00000000      0.00000000      0.10686465     -0.13689603      0.00109525      0.08776969      0.06490208      0.00000000      0.99981725      0.46273466      0.50918545      0.50918545      0.47874942      0.08068775      2.40000000    -10.00000000
      0.36789298     -0.00000000     -0.00000000      0.00000000      0.00000000      0.10758595     -0.20141355      0.00106882      0.19600600      0.06291143      0.00000000      0.99981725      0.45359670      0.51133048      0.51133048      0.47446637      0.16388379      2.40000000    -10.00000000
      0.53511706     -0.00000000     -0.00000000      0.00000000      0.00000000      0.10807891     -0.26607701      0.00104331      0.35203252      0.06112986      0.00000000      0.99981725      0.44442299      0.51348803      0.51348803      0.47014309      0.26037282      2.40000000    -10.00000000
      0.70234114     -0.00000000     -0.00000000      0.00000000      0.00000000      0.10833897     -0.33087352      0.00101862      0.55890411      0.05953992      0.00000000      0.99981725      0.43522931      0.51567097      0.51567097      0.46579431      0.35852373      2.40000000    -10.00000000
      0.86956522     -0.00000000     -0.00000000      0.00000000      0.00000000      0.10836356     -0.39579158      0.00099465      0.81919160      0.05812582      0.00000000      0.99981725      0.42604240      0.51784222      0.51784222      0.46143365      0.45030529      2.40000000    -10.00000000
      1.03678930     -0.00000000     -0.00000000      0.00000000      0.00000000      0.10815214     -0.46082092      0.00097132      1.13495103      0.05687334      0.00000000      0.99981725      0.41686804      0.52001155      0.52001155      0.45707487      0.53160518      2.40000000    -10.00000000
      1.20401338     -0.00000000     -0.00000000      0.00000000      0.00000000      0.10770622     -0.52595240      0.00094855      1.50770626      0.05576962      0.00000000      0.99981725      0.40776466      0.52215508      0.52215508      0.45267631      0.60122921      2.40000000    -10.00000000
      1.37123746     -0.00000000     -0.00000000      0.00000000      0.00000000      0.10702934     -0.59117792      0.00092625      1.93844399      0.05480304      0.00000000      0.99981725      0.39873992      0.52427061      0.52427061      0.44841592      0.65968383      2.40000000    -10.00000000
      1.53846154     -0.00000000     -0.00000000      0.00000000      0.00000000      0.10612697     -0.65649026      0.00090436      2.42762007      0.05396316      0.00000000      0.99981725      0.38973365      0.52634394      0.52634394      0.44414084      0.70825238      2.40000000    -10.00000000
      1.70568562     -0.00000000     -0.00000000      0.00000000      0.00000000      0.10500648     -0.72188302      0.00088283      2.97517474      0.05324057      0.00000000      0.99981725      0.38084859      0.52836420      0.52836420      0.43991737      0.74843873      2.40000000    -10.00000000
      1.87290970     -0.00000000     -0.00000000      0.00000000      0.00000000      0.10367691     -0.78735047      0.00086161      3.58055467      0.05262685      0.00000000      0.99981725      0.37207337      0.53032275      0.53032275      0.43575845      0.78168583      2.40000000    -10.00000000
      2.04013378     -0.00000000     -0.00000000      0.00000000      0.00000000      0.10214893     -0.85288750      0.00084064      4.24273938      0.05211451      0.00000000      0.99981725      0.36341815      0.53221156      0.53221156      0.43166952      0.80926002      2.40000000    -10.00000000
      2.20735786     -0.00000000     -0.00000000      0.00000000      0.00000000      0.10043457     -0.91848949      0.00081991      4.96027041      0.05169690      0.00000000      0.99981725      0.35489363      0.53402214      0.53402214      0.42767440      0.83222238      2.40000000    -10.00000000
      2.37458194     -0.00000000     -0.00000000      0.00000000      0.00000000      0.09854704     -0.98415233      0.00079939      5.73128325      0.05136819      0.00000000      0.99981725      0.34651508      0.53574391      0.53574391      0.42374788      0.85143992      2.40000000    -10.00000000
      2.54180602     -0.00000000     -0.00000000      0.00000000      0.00000000      0.09650054     -1.04987249      0.00077905      6.55354399      0.05112324      0.00000000      0.99981725      0.33828618      0.53738000      0.53738000      0.41992973      0.86761181      2.40000000    -10.00000000
      2.70903010     -0.00000000     -0.00000000      0.00000000      0.00000000      0.09431000     -1.11564704      0.00075890      7.42449549      0.05095751      0.00000000      0.99981725      0.33021832      0.53891724      0.53891724      0.41621570      0.88129853      2.40000000    -10.00000000
      2.87625418     -0.00000000     -0.00000000      0.00000000      0.00000000      0.09199089     -1.18147395      0.00073892      8.34131864      0.05086688      0.00000000      0.99981725      0.32231749      0.54035379      0.54035379      0.41261271      0.89294873      2.40000000    -10.00000000
      3.04347826     -0.00000000     -0.00000000      0.00000000      0.00000000      0.08955895     -1.24735218      0.00071911      9.30101264      0.05084748      0.00000000      0.99981725      0.31459019      0.54168682      0.54168682      0.40912365      0.90292217      2.40000000    -10.00000000
      3.21070234     -0.00000000     -0.00000000      0.00000000      0.00000000      0.08703006     -1.31328184      0.00069947     10.30049160      0.05089551      0.00000000      0.99981725      0.30704463      0.54291271      0.54291271      0.40575445      0.91150827      2.40000000    -10.00000000
      3.37792642     -0.00000000     -0.00000000      0.00000000      0.00000000      0.08441999     -1.37926414      0.00067998     11.33668641      0.05100706      0.00000000      0.99981725      0.29967788      0.54403265      0.54403265      0.40250854      0.91894096      2.40000000    -10.00000000
      3.54515050     -0.00000000     -0.00000000      0.00000000      0.00000000      0.08174427     -1.44530120      0.00066063     12.40663368      0.05117811      0.00000000      0.99981725      0.29250133      0.54504499      0.54504499      0.39938817      0.92541006      2.40000000    -10.00000000
      3.71237458     -0.00000000     -0.00000000      0.00000000      0.00000000      0.07901807     -1.51139561      0.00064143     13.50753550      0.05140457      0.00000000      0.99981725      0.28551573      0.54595020      0.54595020      0.39639572      0.93107030      2.40000000    -10.00000000
      3.87959866     -0.00000000     -0.00000000      0.00000000      0.00000000      0.07625604     -1.57755006      0.00062235     14.63678321      0.05168234      0.00000000      0.99981725      0.27872075      0.54674943      0.54674943      0.39352001      0.93604823      2.40000000    -10.00000000
      4.04682274     -0.00000000     -0.00000000      0.00000000      0.00000000      0.07347219     -1.64376695      0.00060341     15.79195092      0.05200753      0.00000000      0.99981725      0.27213398      0.54744467      0.54744467      0.39079944      0.94044766      2.40000000    -10.00000000
      4.21404682     -0.00000000     -0.00000000      0.00000000      0.00000000      0.07067982     -1.71004820      0.00058459     16.97077218      0.05237652      0.00000000      0.99981725      0.26572794      0.54803907      0.54803907      0.38819824      0.94435409      2.40000000    -10.00000000
      4.38127090     -0.00000000     -0.00000000      0.00000000      0.00000000      0.06789140     -1.77639509      0.00056592     18.17111163      0.05278605      0.00000000      0.99981725      0.25954917      0.54853633      0.54853633      0.38572354      0.94783818      2.40000000    -10.00000000
      4.54849498     -0.00000000     -0.00000000      0.00000000      0.00000000      0.06511848     -1.84280835      0.00054740     19.39093744      0.05323326      0.00000000      0.99981725      0.25355356      0.54894150      0.54894150      0.38337990      0.95095861      2.40000000    -10.00000000
      4.71571906     -0.00000000     -0.00000000      0.00000000      0.00000000      0.06237167     -1.90928817      0.00052906     20.62829431      0.05371569      0.00000000      0.99981725      0.24771799      0.54924546      0.54924546      0.38116447      0.95376427      2.40000000    -10.00000000
      4.88294314     -0.00000000     -0.00000000      0.00000000      0.00000000      0.05966059     -1.97583427      0.00051093     21.88127379      0.05423129      0.00000000      0.99981725      0.24210537      0.54946342      0.54946342      0.37907507      0.95629614      2.40000000    -10.00000000
      5.05016722     -0.00000000     -0.00000000      0.00000000      0.00000000      0.05699386     -2.04244592      0.00049301     23.14797991      0.05477843      0.00000000      0.99981725      0.23668992      0.54960104      0.54960104      0.37711018      0.95858867      2.40000000    -10.00000000
      5.21739130     -0.00000000     -0.00000000      0.00000000      0.00000000      0.05437911     -2.10912197      0.00047535     24.42648954      0.05535589      0.00000000      0.99981725      0.23146889      0.54965809      0.54965809      0.37526760      0.96067094      2.40000000    -10.00000000
      5.38461538     -0.00000000     -0.00000000      0.00000000      0.00000000      0.05182299     -2.17586088      0.00045798     25.71480902      0.05596293      0.00000000      0.99981725      0.22644233      0.54964427      0.54964427      0.37354429      0.96256758      2.40000000    -10.00000000
      5.55183946     -0.00000000     -0.00000000      0.00000000      0.00000000      0.04933118     -2.24266070      0.00044091     27.01082959      0.05659926      0.00000000      0.99981725      0.22160820      0.54956268      0.54956268      0.37193797      0.96429952      2.40000000    -10.00000000
      5.71906355     -0.00000000     -0.00000000      0.00000000      0.00000000      0.04690847     -2.30951907      0.00042419     28.31228415      0.05726506      0.00000000      0.99981725      0.21696310      0.54941830      0.54941830      0.37044624      0.96588461      2.40000000    -10.00000000
      5.88628763     -0.00000000     -0.00000000      0.00000000      0.00000000      0.04455880     -2.37643327      0.00040784     29.61670812      0.05796101      0.00000000      0.99981725      0.21250368      0.54921559      0.54921559      0.36906325      0.96733810      2.40000000    -10.00000000
      6.05351171     -0.00000000     -0.00000000      0.00000000      0.00000000      0.04228526     -2.44340020      0.00039189     30.92140630      0.05868829      0.00000000      0.99981725      0.20824960      0.54895971      0.54895971      0.36778854      0.96867306      2.40000000    -10.00000000
      6.22073579     -0.00000000     -0.00000000      0.00000000      0.00000000      0.04009023     -2.51041644      0.00037636     32.22342769      0.05944856      0.00000000      0.99981725      0.20412719      0.54865500      0.54865500      0.36661816      0.96990076      2.40000000    -10.00000000
      6.38795987     -0.00000000     -0.00000000      0.00000000      0.00000000      0.03797537     -2.57747825      0.00036127     33.51954993      0.06024394      0.00000000      0.99981725      0.20019559      0.54830614      0.54830614      0.36554781      0.97103091      2.40000000    -10.00000000
      6.55518395     -0.00000000     -0.00000000      0.00000000      0.00000000      0.03594171     -2.64458161      0.00034665     34.80627421      0.06107703      0.00000000      0.99981725      0.19650526      0.54791749      0.54791749      0.36457415      0.97207193      2.40000000    -10.00000000
      6.72240803     -0.00000000     -0.00000000      0.00000000      0.00000000      0.03398971     -2.71172229      0.00033252     36.07983370      0.06195087      0.00000000      0.99981725      0.19296375      0.54749308      0.54749308      0.36369396      0.97303116      2.40000000    -10.00000000
      6.88963211     -0.00000000     -0.00000000      0.00000000      0.00000000      0.03211930     -2.77889589      0.00031888     37.33621575      0.06286889      0.00000000      0.99981725      0.18958456      0.54703697      0.54703697      0.36290330      0.97391500      2.40000000    -10.00000000
      7.05685619     -0.00000000     -0.00000000      0.00000000      0.00000000      0.03033000     -2.84609788      0.00030574     38.57120010      0.06383488      0.00000000      0.99981725      0.18636644      0.54655303      0.54655303      0.36219890      0.97472910      2.40000000    -10.00000000
      7.22408027     -0.00000000     -0.00000000      0.00000000      0.00000000      0.02862087     -2.91332367      0.00029311     39.78041478      0.06485294      0.00000000      0.99981725      0.18330774      0.54604470      0.54604470      0.36157695      0.97547842      2.40000000    -10.00000000
      7.39130435     -0.00000000     -0.00000000      0.00000000      0.00000000      0.02699066     -2.98056871      0.00028100     40.95940899      0.06592742      0.00000000      0.99981725      0.18040612      0.54551539      0.54551539      0.36103416      0.97616744      2.40000000    -10.00000000
      7.55852843     -0.00000000     -0.00000000      0.00000000      0.00000000      0.02543781     -3.04782852      0.00026939     42.10374276      0.06706283      0.00000000      0.99981725      0.17765630      0.54496824      0.54496824      0.36059565      0.97680016      2.40000000    -10.00000000
      7.72575251     -0.00000000     -0.00000000      0.00000000      0.00000000      0.02396053     -3.11509883      0.00025829     43.20908962      0.06826374      0.00000000      0.99981725      0.17505203      0.54440615      0.54440615      0.36017055      0.97738022      2.40000000    -10.00000000
      7.89297659     -0.00000000     -0.00000000      0.00000000      0.00000000      0.02255680     -3.18237539      0.00024768     44.27179406      0.06953400      0.00000000      0.99981725      0.17259801      0.54383218      0.54383218      0.35984358      0.97791119      2.40000000    -10.00000000
      8.06020067     -0.00000000     -0.00000000      0.00000000      0.00000000      0.02122444     -3.24965475      0.00023756     45.28754031      0.07087894      0.00000000      0.99981725      0.17027919      0.54324793      0.54324793      0.35958134      0.97839591      2.40000000    -10.00000000
      8.22742475     -0.00000000     -0.00000000      0.00000000      0.00000000      0.01996115     -3.31693371      0.00022791     46.25267731      0.07230332      0.00000000      0.99981725      0.16810051      0.54265668      0.54265668      0.35938220      0.97883718      2.40000000    -10.00000000
      8.39464883     -0.00000000     -0.00000000      0.00000000      0.00000000      0.01876451     -3.38420917      0.00021871     47.16484401      0.07381039      0.00000000      0.99981725      0.16605269      0.54206012      0.54206012      0.35923941      0.97923797      2.40000000    -10.00000000
      8.56187291     -0.00000000     -0.00000000      0.00000000      0.00000000      0.01763204     -3.45147865      0.00020995     48.02183221      0.07540379      0.00000000      0.99981725      0.16413270      0.54146037      0.54146037      0.35915582      0.97960093      2.40000000    -10.00000000
      8.72909699     -0.00000000     -0.00000000      0.00000000      0.00000000      0.01656123     -3.51874011      0.00020160     48.82205541      0.07708677      0.00000000      0.99981725      0.16235868      0.54085946      0.54085946      0.35912463      0.97992857      2.40000000    -10.00000000
      8.89632107     -0.00000000     -0.00000000      0.00000000      0.00000000      0.01554954     -3.58599187      0.00019365     49.56454789      0.07886221      0.00000000      0.99981725      0.16065883      0.54025728      0.54025728      0.35913474      0.98022330      2.40000000    -10.00000000
      9.06354515     -0.00000000     -0.00000000      0.00000000      0.00000000      0.01459443     -3.65323259      0.00018606     50.24893335      0.08073267      0.00000000      0.99981725      0.15909840      0.53965794      0.53965794      0.35920730      0.98048740      2.40000000    -10.00000000
      9.23076923     -0.00000000     -0.00000000      0.00000000      0.00000000      0.01369337     -3.72046117      0.00017883     50.87536226      0.08270039      0.00000000      0.99981725      0.15764858      0.53906114      0.53906114      0.35931800      0.98072303      2.40000000    -10.00000000
      9.39799331     -0.00000000     -0.00000000      0.00000000      0.00000000      0.01284387     -3.78767669      0.00017193     51.44442486      0.08476743      0.00000000      0.99981725      0.15630838      0.53846896      0.53846896      0.35947000      0.98093220      2.40000000    -10.00000000
      9.56521739     -0.00000000     -0.00000000      0.00000000      0.00000000      0.01204348     -3.85487827      0.00016534     51.95707560      0.08693570      0.00000000      0.99981725      0.15507465      0.53788664      0.53788664      0.35966150      0.98111678      2.40000000    -10.00000000
      9.73244147     -0.00000000     -0.00000000      0.00000000      0.00000000      0.01128980     -3.92206503      0.00015904     52.41450612      0.08920714      0.00000000      0.99981725      0.15393586      0.53730089      0.53730089      0.35989032      0.98127849      2.40000000    -10.00000000
      9.89966555     -0.00000000     -0.00000000      0.00000000      0.00000000      0.01058051     -3.98923599      0.00015302     52.81808036      0.09158374      0.00000000      0.99981725      0.15289154      0.53672175      0.53672175      0.36015807      0.98141888      2.40000000    -10.00000000
     10.06688963     -0.00000000     -0.00000000      0.00000000      0.00000000      0.00991333     -4.05638998      0.00014726     53.16924971      0.09406767      0.00000000      0.99981725      0.15194030      0.53615000      0.53615000      0.36045043      0.98153934      2.40000000    -10.00000000
     10.23411371     -0.00000000     -0.00000000      0.00000000      0.00000000      0.00928607     -4.12352562      0.00014174     53.46946429      0.09666140      0.00000000      0.99981725      0.15107936      0.53558576      0.53558576      0.36077774      0.98164109      2.40000000    -10.00000000
     10.40133779     -0.00000000     -0.00000000      0.00000000      0.00000000      0.00869660     -4.19064129      0.00013646     53.72015845      0.09936769      0.00000000      0.99981725      0.15030210      0.53503093      0.53503093      0.36113355      0.98172520      2.40000000    -10.00000000
     10.56856187     -0.00000000     -0.00000000      0.00000000      0.00000000      0.00814290     -4.25773506      0.00013140     53.92268737      0.10218973      0.00000000      0.99981725      0.14960857      0.53448458      0.53448458      0.36151645      0.98179259      2.40000000    -10.00000000
     10.73578595     -0.00000000     -0.00000000      0.00000000      0.00000000      0.00762300     -4.32480474      0.00012655     54.07832391      0.10513112      0.00000000      0.99981725      0.14899294      0.53394753      0.53394753      0.36192168      0.98184404      2.40000000    -10.00000000
     10.90301003     -0.00000000     -0.00000000      0.00000000      0.00000000      0.00713503     -4.39184783      0.00012191     54.18825202      0.10819593      0.00000000      0.99981725      0.14845639      0.53342012      0.53342012      0.36235504      0.98188020      2.40000000    -10.00000000
     11.07023411     -0.00000000     -0.00000000      0.00000000      0.00000000      0.00667717     -4.45886158      0.00011745     54.25356495      0.11138872      0.00000000      0.99981725      0.14799161      0.53290262      0.53290262      0.36281464      0.98190162      2.40000000    -10.00000000
     11.23745819     -0.00000000     -0.00000000      0.00000000      0.00000000      0.00624773     -4.52584297      0.00011318     54.27528746      0.11471451      0.00000000      0.99981725      0.14759750      0.53239545      0.53239545      0.36328021      0.98190873      2.40000000    -10.00000000
     11.40468227     -0.00000000     -0.00000000      0.00000000      0.00000000      0.00584507     -4.59278873      0.00010908     54.25437575      0.11817883      0.00000000      0.99981725      0.14727098      0.53189917      0.53189917      0.36376614      0.98190189      2.40000000    -10.00000000
     11.57190635     -0.00000000     -0.00000000      0.00000000      0.00000000      0.00546762     -4.65969537      0.00010515     54.19174318      0.12178770      0.00000000      0.99981725      0.14701367      0.53141771      0.53141771      0.36428014      0.98188135      2.40000000    -10.00000000
     11.73913043     -0.00000000     -0.00000000      0.00000000      0.00000000      0.00511390     -4.72655920      0.00010139     54.08827661      0.12554764      0.00000000      0.99981725      0.14669522      0.53093797      0.53093797      0.36480457      0.98184732      2.40000000    -10.00000000
     11.90635452     -0.00000000     -0.00000000      0.00000000      0.00000000      0.00478251     -4.79337631      0.00009778     53.94484920      0.12946566      0.00000000      0.99981725      0.14666247      0.53046985      0.53046985      0.36534281      0.98179993      2.40000000    -10.00000000
     12.07357860     -0.00000000     -0.00000000      0.00000000      0.00000000      0.00447211     -4.86014265      0.00009431     53.76233634      0.13354924      0.00000000      0.99981725      0.14657973      0.53001243      0.53001243      0.36572843      0.98173927      2.40000000    -10.00000000
     12.24080268     -0.00000000     -0.00000000      0.00000000      0.00000000      0.00418144     -4.92685395      0.00009099     53.54162803      0.13780638      0.00000000      0.99981725      0.14654208      0.52955937      0.52955937      0.36646102      0.98166538      2.40000000    -10.00000000
     12.40802676     -0.00000000     -0.00000000      0.00000000      0.00000000      0.00390930     -4.99350581      0.00008781     53.28363742      0.14224557      0.00000000      0.99981725      0.14655565      0.52911644      0.52911644      0.36703704      0.98157824      2.40000000    -10.00000000
     12.57525084     -0.00000000     -0.00000000      0.00000000      0.00000000      0.00365456     -5.06009366      0.00008476     52.98930772      0.14687584      0.00000000      0.99981725      0.14661973      0.52868352      0.52868352      0.36762326      0.98147781      2.40000000    -10.00000000
     12.74247492     -0.00000000     -0.00000000      0.00000000      0.00000000      0.00341615     -5.12661276      0.00008184     52.65962246      0.15170671      0.00000000      0.99981725      0.14673030      0.52826047      0.52826047      0.36821965      0.98136401      2.40000000    -10.00000000
     12.90969900     -0.00000000     -0.00000000      0.00000000      0.00000000      0.00319306     -5.19305820      0.00007904     52.29560208      0.15674826      0.00000000      0.99981725      0.14697929      0.52784714      0.52784714      0.36882300      0.98123673      2.40000000    -10.00000000
     13.07692308     -0.00000000     -0.00000000      0.00000000      0.00000000      0.00298435     -5.25942494      0.00007635     51.89831327      0.16201111      0.00000000      0.99981725      0.14708940      0.52744337      0.52744337      0.36943424      0.98109581      2.40000000    -10.00000000
     13.24414716     -0.00000000     -0.00000000      0.00000000      0.00000000      0.00278911     -5.32570773      0.00007378     51.46886396      0.16750647      0.00000000      0.99981725      0.14732794      0.52704901      0.52704901      0.37005246      0.98094108      2.40000000    -10.00000000
     13.41137124     -0.00000000     -0.00000000      0.00000000      0.00000000      0.00260650     -5.39190118      0.00007131     51.00840587      0.17324616      0.00000000      0.99981725      0.14760850      0.52666384      0.52666384      0.37067677      0.98077234      2.40000000    -10.00000000
     13.57859532     -0.00000000     -0.00000000      0.00000000      0.00000000      0.00243572     -5.45799968      0.00006894     50.51813291      0.17924260      0.00000000      0.99981725      0.14792683      0.52628770      0.52628770      0.37130634      0.98058936      2.40000000    -10.00000000
     13.74581940     -0.00000000     -0.00000000      0.00000000      0.00000000      0.00227603     -5.52399746      0.00006667     49.99927925      0.18550888      0.00000000      0.99981725      0.14828143      0.52592042      0.52592042      0.37206872      0.98039188      2.40000000    -10.00000000
     13.91304348     -0.00000000     -0.00000000      0.00000000      0.00000000      0.00212673     -5.58988852      0.00006450     49.45311210      0.19205878      0.00000000      0.99981725      0.14867039      0.52556179      0.52556179      0.37257806      0.98017962      2.40000000    -10.00000000
     14.08026756     -0.00000000     -0.00000000      0.00000000      0.00000000      0.00198715     -5.65566669      0.00006242     48.88093802      0.19890678      0.00000000      0.99981725      0.14909235      0.52521162      0.52521162      0.37321870      0.97995226      2.40000000    -10.00000000
     14.24749164     -0.00000000     -0.00000000      0.00000000      0.00000000      0.00185667     -5.72132552      0.00006042     48.28408830      0.20606811      0.00000000      0.99981725      0.14954539      0.52486975      0.52486975      0.37382463      0.97970948      2.40000000    -10.00000000
     14.41471572     -0.00000000     -0.00000000      0.00000000      0.00000000      0.00173471     -5.78685837      0.00005850     47.66392058      0.21355879      0.00000000      0.99981725      0.15002873      0.52453587      0.52453587      0.37451064      0.97945090      2.40000000    -10.00000000
     14.58193980     -0.00000000     -0.00000000      0.00000000      0.00000000      0.00162072     -5.85225834      0.00005666     47.02181774      0.22139564      0.00000000      0.99981725      0.15054029      0.52420990      0.52420990      0.37515911      0.97917613      2.40000000    -10.00000000
     14.74916388     -0.00000000     -0.00000000      0.00000000      0.00000000      0.00151419     -5.91751823      0.00005490     46.35916189      0.22959644      0.00000000      0.99981725      0.15107887      0.52389160      0.52389160      0.37580893      0.97888476      2.40000000    -10.00000000
     14.91638796     -0.00000000     -0.00000000      0.00000000      0.00000000      0.00141464     -5.98263066      0.00005321     45.67740206      0.23817957      0.00000000      0.99981725      0.15164381      0.52358078      0.52358078      0.37645983      0.97857636      2.40000000    -10.00000000
     15.08361204     -0.00000000     -0.00000000      0.00000000      0.00000000      0.00132162     -6.04758783      0.00005158     44.97791565      0.24716476      0.00000000      0.99981725      0.15223281      0.52327724      0.52327724      0.37711100      0.97825043      2.40000000    -10.00000000
     15.25083612     -0.00000000     -0.00000000      0.00000000      0.00000000      0.00123470     -6.11238174      0.00005003     44.26213728      0.25657248      0.00000000      0.99981725      0.15284565      0.52298083      0.52298083      0.37776258      0.97790648      2.40000000    -10.00000000
     15.41806020     -0.00000000     -0.00000000      0.00000000      0.00000000      0.00115349     -6.17700401      0.00004853     43.53148237      0.26642429      0.00000000      0.99981725      0.15348060      0.52269130      0.52269130      0.37841393      0.97754398      2.40000000    -10.00000000
     15.58528428     -0.00000000     -0.00000000      0.00000000      0.00000000      0.00107762     -6.24144595      0.00004709     42.78736473      0.27674284      0.00000000      0.99981725      0.15416910      0.52240850      0.52240850      0.37906476      0.97716236      2.40000000    -10.00000000
     15.75250836     -0.00000000     -0.00000000      0.00000000      0.00000000      0.00100674     -6.30569850      0.00004571     42.03119579      0.28755185      0.00000000      0.99981725      0.15481331      0.52213225      0.52213225      0.37977587      0.97676105      2.40000000    -10.00000000
     15.91973244     -0.00000000     -0.00000000      0.00000000      0.00000000      0.00094052     -6.36975222      0.00004439     41.26435411      0.29887634      0.00000000      0.99981725      0.15550936      0.52186235      0.52186235      0.38036335      0.97633940      2.40000000    -10.00000000
     16.08695652     -0.00000000     -0.00000000      0.00000000      0.00000000      0.00087866     -6.43359576      0.00004312     40.48871346      0.31073850      0.00000000      0.99981725      0.15622347      0.52159864      0.52159864      0.38101098      0.97589706      2.40000000    -10.00000000
     16.25418060     -0.00000000     -0.00000000      0.00000000      0.00000000      0.00082087     -6.49722211      0.00004189     39.70455087      0.32317417      0.00000000      0.99981725      0.15695500      0.52134095      0.52134095      0.38165670      0.97543272      2.40000000    -10.00000000
     16.42140468     -0.00000000     -0.00000000      0.00000000      0.00000000      0.00076690     -6.56061889      0.00004072     38.91377079      0.33620782      0.00000000      0.99981725      0.15770063      0.52108910      0.52108910      0.38230097      0.97494599      2.40000000    -10.00000000
     16.58862876     -0.00000000     -0.00000000      0.00000000      0.00000000      0.00071648     -6.62377500      0.00003958     38.11767140      0.34986967      0.00000000      0.99981725      0.15846683      0.52084293      0.52084293      0.38294296      0.97443611      2.40000000    -10.00000000
     16.75585284     -0.00000000     -0.00000000      0.00000000      0.00000000      0.00066938     -6.68667882      0.00003850     37.31750521      0.36419152      0.00000000      0.99981725      0.15924632      0.52060229      0.52060229      0.38358199      0.97390227      2.40000000    -10.00000000
     16.92307692     -0.00000000     -0.00000000      0.00000000      0.00000000      0.00062539     -6.74931830      0.00003745     36.51450944      0.37920657      0.00000000      0.99981725      0.16003819      0.52036701      0.52036701      0.38421993      0.97334365      2.40000000    -10.00000000
     17.09030100     -0.00000000     -0.00000000      0.00000000      0.00000000      0.00058431     -6.81168077      0.00003644     35.70985823      0.39494985      0.00000000      0.99981725      0.16090193      0.52013694      0.52013694      0.38485458      0.97275936      2.40000000    -10.00000000
     17.25752508     -0.00000000     -0.00000000      0.00000000      0.00000000      0.00054593     -6.87375313      0.00003547     34.90471756      0.41145775      0.00000000      0.99981725      0.16166302      0.51991194      0.51991194      0.38548559      0.97214851      2.40000000    -10.00000000
     17.42474916     -0.00000000     -0.00000000      0.00000000      0.00000000      0.00051009     -6.93552164      0.00003454     34.10019053      0.42876859      0.00000000      0.99981725      0.16249353      0.51969186      0.51969186      0.38611579      0.97151013      2.40000000    -10.00000000
     17.59197324     -0.00000000     -0.00000000      0.00000000      0.00000000      0.00047661     -6.99697199      0.00003364     33.29734003      0.44692252      0.00000000      0.99981725      0.16333461      0.51947655      0.51947655      0.38674179      0.97084322      2.40000000    -10.00000000
     17.75919732     -0.00000000     -0.00000000      0.00000000      0.00000000      0.00044535     -7.05808925      0.00003277     32.49718751      0.46596149      0.00000000      0.99981725      0.16418827      0.51926589      0.51926589      0.38736461      0.97014675      2.40000000    -10.00000000
     17.92642140     -0.00000000     -0.00000000      0.00000000      0.00000000      0.00041615     -7.11885782      0.00003193     31.70070655      0.48592943      0.00000000      0.99981725      0.16505115      0.51905974      0.51905974      0.38798357      0.96941962      2.40000000    -10.00000000
     18.09364548     -0.00000000     -0.00000000      0.00000000      0.00000000      0.00038887     -7.17926147      0.00003113     30.90882498      0.50687230      0.00000000      0.99981725      0.16592364      0.51885797      0.51885797      0.38875091      0.96866071      2.40000000    -10.00000000
     18.26086957     -0.00000000     -0.00000000      0.00000000      0.00000000      0.00036340     -7.23928322      0.00003035     30.12241922      0.52883817      0.00000000      0.99981725      0.16680492      0.51866046      0.51866046      0.38921298      0.96786882      2.40000000    -10.00000000
     18.42809365     -0.00000000     -0.00000000      0.00000000      0.00000000      0.00033961     -7.29890540      0.00002960     29.34232316      0.55187724      0.00000000      0.99981725      0.16769474      0.51846708      0.51846708      0.38982212      0.96704273      2.40000000    -10.00000000
     18.59531773     -0.00000000     -0.00000000      0.00000000      0.00000000      0.00031739     -7.35810956      0.00002887     28.56931729      0.57604200      0.00000000      0.99981725      0.16859244      0.51827772      0.51827772      0.39042758      0.96618116      2.40000000    -10.00000000
     18.76254181     -0.00000000     -0.00000000      0.00000000      0.00000000      0.00029663     -7.41687645      0.00002817     27.80413691      0.60138720      0.00000000      0.99981725      0.16943803      0.51809224      0.51809224      0.39102934      0.96528276      2.40000000    -10.00000000
     18.92976589     -0.00000000     -0.00000000      0.00000000      0.00000000      0.00027725     -7.47518600      0.00002749     27.04746456      0.62797008      0.00000000      0.99981725      0.17040986      0.51791059      0.51791059      0.39162736      0.96434615      2.40000000    -10.00000000
     19.09698997     -0.00000000     -0.00000000      0.00000000      0.00000000      0.00025914     -7.53301730      0.00002684     26.29994112      0.65585021      0.00000000      0.99981725      0.17132870      0.51773261      0.51773261      0.39222145      0.96336988      2.40000000    -10.00000000
     19.26421405     -0.00000000     -0.00000000      0.00000000      0.00000000      0.00024223     -7.59034853      0.00002621     25.56215414      0.68508979      0.00000000      0.99981725      0.17225315      0.51755821      0.51755821      0.39281176      0.96235245      2.40000000    -10.00000000
     19.43143813     -0.00000000     -0.00000000      0.00000000      0.00000000      0.00022644     -7.64715695      0.00002559     24.83464614      0.71575360      0.00000000      0.99981725      0.17318457      0.51738729      0.51738729      0.39339813      0.96129229      2.40000000    -10.00000000
     19.59866221     -0.00000000     -0.00000000      0.00000000      0.00000000      0.00021169     -7.70341888      0.00002500     24.11791483      0.74790904      0.00000000      0.99981725      0.17412037      0.51721975      0.51721975      0.39398037      0.96018778      2.40000000    -10.00000000
     19.76588629     -0.00000000     -0.00000000      0.00000000      0.00000000      0.00019791     -7.75910964      0.00002443     23.41241030      0.78162629      0.00000000      0.99981725      0.17504617      0.51705550      0.51705550      0.39455868      0.95903723      2.40000000    -10.00000000
     19.93311037     -0.00000000     -0.00000000      0.00000000      0.00000000      0.00018504     -7.81420351      0.00002387     22.71854183      0.81697824      0.00000000      0.99981725      0.17600642      0.51689445      0.51689445      0.39513302      0.95783889      2.40000000    -10.00000000
     20.10033445     -0.00000000     -0.00000000      0.00000000      0.00000000      0.00017301     -7.86867373      0.00002333     22.03667328      0.85404067      0.00000000      0.99981725      0.17695565      0.51673650      0.51673650      0.39570321      0.95659095      2.40000000    -10.00000000
     20.26755853     -0.00000000     -0.00000000      0.00000000      0.00000000      0.00016178     -7.92249245      0.00002281     21.36712905      0.89289215      0.00000000      0.99981725      0.17790956      0.51658158      0.51658158      0.39627056      0.95529154      2.40000000    -10.00000000
     20.43478261     -0.00000000     -0.00000000      0.00000000      0.00000000      0.00015129     -7.97563067      0.00002231     20.71019227      0.93361420      0.00000000      0.99981725      0.17886663      0.51642958      0.51642958      0.39683123      0.95393869      2.40000000    -10.00000000
     20.60200669     -0.00000000     -0.00000000      0.00000000      0.00000000      0.00014149     -8.02805823      0.00002181     20.06610777      0.97629125      0.00000000      0.99981725      0.17975419      0.51628047      0.51628047      0.39738972      0.95253039      2.40000000    -10.00000000
     20.76923077     -0.00000000     -0.00000000      0.00000000      0.00000000      0.00013234     -8.07974379      0.00002134     19.43508323      1.02101068      0.00000000      0.99981725      0.18079021      0.51613412      0.51613412      0.39794305      0.95106455      2.40000000    -10.00000000
     20.93645485     -0.00000000     -0.00000000      0.00000000      0.00000000      0.00012379     -8.13065474      0.00002087     18.81729079      1.06786279      0.00000000      0.99981725      0.18175614      0.51599049      0.51599049      0.39874260      0.94953902      2.40000000    -10.00000000
     21.10367893     -0.00000000     -0.00000000      0.00000000      0.00000000      0.00011580     -8.18075723      0.00002042     18.21286857      1.11694083      0.00000000      0.99981725      0.18272446      0.51584948      0.51584948      0.39903945      0.94795155      2.40000000    -10.00000000
     21.27090301     -0.00000000     -0.00000000      0.00000000      0.00000000      0.00010833     -8.23001611      0.00001999     17.62192245      1.16834094      0.00000000      0.99981725      0.18369469      0.51571104      0.51571104      0.39957938      0.94629985      2.40000000    -10.00000000
     21.43812709     -0.00000000     -0.00000000      0.00000000      0.00000000      0.00010136     -8.27839489      0.00001956     17.04452752      1.22216212      0.00000000      0.99981725      0.18466716      0.51557510      0.51557510      0.40011657      0.94458154      2.40000000    -10.00000000
     21.60535117     -0.00000000     -0.00000000      0.00000000      0.00000000      0.00009484     -8.32585572      0.00001915     16.48072955      1.27850620      0.00000000      0.99981725      0.18553317      0.51544158      0.51544158      0.40065004      0.94279415      2.40000000    -10.00000000
     21.77257525     -0.00000000     -0.00000000      0.00000000      0.00000000      0.00008875     -8.37235937      0.00001875     15.93054707      1.33747768      0.00000000      0.99981725      0.18661570      0.51531042      0.51531042      0.40118227      0.94093516      2.40000000    -10.00000000
     21.93979933     -0.00000000     -0.00000000      0.00000000      0.00000000      0.00008306     -8.41786518      0.00001835     15.39397247      1.39918369      0.00000000      0.99981725      0.18759155      0.51518157      0.51518157      0.40170386      0.93900197      2.40000000    -10.00000000
     22.10702341     -0.00000000     -0.00000000      0.00000000      0.00000000      0.00007775     -8.46233106      0.00001797     14.87097404      1.46373385      0.00000000      0.99981725      0.18861082      0.51505497      0.51505497      0.40222402      0.93699189      2.40000000    -10.00000000
     22.27424749     -0.00000000     -0.00000000      0.00000000      0.00000000      0.00007278     -8.50571345      0.00001760     14.36149691      1.53124011      0.00000000      0.99981725      0.18954846      0.51493054      0.51493054      0.40274121      0.93490218      2.40000000    -10.00000000
     22.44147157     -0.00000000     -0.00000000      0.00000000      0.00000000      0.00006814     -8.54796734      0.00001724     13.86546577      1.60181647      0.00000000      0.99981725      0.19052629      0.51480825      0.51480825      0.40325374      0.93272999      2.40000000    -10.00000000
     22.60869565     -0.00000000     -0.00000000      0.00000000      0.00000000      0.00006380     -8.58904620      0.00001688     13.38278491      1.67557892      0.00000000      0.99981725      0.19180917      0.51468803      0.51468803      0.40376204      0.93047244      2.40000000    -10.00000000
     22.77591973     -0.00000000     -0.00000000      0.00000000      0.00000000      0.00005975     -8.62890199      0.00001654     12.91334065      1.75264507      0.00000000      0.99981725      0.19248554      0.51456983      0.51456983      0.40426661      0.92812654      2.40000000    -10.00000000
     22.94314381     -0.00000000     -0.00000000      0.00000000      0.00000000      0.00005596     -8.66748521      0.00001620     12.45700258      1.83313383      0.00000000      0.99981725      0.19346500      0.51445361      0.51445361      0.40476705      0.92568925      2.40000000    -10.00000000
     23.11036789     -0.00000000     -0.00000000      0.00000000      0.00000000      0.00005241     -8.70474479      0.00001587     12.01362474      1.91716518      0.00000000      0.99981725      0.19444393      0.51433930      0.51433930      0.40526335      0.92315746      2.40000000    -10.00000000
     23.27759197     -0.00000000     -0.00000000      0.00000000      0.00000000      0.00004910     -8.74062821      0.00001555     11.58304711      2.00485968      0.00000000      0.99981725      0.19542205      0.51422687      0.51422687      0.40575567      0.92052799      2.40000000    -10.00000000
     23.44481605     -0.00000000     -0.00000000      0.00000000      0.00000000      0.00004601     -8.77508142      0.00001523     11.16509692      2.09633807      0.00000000      0.99981725      0.19640053      0.51411627      0.51411627      0.40624393      0.91779761      2.40000000    -10.00000000
     23.61204013     -0.00000000     -0.00000000      0.00000000      0.00000000      0.00004312     -8.80804893      0.00001492     10.75958979      2.19172082      0.00000000      0.99981725      0.19737862      0.51400745      0.51400745      0.40677456      0.91496302      2.40000000    -10.00000000
     23.77926421     -0.00000000     -0.00000000      0.00000000      0.00000000      0.00004041     -8.83947378      0.00001462     10.36633100      2.29112752      0.00000000      0.99981725      0.19834035      0.51390037      0.51390037      0.40720897      0.91202086      2.40000000    -10.00000000
     23.94648829     -0.00000000     -0.00000000      0.00000000      0.00000000      0.00003788     -8.86929762      0.00001433      9.98511652      2.39467637      0.00000000      0.99981725      0.19933044      0.51379499      0.51379499      0.40768550      0.90896774      2.40000000    -10.00000000
     24.11371237     -0.00000000     -0.00000000      0.00000000      0.00000000      0.00003552     -8.89746071      0.00001404      9.61573425      2.50248346      0.00000000      0.99981725      0.20030541      0.51369126      0.51369126      0.40815492      0.90580020      2.40000000    -10.00000000
     24.28093645     -0.00000000     -0.00000000      0.00000000      0.00000000      0.00003331     -8.92390202      0.00001375      9.25796484      2.61466208      0.00000000      0.99981725      0.20127897      0.51358915      0.51358915      0.40862700      0.90251478      2.40000000    -10.00000000
     24.44816054     -0.00000000     -0.00000000      0.00000000      0.00000000      0.00003124     -8.94855925      0.00001347      8.91158288      2.73132195      0.00000000      0.99981725      0.20225122      0.51348862      0.51348862      0.40909260      0.89910794      2.40000000    -10.00000000
     24.61538462     -0.00000000     -0.00000000      0.00000000      0.00000000      0.00002931     -8.97136894      0.00001320      8.57635758      2.85256838      0.00000000      0.99981725      0.20322203      0.51338963      0.51338963      0.40955205      0.89557616      2.40000000    -10.00000000
     24.78260870     -0.00000000     -0.00000000      0.00000000      0.00000000      0.00002750     -8.99226654      0.00001293      8.25205387      2.97850132      0.00000000      0.99981725      0.20419130      0.51329214      0.51329214      0.41001019      0.89191589      2.40000000    -10.00000000
     24.94983278     -0.00000000     -0.00000000      0.00000000      0.00000000      0.00002581     -9.01118651      0.00001267      7.93843305      3.10921447      0.00000000      0.99981725      0.20536695      0.51319613      0.51319613      0.41046398      0.88812357      2.40000000    -10.00000000
     25.11705686     -0.00000000     -0.00000000      0.00000000      0.00000000      0.00002422     -9.02806245      0.00001241      7.63525365      3.24479414      0.00000000      0.99981725      0.20612477      0.51310155      0.51310155      0.41091409      0.88419564      2.40000000    -10.00000000
     25.28428094     -0.00000000     -0.00000000      0.00000000      0.00000000      0.00002274     -9.04282720      0.00001216      7.34227217      3.38531818      0.00000000      0.99981725      0.20708871      0.51300838      0.51300838      0.41136034      0.88012858      2.40000000    -10.00000000
     25.45150502     -0.00000000     -0.00000000      0.00000000      0.00000000      0.00002136     -9.05541300      0.00001191      7.05924360      3.53085486      0.00000000      0.99981725      0.20805535      0.51291658      0.51291658      0.41180291      0.87591888      2.40000000    -10.00000000
     25.61872910     -0.00000000     -0.00000000      0.00000000      0.00000000      0.00002006     -9.06575166      0.00001166      6.78592220      3.68146155      0.00000000      0.99981725      0.20896726      0.51282612      0.51282612      0.41224190      0.87156306      2.40000000    -10.00000000
     25.78595318     -0.00000000     -0.00000000      0.00000000      0.00000000      0.00001885     -9.07377472      0.00001142      6.52206207      3.83718348      0.00000000      0.99981725      0.20996872      0.51273697      0.51273697      0.41267713      0.86705773      2.40000000    -10.00000000
     25.95317726     -0.00000000     -0.00000000      0.00000000      0.00000000      0.00001771     -9.07941362      0.00001118      6.26741758      3.99805238      0.00000000      0.99981725      0.21092464      0.51264910      0.51264910      0.41310886      0.86239954      2.40000000    -10.00000000
     26.12040134     -0.00000000     -0.00000000      0.00000000      0.00000000      0.00001665     -9.08259996      0.00001095      6.02174397      4.16408509      0.00000000      0.99981725      0.21187762      0.51256249      0.51256249      0.41353704      0.85758524      2.40000000    -10.00000000
     26.28762542     -0.00000000     -0.00000000      0.00000000      0.00000000      0.00001566     -9.08326569      0.00001072      5.78479778      4.33528211      0.00000000      0.99981725      0.21269219      0.51247710      0.51247710      0.41396104      0.85261167      2.40000000    -10.00000000
     26.45484950     -0.00000000     -0.00000000      0.00000000      0.00000000      0.00001473     -9.08134336      0.00001049      5.55633722      4.51162616      0.00000000      0.99981725      0.21377726      0.51239291      0.51239291      0.41438237      0.84747581      2.40000000    -10.00000000
     26.62207358     -0.00000000     -0.00000000      0.00000000      0.00000000      0.00001386     -9.07676636      0.00001027      5.33612265      4.69308067      0.00000000      0.99981725      0.21472356      0.51230990      0.51230990      0.41479884      0.84217477      2.40000000    -10.00000000
     26.78929766     -0.00000000     -0.00000000      0.00000000      0.00000000      0.00001304     -9.06946925      0.00001005      5.12391679      4.87958835      0.00000000      0.99981725      0.21566725      0.51222804      0.51222804      0.41525386      0.83670582      2.40000000    -10.00000000
     26.95652174     -0.00000000     -0.00000000      0.00000000      0.00000000      0.00001228     -9.05938803      0.00000983      4.91948530      5.07106953      0.00000000      0.99981725      0.21653819      0.51214729      0.51214729      0.41562577      0.83106639      2.40000000    -10.00000000
     27.12374582     -0.00000000     -0.00000000      0.00000000      0.00000000      0.00001156     -9.04646041      0.00000962      4.72259664      5.26742097      0.00000000      0.99981725      0.21754501      0.51206765      0.51206765      0.41603329      0.82525415      2.40000000    -10.00000000
     27.29096990     -0.00000000     -0.00000000      0.00000000      0.00000000      0.00001089     -9.03062619      0.00000940      4.53302274      5.46851419      0.00000000      0.99981725      0.21850560      0.51198909      0.51198909      0.41643747      0.81926696      2.40000000    -10.00000000
     27.45819398     -0.00000000     -0.00000000      0.00000000      0.00000000      0.00001026     -9.01182760      0.00000919      4.35053899      5.67419418      0.00000000      0.99981725      0.21941387      0.51191158      0.51191158      0.41683800      0.81310294      2.40000000    -10.00000000
     27.62541806     -0.00000000     -0.00000000      0.00000000      0.00000000      0.00000967     -8.99000963      0.00000899      4.17492452      5.88427817      0.00000000      0.99981725      0.22050214      0.51183511      0.51183511      0.41723592      0.80676047      2.40000000    -10.00000000
     27.79264214     -0.00000000     -0.00000000      0.00000000      0.00000000      0.00000912     -8.96512040      0.00000878      4.00596237      6.09855434      0.00000000      0.99981725      0.22127056      0.51175965      0.51175965      0.41763078      0.80023821      2.40000000    -10.00000000
     27.95986622     -0.00000000     -0.00000000      0.00000000      0.00000000      0.00000860     -8.93711157      0.00000858      3.84343962      6.31678079      0.00000000      0.99981725      0.22219458      0.51168518      0.51168518      0.41802142      0.79353516      2.40000000    -10.00000000
     28.12709030     -0.00000000     -0.00000000      0.00000000      0.00000000      0.00000812     -8.90593867      0.00000838      3.68714754      6.53868466      0.00000000      0.99981725      0.22311122      0.51161168      0.51161168      0.41840921      0.78665062      2.40000000    -10.00000000
     28.29431438     -0.00000000     -0.00000000      0.00000000      0.00000000      0.00000767     -8.87156154      0.00000819      3.53688171      6.76396128      0.00000000      0.99981725      0.22402946      0.51153913      0.51153913      0.41879374      0.77958429      2.40000000    -10.00000000
     28.46153846     -0.00000000     -0.00000000      0.00000000      0.00000000      0.00000724     -8.83394470      0.00000799      3.39244207      6.99227373      0.00000000      0.99981725      0.22494733      0.51146751      0.51146751      0.41917577      0.77233621      2.40000000    -10.00000000
     28.62876254     -0.00000000     -0.00000000      0.00000000      0.00000000      0.00000684     -8.79305776      0.00000780      3.25363305      7.22325240      0.00000000      0.99981725      0.22585879      0.51139681      0.51139681      0.41955429      0.76490685      2.40000000    -10.00000000
     28.79598662     -0.00000000     -0.00000000      0.00000000      0.00000000      0.00000646     -8.74887579      0.00000761      3.12026361      7.45649491      0.00000000      0.99981725      0.22676729      0.51132701      0.51132701      0.41992985      0.75729708      2.40000000    -10.00000000
     28.96321070     -0.00000000     -0.00000000      0.00000000      0.00000000      0.00000611     -8.70137961      0.00000743      2.99214707      7.69156660      0.00000000      0.99981725      0.22767225      0.51125808      0.51125808      0.42030217      0.74950823      2.40000000    -10.00000000
     29.13043478     -0.00000000     -0.00000000      0.00000000      0.00000000      0.00000578     -8.65055643      0.00000724      2.86910166      7.92800032      0.00000000      0.99981725      0.22863676      0.51119002      0.51119002      0.42067162      0.74154207      2.40000000    -10.00000000
     29.29765886     -0.00000000     -0.00000000      0.00000000      0.00000000      0.00000547     -8.59639990      0.00000706      2.75094999      8.16529791      0.00000000      0.99981725      0.22947278      0.51112280      0.51112280      0.42112232      0.73340087      2.40000000    -10.00000000
     29.46488294     -0.00000000     -0.00000000      0.00000000      0.00000000      0.00000518     -8.53891061      0.00000688      2.63751931      8.40293096      0.00000000      0.99981725      0.23036808      0.51105641      0.51105641      0.42108905      0.72508737      2.40000000    -10.00000000
     29.63210702     -0.00000000     -0.00000000      0.00000000      0.00000000      0.00000491     -8.47809633      0.00000670      2.52864146      8.64034232      0.00000000      0.99981725      0.23125161      0.51099083      0.51099083      0.42176209      0.71660481      2.40000000    -10.00000000
     29.79933110     -0.00000000     -0.00000000      0.00000000      0.00000000      0.00000465     -8.41397233      0.00000652      2.42415283      8.87694793      0.00000000      0.99981725      0.23214632      0.51092605      0.51092605      0.42211973      0.70795696      2.40000000    -10.00000000
     29.96655518     -0.00000000     -0.00000000      0.00000000      0.00000000      0.00000441     -8.34656155      0.00000635      2.32389434      9.11213893      0.00000000      0.99981725      0.23303394      0.51086206      0.51086206      0.42247459      0.69914808      2.40000000    -10.00000000
     30.13377926     -0.00000000     -0.00000000      0.00000000      0.00000000      0.00000419     -8.27589490      0.00000618      2.22771141      9.34528419      0.00000000      0.99981725      0.23391320      0.51079883      0.51079883      0.42282663      0.69018296      2.40000000    -10.00000000
     30.30100334     -0.00000000     -0.00000000      0.00000000      0.00000000      0.00000397     -8.20201129      0.00000601      2.13545389      9.57573316      0.00000000      0.99981725      0.23479463      0.51073636      0.51073636      0.42317560      0.68106691      2.40000000    -10.00000000
     30.46822742     -0.00000000     -0.00000000      0.00000000      0.00000000      0.00000377     -8.12495778      0.00000584      2.04697600      9.80281903      0.00000000      0.99981725      0.23566900      0.51067462      0.51067462      0.42352198      0.67180575      2.40000000    -10.00000000
     30.63545151     -0.00000000     -0.00000000      0.00000000      0.00000000      0.00000359     -8.04478962      0.00000568      1.96213625     10.02586218      0.00000000      0.99981725      0.23654337      0.51061362      0.51061362      0.42386525      0.66240581      2.40000000    -10.00000000
     30.80267559     -0.00000000     -0.00000000      0.00000000      0.00000000      0.00000341     -7.96157015      0.00000551      1.88079740     10.24417396      0.00000000      0.99981725      0.23711957      0.51055333      0.51055333      0.42420608      0.65287389      2.40000000    -10.00000000
     30.96989967     -0.00000000     -0.00000000      0.00000000      0.00000000      0.00000324     -7.87537071      0.00000535      1.80282634     10.45706067      0.00000000      0.99981725      0.23827242      0.51049374      0.51049374      0.42454447      0.64321728      2.40000000    -10.00000000
     31.13712375     -0.00000000     -0.00000000      0.00000000      0.00000000      0.00000309     -7.78627040      0.00000520      1.72809397     10.66382766      0.00000000      0.99981725      0.23913414      0.51043483      0.51043483      0.42488038      0.63344371      2.40000000    -10.00000000
     31.30434783     -0.00000000     -0.00000000      0.00000000      0.00000000      0.00000294     -7.69435574      0.00000504      1.65647515     10.86378363      0.00000000      0.99981725      0.23999182      0.51037661      0.51037661      0.42521286      0.62356132      2.40000000    -10.00000000
     31.47157191     -0.00000000     -0.00000000      0.00000000      0.00000000      0.00000280     -7.59972020      0.00000489      1.58784850     11.05624493      0.00000000      0.99981725      0.24084659      0.51031904      0.51031904      0.42554313      0.61357862      2.40000000    -10.00000000
     31.63879599     -0.00000000     -0.00000000      0.00000000      0.00000000      0.00000267     -7.50246357      0.00000474      1.52209631     11.24053975      0.00000000      0.99981725      0.24169712      0.51026213      0.51026213      0.42587073      0.60350444      2.40000000    -10.00000000
     31.80602007     -0.00000000     -0.00000000      0.00000000      0.00000000      0.00000255     -7.40269117      0.00000459      1.45910434     11.41601213      0.00000000      0.99981725      0.24254208      0.51020587      0.51020587      0.42619579      0.59334788      2.40000000    -10.00000000
     31.97324415     -0.00000000     -0.00000000      0.00000000      0.00000000      0.00000243     -7.30051265      0.00000444      1.39876159     11.58202574      0.00000000      0.99981725      0.24338630      0.51015023      0.51015023      0.42651819      0.58311822      2.40000000    -10.00000000
     32.14046823     -0.00000000     -0.00000000      0.00000000      0.00000000      0.00000232     -7.19604071      0.00000430      1.34096009     11.73796687      0.00000000      0.99981725      0.24422474      0.51009521      0.51009521      0.42683822      0.57282484      2.40000000    -10.00000000
     32.30769231     -0.00000000     -0.00000000      0.00000000      0.00000000      0.00000222     -7.08938916      0.00000416      1.28559456     11.88324681      0.00000000      0.99981725      0.24506228      0.51004080      0.51004080      0.42713215      0.56247708      2.40000000    -10.00000000
     32.47491639     -0.00000000     -0.00000000      0.00000000      0.00000000      0.00000212     -6.98067040      0.00000402      1.23256198     12.01730286      0.00000000      0.99981725      0.24607402      0.50998699      0.50998699      0.42747030      0.55208410      2.40000000    -10.00000000
     32.64214047     -0.00000000     -0.00000000      0.00000000      0.00000000      0.00000203     -6.86999213      0.00000389      1.18176111     12.13959769      0.00000000      0.99981725      0.24672341      0.50993376      0.50993376      0.42778323      0.54165468      2.40000000    -10.00000000
     32.80936455     -0.00000000     -0.00000000      0.00000000      0.00000000      0.00000194     -6.75745265      0.00000376      1.13309169     12.24961605      0.00000000      0.99981725      0.24754869      0.50988112      0.50988112      0.42809353      0.53119690      2.40000000    -10.00000000
     32.97658863     -0.00000000     -0.00000000      0.00000000      0.00000000      0.00000186     -6.64313436      0.00000362      1.08645349     12.34685770      0.00000000      0.99981725      0.24833143      0.50982904      0.50982904      0.42840118      0.52071781      2.40000000    -10.00000000
     33.14381271     -0.00000000     -0.00000000      0.00000000      0.00000000      0.00000178     -6.52709443      0.00000350      1.04174484     12.43082475      0.00000000      0.99981725      0.24918857      0.50977752      0.50977752      0.42870616      0.51022283      2.40000000    -10.00000000
     33.31103679     -0.00000000     -0.00000000      0.00000000      0.00000000      0.00000171     -6.40935128      0.00000337      0.99886063     12.50100020      0.00000000      0.99981725      0.25000299      0.50972656      0.50972656      0.42900938      0.49971500      2.40000000    -10.00000000
     33.47826087     -0.00000000     -0.00000000      0.00000000      0.00000000      0.00000164     -6.28986435      0.00000325      0.95768930     12.55681318      0.00000000      0.99981725      0.25081278      0.50967613      0.50967613      0.42931007      0.48919371      2.40000000    -10.00000000
     33.64548495     -0.00000000     -0.00000000      0.00000000      0.00000000      0.00000157     -6.16850378      0.00000313      0.91810839     12.59758289      0.00000000      0.99981725      0.25162009      0.50962624      0.50962624      0.42960826      0.47865303      2.40000000    -10.00000000
     33.81270903     -0.00000000     -0.00000000      0.00000000      0.00000000      0.00000151     -6.04500378      0.00000301      0.87997787     12.62242826      0.00000000      0.99981725      0.25242476      0.50957687      0.50957687      0.42990449      0.46807885      2.40000000    -10.00000000
     33.97993311     -0.00000000     -0.00000000      0.00000000      0.00000000      0.00000145     -5.91889066      0.00000289      0.84313010     12.63012215      0.00000000      0.99981725      0.25322476      0.50952801      0.50952801      0.43019718      0.45744470      2.40000000    -10.00000000
     34.14715719     -0.00000000     -0.00000000      0.00000000      0.00000000      0.00000139     -5.78937046      0.00000278      0.80735453     12.61885375      0.00000000      0.99981725      0.25402196      0.50947967      0.50947967      0.43048998      0.44670512      2.40000000    -10.00000000
     34.31438127     -0.00000000     -0.00000000      0.00000000      0.00000000      0.00000134     -5.65515342      0.00000266      0.77237477     12.58584015      0.00000000      0.99981725      0.25481405      0.50943182      0.50943182      0.43077937      0.43578524      2.40000000    -10.00000000
     34.48160535     -0.00000000     -0.00000000      0.00000000      0.00000000      0.00000129     -5.51418461      0.00000254      0.73781541     12.52669174      0.00000000      0.99981725      0.25528529      0.50938446      0.50938446      0.43106487      0.42456489      2.40000000    -10.00000000
     34.64882943     -0.00000000     -0.00000000      0.00000000      0.00000000      0.00000124     -5.36324331      0.00000243      0.70315662     12.43438870      0.00000000      0.99981725      0.25638896      0.50933759      0.50933759      0.43135509      0.41285494      2.40000000    -10.00000000
     34.81605351     -0.00000000     -0.00000000      0.00000000      0.00000000      0.00000119     -5.19739598      0.00000230      0.66768183     12.29769073      0.00000000      0.99981725      0.25717145      0.50929119      0.50929119      0.43163435      0.40036523      2.40000000    -10.00000000
     34.98327759     -0.00000000     -0.00000000      0.00000000      0.00000000      0.00000114     -5.00938475      0.00000217      0.63044242     12.09887138      0.00000000      0.99981725      0.25794936      0.50924526      0.50924526      0.43191520      0.38666954      2.40000000    -10.00000000
     35.15050167     -0.00000000     -0.00000000      0.00000000      0.00000000      0.00000109     -4.78931781      0.00000203      0.59030703     11.81111427      0.00000000      0.99981725      0.25872367      0.50919980      0.50919980      0.43219386      0.37119060      2.40000000    -10.00000000
     35.31772575     -0.00000000     -0.00000000      0.00000000      0.00000000      0.00000103     -4.52559582      0.00000186      0.54622551     11.39727584      0.00000000      0.99981725      0.25948606      0.50915479      0.50915479      0.43247042      0.35326381      2.40000000    -10.00000000
     35.48494983     -0.00000000     -0.00000000      0.00000000      0.00000000      0.00000098     -4.20858817      0.00000168      0.49784227     10.81440432      0.00000000      0.99981725      0.26026322      0.50911022      0.50911022      0.43274455      0.33237296      2.40000000    -10.00000000
     35.65217391     -0.00000000     -0.00000000      0.00000000      0.00000000      0.00000093     -3.83777756      0.00000147      0.44633988     10.03033445      0.00000000      0.99981725      0.26102758      0.50906610      0.50906610      0.43301736      0.30859958      2.40000000    -10.00000000
     35.81939799     -0.00000000     -0.00000000      0.00000000      0.00000000      0.00000088     -3.42905368      0.00000125      0.39483653      9.05217101      0.00000000      0.99981725      0.26178563      0.50902240      0.50902240      0.43329496      0.28307011      2.40000000    -10.00000000
     35.98662207     -0.00000000     -0.00000000      0.00000000      0.00000000      0.00000083     -3.01519782      0.00000104      0.34761682      7.94972940      0.00000000      0.99981725      0.26250160      0.50897912      0.50897912      0.43355602      0.25794930      2.40000000    -10.00000000
     36.15384615     -0.00000000     -0.00000000      0.00000000      0.00000000      0.00000079     -2.62963510      0.00000085      0.30788217      6.82696922      0.00000000      0.99981725      0.26329833      0.50893627      0.50893627      0.43382269      0.23540513      2.40000000    -10.00000000
     36.32107023     -0.00000000     -0.00000000      0.00000000      0.00000000      0.00000075     -2.29861227      0.00000069      0.27719546      5.79384447      0.00000000      0.99981725      0.26404758      0.50889382      0.50889382      0.43407278      0.21703449      2.40000000    -10.00000000
     36.48829431     -0.00000000     -0.00000000      0.00000000      0.00000000      0.00000072     -2.03039035      0.00000056      0.25503418      4.91340098      0.00000000      0.99981725      0.26496325      0.50885179      0.50885179      0.43434988      0.20320895      2.40000000    -10.00000000
     36.65551839     -0.00000000     -0.00000000      0.00000000      0.00000000      0.00000069     -1.82065808      0.00000046      0.23983102      4.20119605      0.00000000      0.99981725      0.26553756      0.50881017      0.50881017      0.43461091      0.19343847      2.40000000    -10.00000000
     36.82274247     -0.00000000     -0.00000000      0.00000000      0.00000000      0.00000067     -1.65933396      0.00000039      0.22978704      3.64219818      0.00000000      0.99981725      0.26627686      0.50876894      0.50876894      0.43485418      0.18685109      2.40000000    -10.00000000
     36.98996656     -0.00000000     -0.00000000      0.00000000      0.00000000      0.00000065     -1.53553323      0.00000033      0.22331862      3.20933473      0.00000000      0.99981725      0.26701273      0.50872810      0.50872810      0.43512589      0.18255148      2.40000000    -10.00000000
     37.15719064     -0.00000000     -0.00000000      0.00000000      0.00000000      0.00000064     -1.43986000      0.00000029      0.21920223      2.87486245      0.00000000      0.99981725      0.26774502      0.50868765      0.50868765      0.43538147      0.17979153      2.40000000    -10.00000000
     37.32441472     -0.00000000     -0.00000000      0.00000000      0.00000000      0.00000062     -1.36498257      0.00000026      0.21656319      2.61511677      0.00000000      0.99981725      0.26847332      0.50864757      0.50864757      0.43563907      0.17801228      2.40000000    -10.00000000
     37.49163880     -0.00000000     -0.00000000      0.00000000      0.00000000      0.00000061     -1.30545317      0.00000023      0.21480805      2.41153495      0.00000000      0.99981725      0.26919927      0.50860788      0.50860788      0.43588526      0.17682468      2.40000000    -10.00000000
     37.65886288     -0.00000000     -0.00000000      0.00000000      0.00000000      0.00000059     -1.25731231      0.00000021      0.21354987      2.25013482      0.00000000      0.99981725      0.26988985      0.50856855      0.50856855      0.43613470      0.17597123      2.40000000    -10.00000000
     37.82608696     -0.00000000     -0.00000000      0.00000000      0.00000000      0.00000058     -1.21770248      0.00000019      0.21254481      2.12057383      0.00000000      0.99981725      0.27063957      0.50852959      0.50852959      0.43642735      0.17528821      2.40000000    -10.00000000
     37.99331104     -0.00000000     -0.00000000      0.00000000      0.00000000      0.00000057     -1.18455843      0.00000018      0.21164436      2.01524466      0.00000000      0.99981725      0.27135474      0.50849098      0.50849098      0.43662842      0.17467532      2.40000000    -10.00000000
     38.16053512     -0.00000000     -0.00000000      0.00000000      0.00000000      0.00000056     -1.15637780      0.00000017      0.21076168      1.92854306      0.00000000      0.99981725      0.27206493      0.50845273      0.50845273      0.43687289      0.17407363      2.40000000    -10.00000000
     38.32775920     -0.00000000     -0.00000000      0.00000000      0.00000000      0.00000054     -1.13205761      0.00000016      0.20984881      1.85631660      0.00000000      0.99981725      0.27277291      0.50841483      0.50841483      0.43711479      0.17345044      2.40000000    -10.00000000
     38.49498328     -0.00000000     -0.00000000      0.00000000      0.00000000      0.00000053     -1.11077939      0.00000015      0.20888177      1.79546355      0.00000000      0.99981725      0.27347932      0.50837727      0.50837727      0.43735550      0.17278925      2.40000000    -10.00000000
     38.66220736     -0.00000000     -0.00000000      0.00000000      0.00000000      0.00000052     -1.09192888      0.00000014      0.20785099      1.74364518      0.00000000      0.99981725      0.27418062      0.50834006      0.50834006      0.43759445      0.17208330      2.40000000    -10.00000000
     38.82943144     -0.00000000     -0.00000000      0.00000000      0.00000000      0.00000051     -1.07503969      0.00000014      0.20675526      1.69908040      0.00000000      0.99981725      0.27493233      0.50830317      0.50830317      0.43783166      0.17133156      2.40000000    -10.00000000
     38.99665552     -0.00000000     -0.00000000      0.00000000      0.00000000      0.00000050     -1.05975370      0.00000013      0.20559802      1.66039903      0.00000000      0.99981725      0.27556148      0.50826662      0.50826662      0.43806730      0.17053613      2.40000000    -10.00000000
     39.16387960     -0.00000000     -0.00000000      0.00000000      0.00000000      0.00000049     -1.04579284      0.00000013      0.20438502      1.62653636      0.00000000      0.99981725      0.27626404      0.50823039      0.50823039      0.43830123      0.16970073      2.40000000    -10.00000000
     39.33110368     -0.00000000     -0.00000000      0.00000000      0.00000000      0.00000048     -1.03293886      0.00000012      0.20312301      1.59665695      0.00000000      0.99981725      0.27695221      0.50819448      0.50819448      0.43853348      0.16882980      2.40000000    -10.00000000
     39.49832776     -0.00000000     -0.00000000      0.00000000      0.00000000      0.00000048     -1.02101874      0.00000012      0.20181893      1.57009901      0.00000000      0.99981725      0.27763693      0.50815889      0.50815889      0.43876386      0.16792790      2.40000000    -10.00000000
     39.66555184     -0.00000000     -0.00000000      0.00000000      0.00000000      0.00000047     -1.00989391      0.00000011      0.20047944      1.54633356      0.00000000      0.99981725      0.27831815      0.50812362      0.50812362      0.43898954      0.16699948      2.40000000    -10.00000000
     39.83277592     -0.00000000     -0.00000000      0.00000000      0.00000000      0.00000046     -0.99945242      0.00000011      0.19911073      1.52493416      0.00000000      0.99981725      0.27899654      0.50808865      0.50808865      0.43922051      0.16604866      2.40000000    -10.00000000
     40.00000000     -0.00000000     -0.00000000      0.00000000      0.00000000      0.00000045     -0.98960297      0.00000011      0.19771841      1.50555412      0.00000000      0.99981725      0.27967135      0.50805398      0.50805398      0.43944651      0.16507921      2.40000000    -10.00000000
