    -10.00000000     -0.00000000     -0.00000000      0.00000000      0.00000000      0.01273834      0.00000229      0.00707503      0.00000000      3.67010967      0.00000000      0.99981680      0.50004712      0.50006326      0.50006326      0.49999215      0.00000000      2.30000000    -10.00000000
     -9.83277592     -0.00000000     -0.00000000      0.00000000      0.00000000      0.01270092      0.14892029      0.00705628      0.00183622      3.67116778      0.00000000      0.99981680      0.50609193      0.49932971      0.49932971      0.50208064      0.00183286      2.30000000    -10.00000000
     -9.66555184     -0.00000000     -0.00000000      0.00000000      0.00000000      0.01278894      0.29626088      0.00702545      0.00734965      3.62997207      0.00000000      0.99981680      0.51202761      0.49867868      0.49867868      0.50428610      0.00729603      2.30000000    -10.00000000
     -9.49832776     -0.00000000     -0.00000000      0.00000000      0.00000000      0.01290982      0.44074810      0.00697475      0.01653980      3.57003290      0.00000000      0.99981680      0.51849046      0.49802486      0.49802486      0.50693925      0.01627068      2.30000000    -10.00000000
     -9.33110368     -0.00000000     -0.00000000      0.00000000      0.00000000      0.01306761      0.58147074      0.00690492      0.02943411      3.49161431      0.00000000      0.99981680      0.52626611      0.49736701      0.49736701      0.50891482      0.02859252      2.30000000    -10.00000000
     -9.16387960     -0.00000000     -0.00000000      0.00000000      0.00000000      0.01326751      0.71729383      0.00681703      0.04606235      3.39523282      0.00000000      0.99981680      0.53171103      0.49669017      0.49669017      0.51082182      0.04403404      2.30000000    -10.00000000
     -8.99665552     -0.00000000     -0.00000000      0.00000000      0.00000000      0.01351171      0.84719314      0.00671239      0.06645929      3.28269599      0.00000000      0.99981680      0.53705302      0.49603253      0.49603253      0.51273595      0.06231770      2.30000000    -10.00000000
     -8.82943144     -0.00000000     -0.00000000      0.00000000      0.00000000      0.01380162      0.97028431      0.00659252      0.09066393      3.15634888      0.00000000      0.99981680      0.54254879      0.49537429      0.49537429      0.51468406      0.08312728      2.30000000    -10.00000000
     -8.66220736     -0.00000000     -0.00000000      0.00000000      0.00000000      0.01413848      1.08583120      0.00645907      0.11871765      3.01877565      0.00000000      0.99981680      0.54804463      0.49471714      0.49471714      0.51661747      0.10611941      2.30000000    -10.00000000
     -8.49498328     -0.00000000     -0.00000000      0.00000000      0.00000000      0.01452356      1.19324947      0.00631379      0.15066191      2.87263558      0.00000000      0.99981680      0.55348014      0.49406195      0.49406195      0.51854005      0.13093500      2.30000000    -10.00000000
     -8.32775920     -0.00000000     -0.00000000      0.00000000      0.00000000      0.01495823      1.29210549      0.00615847      0.18653543      2.72054621      0.00000000      0.99981680      0.55882544      0.49340269      0.49340269      0.52044466      0.15721017      2.30000000    -10.00000000
     -8.16053512     -0.00000000     -0.00000000      0.00000000      0.00000000      0.01544398      1.38211053      0.00599490      0.22637103      2.56499321      0.00000000      0.99981680      0.56407120      0.49274695      0.49274695      0.52226021      0.18458608      2.30000000    -10.00000000
     -7.99331104     -0.00000000     -0.00000000      0.00000000      0.00000000      0.01598244      1.46311118      0.00582483      0.27019192      2.40826244      0.00000000      0.99981680      0.56922758      0.49209260      0.49209260      0.52417521      0.21271740      2.30000000    -10.00000000
     -7.82608696     -0.00000000     -0.00000000      0.00000000      0.00000000      0.01657536      1.53507673      0.00564993      0.31800767      2.25239257      0.00000000      0.99981680      0.57419207      0.49144026      0.49144026      0.52599615      0.24127908      2.30000000    -10.00000000
     -7.65886288     -0.00000000     -0.00000000      0.00000000      0.00000000      0.01722461      1.59808450      0.00547178      0.36980963      2.09914662      0.00000000      0.99981680      0.57895114      0.49079183      0.49079183      0.52775278      0.26997155      2.30000000    -10.00000000
     -7.49163880     -0.00000000     -0.00000000      0.00000000      0.00000000      0.01793221      1.65230425      0.00529182      0.42556596      1.95000025      0.00000000      0.99981680      0.58356276      0.49014366      0.49014366      0.52952718      0.29852422      2.30000000    -10.00000000
     -7.32441472     -0.00000000     -0.00000000      0.00000000      0.00000000      0.01870026      1.69798226      0.00511136      0.48521634      1.80614406      0.00000000      0.99981680      0.58801200      0.48950199      0.48950199      0.53122507      0.32669742      2.30000000    -10.00000000
     -7.15719064     -0.00000000     -0.00000000      0.00000000      0.00000000      0.01953097      1.73542585      0.00493157      0.54866624      1.66849687      0.00000000      0.99981680      0.59223644      0.48886517      0.48886517      0.53287661      0.35428308      2.30000000    -10.00000000
     -6.98996656     -0.00000000     -0.00000000      0.00000000      0.00000000      0.02042664      1.76498895      0.00475349      0.61578097      1.53772696      0.00000000      0.99981680      0.59627677      0.48823454      0.48823454      0.53447134      0.38110423      2.30000000    -10.00000000
     -6.82274247     -0.00000000     -0.00000000      0.00000000      0.00000000      0.02138966      1.78705881      0.00457799      0.68637947      1.41427840      0.00000000      0.99981680      0.60007898      0.48761179      0.48761179      0.53600717      0.40701366      2.30000000    -10.00000000
     -6.65551839     -0.00000000     -0.00000000      0.00000000      0.00000000      0.02242244      1.80204433      0.00440583      0.76022803      1.29840020      0.00000000      0.99981680      0.60359747      0.48699866      0.48699866      0.53747951      0.43189179      2.30000000    -10.00000000
     -6.48829431     -0.00000000     -0.00000000      0.00000000      0.00000000      0.02352746      1.81036576      0.00423763      0.83703351      1.19017636      0.00000000      0.99981680      0.60678711      0.48639431      0.48639431      0.53888292      0.45564412      2.30000000    -10.00000000
     -6.32107023     -0.00000000     -0.00000000      0.00000000      0.00000000      0.02470718      1.81244668      0.00407388      0.91643796      1.08955440      0.00000000      0.99981680      0.60948561      0.48580465      0.48580465      0.54021557      0.47819860      2.30000000    -10.00000000
     -6.15384615     -0.00000000     -0.00000000      0.00000000      0.00000000      0.02596405      1.80870676      0.00391499      0.99801231      0.99637296      0.00000000      0.99981680      0.61142447      0.48523694      0.48523694      0.54145304      0.49950258      2.30000000    -10.00000000
     -5.98662207     -0.00000000     -0.00000000      0.00000000      0.00000000      0.02730047      1.79955584      0.00376125      1.08125003      0.91038697      0.00000000      0.99981680      0.61470061      0.48468365      0.48468365      0.54263897      0.51951953      2.30000000    -10.00000000
     -5.81939799     -0.00000000     -0.00000000      0.00000000      0.00000000      0.02871878      1.78539023      0.00361289      1.16556343      0.83128875      0.00000000      0.99981680      0.61763704      0.48414890      0.48414890      0.54366941      0.53822641      2.30000000    -10.00000000
     -5.65217391     -0.00000000     -0.00000000      0.00000000      0.00000000      0.03022114      1.76658935      0.00347003      1.25027944      0.75872717      0.00000000      0.99981680      0.62022888      0.48363473      0.48363473      0.54462974      0.55561075      2.30000000    -10.00000000
     -5.48494983     -0.00000000     -0.00000000      0.00000000      0.00000000      0.03180959      1.74351351      0.00333276      1.33463697      0.69232337      0.00000000      0.99981680      0.62246199      0.48314866      0.48314866      0.54548081      0.57166788      2.30000000    -10.00000000
     -5.31772575     -0.00000000     -0.00000000      0.00000000      0.00000000      0.03348594      1.71650255      0.00320109      1.41778597      0.63168380      0.00000000      0.99981680      0.62432906      0.48268998      0.48268998      0.54621431      0.58639846      2.30000000    -10.00000000
     -5.15050167     -0.00000000     -0.00000000      0.00000000      0.00000000      0.03525170      1.68587508      0.00307502      1.49878833      0.57641064      0.00000000      0.99981680      0.62582232      0.48226368      0.48226368      0.54682953      0.59980604      2.30000000    -10.00000000
     -4.98327759     -0.00000000     -0.00000000      0.00000000      0.00000000      0.03710809      1.65192832      0.00295448      1.57662118      0.52610999      0.00000000      0.99981680      0.62693104      0.48187210      0.48187210      0.54731448      0.61189483      2.30000000    -10.00000000
     -4.81605351     -0.00000000     -0.00000000      0.00000000      0.00000000      0.03905592      1.61493833      0.00283939      1.65018304      0.48039809      0.00000000      0.99981680      0.62763696      0.48152101      0.48152101      0.54765871      0.62266757      2.30000000    -10.00000000
     -4.64882943     -0.00000000     -0.00000000      0.00000000      0.00000000      0.04109556      1.57516059      0.00272962      1.71830330      0.43890584      0.00000000      0.99981680      0.62794502      0.48121428      0.48121428      0.54785153      0.63212347      2.30000000    -10.00000000
     -4.48160535     -0.00000000     -0.00000000      0.00000000      0.00000000      0.04322684      1.53283091      0.00262506      1.77975561      0.40128197      0.00000000      0.99981680      0.62784039      0.48095531      0.48095531      0.54789044      0.64025614      2.30000000    -10.00000000
     -4.31438127     -0.00000000     -0.00000000      0.00000000      0.00000000      0.04544899      1.48816645      0.00252556      1.83327552      0.36719503      0.00000000      0.99981680      0.62731628      0.48075019      0.48075019      0.54776126      0.64705162      2.30000000    -10.00000000
     -4.14715719     -0.00000000     -0.00000000      0.00000000      0.00000000      0.04776056      1.44136693      0.00243096      1.87758299      0.33633454      0.00000000      0.99981680      0.62636596      0.48060285      0.48060285      0.54745674      0.65248613      2.30000000    -10.00000000
     -3.97993311     -0.00000000     -0.00000000      0.00000000      0.00000000      0.05015934      1.39261584      0.00234109      1.91140959      0.30841139      0.00000000      0.99981680      0.62497806      0.48050618      0.48050618      0.54693975      0.65652377      2.30000000    -10.00000000
     -3.81270903     -0.00000000     -0.00000000      0.00000000      0.00000000      0.05264227      1.34208175      0.00225579      1.93353053      0.28315773      0.00000000      0.99981680      0.62316233      0.48050322      0.48050322      0.54600292      0.65911383      2.30000000    -10.00000000
     -3.64548495     -0.00000000     -0.00000000      0.00000000      0.00000000      0.05520537      1.28991940      0.00217488      1.94280093      0.26032649      0.00000000      0.99981680      0.62088516      0.48056079      0.48056079      0.54536840      0.66018768      2.30000000    -10.00000000
     -3.47826087     -0.00000000     -0.00000000      0.00000000      0.00000000      0.05784363      1.23627084      0.00209818      1.93819579      0.23969066      0.00000000      0.99981680      0.61820009      0.48069723      0.48069723      0.54456754      0.65965508      2.30000000    -10.00000000
     -3.31103679     -0.00000000     -0.00000000      0.00000000      0.00000000      0.06055099      1.18126636      0.00202550      1.91885275      0.22104237      0.00000000      0.99981680      0.61503840      0.48091773      0.48091773      0.54355313      0.65739964      2.30000000    -10.00000000
     -3.14381271     -0.00000000     -0.00000000      0.00000000      0.00000000      0.06332023      1.12502541      0.00195667      1.88411666      0.20419184      0.00000000      0.99981680      0.61146551      0.48122663      0.48122663      0.54233989      0.65327339      2.30000000    -10.00000000
     -2.97658863     -0.00000000     -0.00000000      0.00000000      0.00000000      0.06614295      1.06765738      0.00189149      1.83358477      0.18896629      0.00000000      0.99981680      0.60744352      0.48163016      0.48163016      0.54091688      0.64709014      2.30000000    -10.00000000
     -2.80936455     -0.00000000     -0.00000000      0.00000000      0.00000000      0.06900952      1.00926233      0.00182979      1.76715138      0.17520879      0.00000000      0.99981680      0.60298541      0.48212808      0.48212808      0.53928907      0.63861753      2.30000000    -10.00000000
     -2.64214047     -0.00000000     -0.00000000      0.00000000      0.00000000      0.07190910      0.94993173      0.00177139      1.68505041      0.16277713      0.00000000      0.99981680      0.59811455      0.48273687      0.48273687      0.53745251      0.62756751      2.30000000    -10.00000000
     -2.47491639     -0.00000000     -0.00000000      0.00000000      0.00000000      0.07482959      0.88974908      0.00171611      1.58789443      0.15154268      0.00000000      0.99981680      0.59281241      0.48344883      0.48344883      0.53539064      0.61358547      2.30000000    -10.00000000
     -2.30769231     -0.00000000     -0.00000000      0.00000000      0.00000000      0.07775771      0.82879058      0.00166378      1.47670829      0.14138926      0.00000000      0.99981680      0.58711908      0.48427148      0.48427148      0.53315378      0.59623828      2.30000000    -10.00000000
     -2.14046823     -0.00000000     -0.00000000      0.00000000      0.00000000      0.08067899      0.76712576      0.00161424      1.35295563      0.13221206      0.00000000      0.99981680      0.58110264      0.48520780      0.48520780      0.53069272      0.57500261      2.30000000    -10.00000000
     -1.97324415     -0.00000000     -0.00000000      0.00000000      0.00000000      0.08357793      0.70481801      0.00156732      1.21855646      0.12391670      0.00000000      0.99981680      0.57471030      0.48625608      0.48625608      0.52803020      0.54925646      2.30000000    -10.00000000
     -1.80602007     -0.00000000     -0.00000000      0.00000000      0.00000000      0.08643801      0.64192517      0.00152287      1.07589398      0.11641819      0.00000000      0.99981680      0.56770318      0.48742375      0.48742375      0.52516708      0.51827983      2.30000000    -10.00000000
     -1.63879599     -0.00000000     -0.00000000      0.00000000      0.00000000      0.08924189      0.57849998      0.00148073      0.92780952      0.10964009      0.00000000      0.99981680      0.56035715      0.48870942      0.48870942      0.52210708      0.48127655      2.30000000    -10.00000000
     -1.47157191     -0.00000000     -0.00000000      0.00000000      0.00000000      0.09197157      0.51459057      0.00144075      0.77758413      0.10351368      0.00000000      0.99981680      0.55268030      0.49010741      0.49010741      0.51886463      0.43743872      2.30000000    -10.00000000
     -1.30434783     -0.00000000     -0.00000000      0.00000000      0.00000000      0.09460851      0.45024086      0.00140279      0.62890668      0.09797722      0.00000000      0.99981680      0.54471361      0.49162398      0.49162398      0.51544074      0.38609129      2.30000000    -10.00000000
     -1.13712375     -0.00000000     -0.00000000      0.00000000      0.00000000      0.09713395      0.38549093      0.00136670      0.48582809      0.09297522      0.00000000      0.99981680      0.53645695      0.49324340      0.49324340      0.51184209      0.32697463      2.30000000    -10.00000000
     -0.96989967     -0.00000000     -0.00000000      0.00000000      0.00000000      0.09952903      0.32037737      0.00133236      0.35270270      0.08845786      0.00000000      0.99981680      0.52792612      0.49498211      0.49498211      0.50813625      0.26073926      2.30000000    -10.00000000
     -0.80267559     -0.00000000     -0.00000000      0.00000000      0.00000000      0.10177517      0.25493356      0.00129963      0.23411764      0.08438036      0.00000000      0.99981680      0.51919275      0.49681652      0.49681652      0.50421304      0.18970448      2.30000000    -10.00000000
     -0.63545151     -0.00000000     -0.00000000      0.00000000      0.00000000      0.10385422      0.18918992      0.00126837      0.13481255      0.08070254      0.00000000      0.99981680      0.51022757      0.49875477      0.49875477      0.50019276      0.11879720      2.30000000    -10.00000000
     -0.46822742     -0.00000000     -0.00000000      0.00000000      0.00000000      0.10574882      0.12317419      0.00123847      0.05959172      0.07738825      0.00000000      0.99981680      0.50108470      0.50077451      0.50077451      0.49604467      0.05624027      2.30000000    -10.00000000
     -0.30100334     -0.00000000     -0.00000000      0.00000000      0.00000000      0.10744266      0.05691159      0.00120980      0.01323185      0.07440503      0.00000000      0.99981680      0.49178170      0.50285162      0.50285162      0.49179264      0.01305906      2.30000000    -10.00000000
     -0.13377926     -0.00000000     -0.00000000      0.00000000      0.00000000      0.10892074     -0.00957496      0.00118225      0.00038854      0.07172367      0.00000000      0.99981680      0.48234935      0.50505157      0.50505157      0.48747479      0.00038839      2.30000000    -10.00000000
      0.03344482     -0.00000000     -0.00000000      0.00000000      0.00000000      0.11016962     -0.07626467      0.00115570      0.02550485      0.06931792      0.00000000      0.99981680      0.47282471      0.50728019      0.50728019      0.48294969      0.02487053      2.30000000    -10.00000000
      0.20066890     -0.00000000     -0.00000000      0.00000000      0.00000000      0.11117769     -0.14313875      0.00113003      0.09272537      0.06716413      0.00000000      0.99981680      0.46319300      0.50956876      0.50956876      0.47836929      0.08485698      2.30000000    -10.00000000
      0.36789298     -0.00000000     -0.00000000      0.00000000      0.00000000      0.11193538     -0.21018026      0.00110516      0.20581872      0.06524098      0.00000000      0.99981680      0.45353650      0.51189011      0.51189011      0.47372698      0.17068795      2.30000000    -10.00000000
      0.53511706     -0.00000000     -0.00000000      0.00000000      0.00000000      0.11243529     -0.27737398      0.00108097      0.36811122      0.06352927      0.00000000      0.99981680      0.44383123      0.51423660      0.51423660      0.46904678      0.26906527      2.30000000    -10.00000000
      0.70234114     -0.00000000     -0.00000000      0.00000000      0.00000000      0.11267241     -0.34470628      0.00105737      0.58243366      0.06201167      0.00000000      0.99981680      0.43404518      0.51658669      0.51658669      0.46434122      0.36806198      2.30000000    -10.00000000
      0.86956522     -0.00000000     -0.00000000      0.00000000      0.00000000      0.11264412     -0.41216502      0.00103428      0.85108263      0.06067252      0.00000000      0.99981680      0.42445541      0.51895150      0.51895150      0.45963568      0.45977560      2.30000000    -10.00000000
      1.03678930     -0.00000000     -0.00000000      0.00000000      0.00000000      0.11235033     -0.47973944      0.00101160      1.17579672      0.05949769      0.00000000      0.99981680      0.41481758      0.52129503      0.52129503      0.45492634      0.54039824      2.30000000    -10.00000000
      1.20401338     -0.00000000     -0.00000000      0.00000000      0.00000000      0.11179340     -0.54742001      0.00098928      1.55774743      0.05847440      0.00000000      0.99981680      0.40524045      0.52360945      0.52360945      0.45024642      0.60903098      2.30000000    -10.00000000
      1.37123746     -0.00000000     -0.00000000      0.00000000      0.00000000      0.11097815     -0.61519835      0.00096723      1.99754351      0.05759113      0.00000000      0.99981680      0.39574258      0.52588459      0.52588459      0.44561429      0.66639350      2.30000000    -10.00000000
      1.53846154     -0.00000000     -0.00000000      0.00000000      0.00000000      0.10991175     -0.68306709      0.00094540      2.49524695      0.05683747      0.00000000      0.99981680      0.38633984      0.52810845      0.52810845      0.44101355      0.71389718      2.30000000    -10.00000000
      1.70568562     -0.00000000     -0.00000000      0.00000000      0.00000000      0.10860356     -0.75101976      0.00092374      3.05039795      0.05620407      0.00000000      0.99981680      0.37709871      0.53026709      0.53026709      0.43647952      0.75311068      2.30000000    -10.00000000
      1.87290970     -0.00000000     -0.00000000      0.00000000      0.00000000      0.10706500     -0.81905065      0.00090220      3.66204634      0.05568256      0.00000000      0.99981680      0.36788873      0.53235476      0.53235476      0.43201629      0.78550192      2.30000000    -10.00000000
      2.04013378     -0.00000000     -0.00000000      0.00000000      0.00000000      0.10530928     -0.88715470      0.00088076      4.32878659      0.05526549      0.00000000      0.99981680      0.35886715      0.53435777      0.53435777      0.42767060      0.81234002      2.30000000    -10.00000000
      2.20735786     -0.00000000     -0.00000000      0.00000000      0.00000000      0.10335122     -0.95532745      0.00085939      5.04879460      0.05494628      0.00000000      0.99981680      0.34999423      0.53626730      0.53626730      0.42340240      0.83467781      2.30000000    -10.00000000
      2.37458194     -0.00000000     -0.00000000      0.00000000      0.00000000      0.10120693     -1.02356497      0.00083808      5.81986614      0.05471915      0.00000000      0.99981680      0.34128241      0.53807774      0.53807774      0.41923940      0.85336956      2.30000000    -10.00000000
      2.54180602     -0.00000000     -0.00000000      0.00000000      0.00000000      0.09889359     -1.09186392      0.00081683      6.63945892      0.05457903      0.00000000      0.99981680      0.33277766      0.53978201      0.53978201      0.41518921      0.86910068      2.30000000    -10.00000000
      2.70903010     -0.00000000     -0.00000000      0.00000000      0.00000000      0.09642910     -1.16022164      0.00079563      7.50474312      0.05452148      0.00000000      0.99981680      0.32437443      0.54137354      0.54137354      0.41125819      0.88241855      2.30000000    -10.00000000
      2.87625418     -0.00000000     -0.00000000      0.00000000      0.00000000      0.09383188     -1.22863637      0.00077450      8.41266611      0.05454244      0.00000000      0.99981680      0.31619542      0.54285042      0.54285042      0.40745508      0.89376018      2.30000000    -10.00000000
      3.04347826     -0.00000000     -0.00000000      0.00000000      0.00000000      0.09112051     -1.29710740      0.00075344      9.36003489      0.05463814      0.00000000      0.99981680      0.30820459      0.54420828      0.54420828      0.40377052      0.90347523      2.30000000    -10.00000000
      3.21070234     -0.00000000     -0.00000000      0.00000000      0.00000000      0.08831356     -1.36563518      0.00073246     10.34361346      0.05480480      0.00000000      0.99981680      0.30040979      0.54544790      0.54544790      0.40024248      0.91184467      2.30000000    -10.00000000
      3.37792642     -0.00000000     -0.00000000      0.00000000      0.00000000      0.08542931     -1.43422135      0.00071156     11.36022292      0.05503856      0.00000000      0.99981680      0.29279615      0.54656226      0.54656226      0.39684156      0.91909531      2.30000000    -10.00000000
      3.54515050     -0.00000000     -0.00000000      0.00000000      0.00000000      0.08248562     -1.50286842      0.00069074     12.40682610      0.05533536      0.00000000      0.99981680      0.28542142      0.54755768      0.54755768      0.39358131      0.92541113      2.30000000    -10.00000000
      3.71237458     -0.00000000     -0.00000000      0.00000000      0.00000000      0.07949972     -1.57157940      0.00067002     13.48058044      0.05569107      0.00000000      0.99981680      0.27823393      0.54843469      0.54843469      0.39050004      0.93094199      2.30000000    -10.00000000
      3.87959866     -0.00000000     -0.00000000      0.00000000      0.00000000      0.07648807     -1.64035731      0.00064939     14.57885312      0.05610158      0.00000000      0.99981680      0.27125009      0.54919617      0.54919617      0.38748846      0.93581042      2.30000000    -10.00000000
      4.04682274     -0.00000000     -0.00000000      0.00000000      0.00000000      0.07346628     -1.70920484      0.00062886     15.69920562      0.05656295      0.00000000      0.99981680      0.26447776      0.54983938      0.54983938      0.38465457      0.94011691      2.30000000    -10.00000000
      4.21404682     -0.00000000     -0.00000000      0.00000000      0.00000000      0.07044892     -1.77812404      0.00060846     16.83936179      0.05707159      0.00000000      0.99981680      0.25792175      0.55037500      0.55037500      0.38196539      0.94394418      2.30000000    -10.00000000
      4.38127090     -0.00000000     -0.00000000      0.00000000      0.00000000      0.06744950     -1.84711629      0.00058819     17.99717185      0.05762431      0.00000000      0.99981680      0.25157233      0.55080427      0.55080427      0.37941764      0.94736059      2.30000000    -10.00000000
      4.54849498     -0.00000000     -0.00000000      0.00000000      0.00000000      0.06448037     -1.91618223      0.00056810     19.17057806      0.05821835      0.00000000      0.99981680      0.24543583      0.55113553      0.55113553      0.37701052      0.95042284      2.30000000    -10.00000000
      4.71571906     -0.00000000     -0.00000000      0.00000000      0.00000000      0.06155267     -1.98532190      0.00054820     20.35758163      0.05885145      0.00000000      0.99981680      0.23949739      0.55135901      0.55135901      0.37474115      0.95317822      2.30000000    -10.00000000
      4.88294314     -0.00000000     -0.00000000      0.00000000      0.00000000      0.05867635     -2.05453472      0.00052854     21.55620773      0.05952181      0.00000000      0.99981680      0.23376808      0.55149162      0.55149162      0.37260866      0.95566631      2.30000000    -10.00000000
      5.05016722     -0.00000000     -0.00000000      0.00000000      0.00000000      0.05586012     -2.12381957      0.00050914     22.76446671      0.06022811      0.00000000      0.99981680      0.22824606      0.55153885      0.55153885      0.37060945      0.95792037      2.30000000    -10.00000000
      5.21739130     -0.00000000     -0.00000000      0.00000000      0.00000000      0.05311153     -2.19317482      0.00049005     23.98031100      0.06096958      0.00000000      0.99981680      0.22293124      0.55150512      0.55150512      0.36874102      0.95996847      2.30000000    -10.00000000
      5.38461538     -0.00000000     -0.00000000      0.00000000      0.00000000      0.05043699     -2.26259830      0.00047130     25.20158965      0.06174595      0.00000000      0.99981680      0.21781875      0.55139679      0.55139679      0.36699991      0.96183438      2.30000000    -10.00000000
      5.55183946     -0.00000000     -0.00000000      0.00000000      0.00000000      0.04784179     -2.33208736      0.00045292     26.42600305      0.06255754      0.00000000      0.99981680      0.21290714      0.55122057      0.55122057      0.36538279      0.96353825      2.30000000    -10.00000000
      5.71906355     -0.00000000     -0.00000000      0.00000000      0.00000000      0.04533022     -2.40163886      0.00043496     27.65106087      0.06340524      0.00000000      0.99981680      0.20819325      0.55098050      0.55098050      0.36388602      0.96509728      2.30000000    -10.00000000
      5.88628763     -0.00000000     -0.00000000      0.00000000      0.00000000      0.04290557     -2.47124920      0.00041744     28.87404570      0.06429052      0.00000000      0.99981680      0.20367402      0.55068256      0.55068256      0.36250581      0.96652613      2.30000000    -10.00000000
      6.05351171     -0.00000000     -0.00000000      0.00000000      0.00000000      0.04057029     -2.54091432      0.00040040     30.09198521      0.06521548      0.00000000      0.99981680      0.19934500      0.55033194      0.55033194      0.36123863      0.96783737      2.30000000    -10.00000000
      6.22073579     -0.00000000     -0.00000000      0.00000000      0.00000000      0.03832596     -2.61062977      0.00038386     31.30163423      0.06618279      0.00000000      0.99981680      0.19519951      0.54993454      0.54993454      0.36007986      0.96904181      2.30000000    -10.00000000
      6.38795987     -0.00000000     -0.00000000      0.00000000      0.00000000      0.03617346     -2.68039075      0.00036785     32.49946918      0.06719570      0.00000000      0.99981680      0.19123206      0.54949456      0.54949456      0.35894204      0.97014878      2.30000000    -10.00000000
      6.55518395     -0.00000000     -0.00000000      0.00000000      0.00000000      0.03411300     -2.75019215      0.00035238     33.68169660      0.06825801      0.00000000      0.99981680      0.18750075      0.54901713      0.54901713      0.35807243      0.97116635      2.30000000    -10.00000000
      6.72240803     -0.00000000     -0.00000000      0.00000000      0.00000000      0.03214419     -2.82002863      0.00033747     34.84427758      0.06937405      0.00000000      0.99981680      0.18393115      0.54850677      0.54850677      0.35721678      0.97210154      2.30000000    -10.00000000
      6.88963211     -0.00000000     -0.00000000      0.00000000      0.00000000      0.03026614     -2.88989465      0.00032313     35.98296977      0.07054862      0.00000000      0.99981680      0.18053737      0.54796729      0.54796729      0.35645335      0.97296053      2.30000000    -10.00000000
      7.05685619     -0.00000000     -0.00000000      0.00000000      0.00000000      0.02847750     -2.95978461      0.00030937     37.09338920      0.07178690      0.00000000      0.99981680      0.17729203      0.54740333      0.54740333      0.35577860      0.97374873      2.30000000    -10.00000000
      7.22408027     -0.00000000     -0.00000000      0.00000000      0.00000000      0.02677656     -3.02969252      0.00029619     38.17185221      0.07309293      0.00000000      0.99981680      0.17421941      0.54681827      0.54681827      0.35518836      0.97447147      2.30000000    -10.00000000
      7.39130435     -0.00000000     -0.00000000      0.00000000      0.00000000      0.02516127     -3.09961372      0.00028358     39.21234042      0.07447558      0.00000000      0.99981680      0.17130690      0.54621570      0.54621570      0.35468071      0.97513201      2.30000000    -10.00000000
      7.55852843     -0.00000000     -0.00000000      0.00000000      0.00000000      0.02362931     -3.16954248      0.00027155     40.21144579      0.07593902      0.00000000      0.99981680      0.16854999      0.54559883      0.54559883      0.35424775      0.97573490      2.30000000    -10.00000000
      7.72575251     -0.00000000     -0.00000000      0.00000000      0.00000000      0.02217817     -3.23947383      0.00026008     41.16517377      0.07748908      0.00000000      0.99981680      0.16594483      0.54497054      0.54497054      0.35388857      0.97628375      2.30000000    -10.00000000
      7.89297659     -0.00000000     -0.00000000      0.00000000      0.00000000      0.02080516     -3.30940317      0.00024915     42.06991623      0.07913147      0.00000000      0.99981680      0.16348664      0.54433397      0.54433397      0.35360002      0.97678194      2.30000000    -10.00000000
      8.06020067     -0.00000000     -0.00000000      0.00000000      0.00000000      0.01950745     -3.37932641      0.00023874     42.92255892      0.08087163      0.00000000      0.99981680      0.16120495      0.54369083      0.54369083      0.35337712      0.97723266      2.30000000    -10.00000000
      8.22742475     -0.00000000     -0.00000000      0.00000000      0.00000000      0.01828216     -3.44923996      0.00022885     43.72056805      0.08271467      0.00000000      0.99981680      0.15899409      0.54304411      0.54304411      0.35322894      0.97763892      2.30000000    -10.00000000
      8.39464883     -0.00000000     -0.00000000      0.00000000      0.00000000      0.01712631     -3.51914076      0.00021943     44.46204731      0.08466528      0.00000000      0.99981680      0.15695073      0.54239568      0.54239568      0.35311650      0.97800363      2.30000000    -10.00000000
      8.56187291     -0.00000000     -0.00000000      0.00000000      0.00000000      0.01603693     -3.58902626      0.00021048     45.14575925      0.08672770      0.00000000      0.99981680      0.15497846      0.54174741      0.54174741      0.35307217      0.97832954      2.30000000    -10.00000000
      8.72909699     -0.00000000     -0.00000000      0.00000000      0.00000000      0.01501103     -3.65889436      0.00020197     45.77111016      0.08890574      0.00000000      0.99981680      0.15324793      0.54110270      0.54110270      0.35308086      0.97861928      2.30000000    -10.00000000
      8.89632107     -0.00000000     -0.00000000      0.00000000      0.00000000      0.01404566     -3.72874334      0.00019386     46.33810833      0.09120280      0.00000000      0.99981680      0.15157928      0.54045816      0.54045816      0.35313975      0.97887537      2.30000000    -10.00000000
      9.06354515     -0.00000000     -0.00000000      0.00000000      0.00000000      0.01313790     -3.79857176      0.00018614     46.84724738      0.09362204      0.00000000      0.99981680      0.15002832      0.53982014      0.53982014      0.35324580      0.97910016      2.30000000    -10.00000000
      9.23076923     -0.00000000     -0.00000000      0.00000000      0.00000000      0.01228487     -3.86837832      0.00017878     47.29949470      0.09616630      0.00000000      0.99981680      0.14859157      0.53918974      0.53918974      0.35339612      0.97929585      2.30000000    -10.00000000
      9.39799331     -0.00000000     -0.00000000      0.00000000      0.00000000      0.01148379     -3.93816177      0.00017177     47.69608223      0.09883845      0.00000000      0.99981680      0.14726031      0.53856457      0.53856457      0.35358861      0.97946447      2.30000000    -10.00000000
      9.56521739     -0.00000000     -0.00000000      0.00000000      0.00000000      0.01073194     -4.00792075      0.00016508     48.03848619      0.10164136      0.00000000      0.99981680      0.14587504      0.53794223      0.53794223      0.35381991      0.97960785      2.30000000    -10.00000000
      9.73244147     -0.00000000     -0.00000000      0.00000000      0.00000000      0.01002667     -4.07765378      0.00015868     48.32829261      0.10457810      0.00000000      0.99981680      0.14489750      0.53732841      0.53732841      0.35408864      0.97972766      2.30000000    -10.00000000
      9.89966555     -0.00000000     -0.00000000      0.00000000      0.00000000      0.00936544     -4.14735910      0.00015258     48.56712689      0.10765207      0.00000000      0.99981680      0.14386198      0.53672374      0.53672374      0.35439113      0.97982534      2.30000000    -10.00000000
     10.06688963     -0.00000000     -0.00000000      0.00000000      0.00000000      0.00874580     -4.21703465      0.00014674     48.75659945      0.11086704      0.00000000      0.99981680      0.14291980      0.53612875      0.53612875      0.35472619      0.97990216      2.30000000    -10.00000000
     10.23411371     -0.00000000     -0.00000000      0.00000000      0.00000000      0.00816541     -4.28667801      0.00014115     48.89825566      0.11422729      0.00000000      0.99981680      0.14206579      0.53554376      0.53554376      0.35509063      0.97995922      2.30000000    -10.00000000
     10.40133779     -0.00000000     -0.00000000      0.00000000      0.00000000      0.00762200     -4.35628642      0.00013581     48.99355896      0.11773765      0.00000000      0.99981680      0.14129779      0.53496975      0.53496975      0.35548432      0.97999742      2.30000000    -10.00000000
     10.56856187     -0.00000000     -0.00000000      0.00000000      0.00000000      0.00711343     -4.42585675      0.00013069     49.04387805      0.12140356      0.00000000      0.99981680      0.14059231      0.53440649      0.53440649      0.35590415      0.98001754      2.30000000    -10.00000000
     10.73578595     -0.00000000     -0.00000000      0.00000000      0.00000000      0.00663764     -4.49538550      0.00012579     49.05048948      0.12523106      0.00000000      0.99981680      0.14000389      0.53385448      0.53385448      0.35634773      0.98002018      2.30000000    -10.00000000
     10.90301003     -0.00000000     -0.00000000      0.00000000      0.00000000      0.00619266     -4.56486883      0.00012111     49.01458824      0.12922685      0.00000000      0.99981680      0.13947218      0.53331413      0.53331413      0.35681465      0.98000583      2.30000000    -10.00000000
     11.07023411     -0.00000000     -0.00000000      0.00000000      0.00000000      0.00577665     -4.63430259      0.00011662     48.93730270      0.13339829      0.00000000      0.99981680      0.13901384      0.53278625      0.53278625      0.35730224      0.97997489      2.30000000    -10.00000000
     11.23745819     -0.00000000     -0.00000000      0.00000000      0.00000000      0.00538784     -4.70368232      0.00011232     48.81971653      0.13775337      0.00000000      0.99981680      0.13862837      0.53227347      0.53227347      0.35780941      0.97992763      2.30000000    -10.00000000
     11.40468227     -0.00000000     -0.00000000      0.00000000      0.00000000      0.00502454     -4.77300327      0.00010820     48.66285985      0.14230080      0.00000000      0.99981680      0.13830033      0.53176422      0.53176422      0.35833431      0.97986423      2.30000000    -10.00000000
     11.57190635     -0.00000000     -0.00000000      0.00000000      0.00000000      0.00468518     -4.84226045      0.00010426     48.46778099      0.14704988      0.00000000      0.99981680      0.13803598      0.53126908      0.53126908      0.35887594      0.97978482      2.30000000    -10.00000000
     11.73913043     -0.00000000     -0.00000000      0.00000000      0.00000000      0.00436826     -4.91144860      0.00010049     48.23550426      0.15201061      0.00000000      0.99981680      0.13783637      0.53078165      0.53078165      0.35943272      0.97968945      2.30000000    -10.00000000
     11.90635452     -0.00000000     -0.00000000      0.00000000      0.00000000      0.00407237     -4.98056222      0.00009688     47.96707227      0.15719366      0.00000000      0.99981680      0.13768777      0.53030219      0.53030219      0.36000372      0.97957811      2.30000000    -10.00000000
     12.07357860     -0.00000000     -0.00000000      0.00000000      0.00000000      0.00379616     -5.04959561      0.00009342     47.66354887      0.16261041      0.00000000      0.99981680      0.13759432      0.52983397      0.52983397      0.36067358      0.97945074      2.30000000    -10.00000000
     12.24080268     -0.00000000     -0.00000000      0.00000000      0.00000000      0.00353839     -5.11854280      0.00009011     47.32602601      0.16827289      0.00000000      0.99981680      0.13755456      0.52937687      0.52937687      0.36118099      0.97930722      2.30000000    -10.00000000
     12.40802676     -0.00000000     -0.00000000      0.00000000      0.00000000      0.00329786     -5.18739764      0.00008694     46.95563124      0.17419389      0.00000000      0.99981680      0.13756569      0.52893064      0.52893064      0.36178997      0.97914739      2.30000000    -10.00000000
     12.57525084     -0.00000000     -0.00000000      0.00000000      0.00000000      0.00307346     -5.25615370      0.00008390     46.55352707      0.18038692      0.00000000      0.99981680      0.13762553      0.52849517      0.52849517      0.36240341      0.97897107      2.30000000    -10.00000000
     12.74247492     -0.00000000     -0.00000000      0.00000000      0.00000000      0.00286414     -5.32480437      0.00008100     46.12091588      0.18686626      0.00000000      0.99981680      0.13773226      0.52807022      0.52807022      0.36302902      0.97877800      2.30000000    -10.00000000
     12.90969900     -0.00000000     -0.00000000      0.00000000      0.00000000      0.00266893     -5.39334275      0.00007821     45.65903312      0.19364703      0.00000000      0.99981680      0.13788332      0.52765560      0.52765560      0.36353032      0.97856792      2.30000000    -10.00000000
     13.07692308     -0.00000000     -0.00000000      0.00000000      0.00000000      0.00248688     -5.46176172      0.00007555     45.16917081      0.20074507      0.00000000      0.99981680      0.13804596      0.52725108      0.52725108      0.36430122      0.97834053      2.30000000    -10.00000000
     13.24414716     -0.00000000     -0.00000000      0.00000000      0.00000000      0.00231715     -5.53005388      0.00007300     44.65262714      0.20817723      0.00000000      0.99981680      0.13831112      0.52685646      0.52685646      0.36494691      0.97809546      2.30000000    -10.00000000
     13.41137124     -0.00000000     -0.00000000      0.00000000      0.00000000      0.00215891     -5.59821156      0.00007056     44.11075097      0.21596117      0.00000000      0.99981680      0.13858299      0.52647150      0.52647150      0.36559919      0.97783234      2.30000000    -10.00000000
     13.57859532     -0.00000000     -0.00000000      0.00000000      0.00000000      0.00201140     -5.66622680      0.00006822     43.54491528      0.22411554      0.00000000      0.99981680      0.13889438      0.52609598      0.52609598      0.36625404      0.97755075      2.30000000    -10.00000000
     13.74581940     -0.00000000     -0.00000000      0.00000000      0.00000000      0.00187392     -5.73409134      0.00006598     42.95652269      0.23265994      0.00000000      0.99981680      0.13923976      0.52572965      0.52572965      0.36686898      0.97725025      2.30000000    -10.00000000
     13.91304348     -0.00000000     -0.00000000      0.00000000      0.00000000      0.00174578     -5.80179656      0.00006383     42.34697265      0.24161513      0.00000000      0.99981680      0.13961174      0.52537229      0.52537229      0.36757814      0.97693034      2.30000000    -10.00000000
     14.08026756     -0.00000000     -0.00000000      0.00000000      0.00000000      0.00162636     -5.86933357      0.00006178     41.71771466      0.25100281      0.00000000      0.99981680      0.14003097      0.52502371      0.52502371      0.36824474      0.97659051      2.30000000    -10.00000000
     14.24749164     -0.00000000     -0.00000000      0.00000000      0.00000000      0.00151509     -5.93669306      0.00005981     41.07018519      0.26084592      0.00000000      0.99981680      0.14047348      0.52468363      0.52468363      0.36891383      0.97623020      2.30000000    -10.00000000
     14.41471572     -0.00000000     -0.00000000      0.00000000      0.00000000      0.00141141     -6.00386538      0.00005792     40.40583380      0.27116856      0.00000000      0.99981680      0.14094522      0.52435186      0.52435186      0.36959077      0.97584881      2.30000000    -10.00000000
     14.58193980     -0.00000000     -0.00000000      0.00000000      0.00000000      0.00131481     -6.07083864      0.00005611     39.72677235      0.28199123      0.00000000      0.99981680      0.14144527      0.52402812      0.52402812      0.37025810      0.97544613      2.30000000    -10.00000000
     14.74916388     -0.00000000     -0.00000000      0.00000000      0.00000000      0.00122481     -6.13760618      0.00005437     39.03302169      0.29335086      0.00000000      0.99981680      0.14197183      0.52371229      0.52371229      0.37093126      0.97502062      2.30000000    -10.00000000
     14.91638796     -0.00000000     -0.00000000      0.00000000      0.00000000      0.00114097     -6.20415505      0.00005271     38.32679019      0.30527015      0.00000000      0.99981680      0.14252399      0.52340406      0.52340406      0.37160600      0.97457204      2.30000000    -10.00000000
     15.08361204     -0.00000000     -0.00000000      0.00000000      0.00000000      0.00106287     -6.27047389      0.00005111     37.60949941      0.31777863      0.00000000      0.99981680      0.14310049      0.52310325      0.52310325      0.37228002      0.97409964      2.30000000    -10.00000000
     15.25083612     -0.00000000     -0.00000000      0.00000000      0.00000000      0.00099011     -6.33655080      0.00004958     36.88254628      0.33090738      0.00000000      0.99981680      0.14370018      0.52280964      0.52280964      0.37295421      0.97360262      2.30000000    -10.00000000
     15.41806020     -0.00000000     -0.00000000      0.00000000      0.00000000      0.00092235     -6.40237344      0.00004811     36.14733424      0.34468885      0.00000000      0.99981680      0.14432196      0.52252304      0.52252304      0.37362868      0.97308017      2.30000000    -10.00000000
     15.58528428     -0.00000000     -0.00000000      0.00000000      0.00000000      0.00085923     -6.46792885      0.00004670     35.40519945      0.35915749      0.00000000      0.99981680      0.14496482      0.52224323      0.52224323      0.37430110      0.97253140      2.30000000    -10.00000000
     15.75250836     -0.00000000     -0.00000000      0.00000000      0.00000000      0.00080044     -6.53320354      0.00004535     34.65747509      0.37434925      0.00000000      0.99981680      0.14562774      0.52197002      0.52197002      0.37497349      0.97195539      2.30000000    -10.00000000
     15.91973244     -0.00000000     -0.00000000      0.00000000      0.00000000      0.00074568     -6.59818344      0.00004404     33.90545112      0.39030198      0.00000000      0.99981680      0.14630924      0.52170322      0.52170322      0.37564417      0.97135118      2.30000000    -10.00000000
     16.08695652     -0.00000000     -0.00000000      0.00000000      0.00000000      0.00069468     -6.66285385      0.00004279     33.15038959      0.40705533      0.00000000      0.99981680      0.14700943      0.52144265      0.52144265      0.37631312      0.97071776      2.30000000    -10.00000000
     16.25418060     -0.00000000     -0.00000000      0.00000000      0.00000000      0.00064719     -6.72719941      0.00004159     32.39351021      0.42465095      0.00000000      0.99981680      0.14773449      0.52118810      0.52118810      0.37698123      0.97005406      2.30000000    -10.00000000
     16.42140468     -0.00000000     -0.00000000      0.00000000      0.00000000      0.00060295     -6.79120409      0.00004043     31.63598749      0.44313258      0.00000000      0.99981680      0.14846201      0.52093942      0.52093942      0.37766483      0.96935898      2.30000000    -10.00000000
     16.58862876     -0.00000000     -0.00000000      0.00000000      0.00000000      0.00056176     -6.85485116      0.00003932     30.87895947      0.46254598      0.00000000      0.99981680      0.14921120      0.52069642      0.52069642      0.37830846      0.96863135      2.30000000    -10.00000000
     16.75585284     -0.00000000     -0.00000000      0.00000000      0.00000000      0.00052340     -6.91812309      0.00003825     30.12350569      0.48293932      0.00000000      0.99981680      0.14962599      0.52045894      0.52045894      0.37896919      0.96786994      2.30000000    -10.00000000
     16.92307692     -0.00000000     -0.00000000      0.00000000      0.00000000      0.00048767     -6.98100164      0.00003722     29.37067415      0.50436283      0.00000000      0.99981680      0.15075473      0.52022682      0.52022682      0.37962677      0.96707350      2.30000000    -10.00000000
     17.09030100     -0.00000000     -0.00000000      0.00000000      0.00000000      0.00045440     -7.04346772      0.00003623     28.62145376      0.52686928      0.00000000      0.99981680      0.15149381      0.51999988      0.51999988      0.38028178      0.96624068      2.30000000    -10.00000000
     17.25752508     -0.00000000     -0.00000000      0.00000000      0.00000000      0.00042341     -7.10550139      0.00003528     27.87678529      0.55051388      0.00000000      0.99981680      0.15235168      0.51977799      0.51977799      0.38098531      0.96537011      2.30000000    -10.00000000
     17.42474916     -0.00000000     -0.00000000      0.00000000      0.00000000      0.00039456     -7.16708184      0.00003435     27.13756039      0.57535439      0.00000000      0.99981680      0.15316869      0.51956099      0.51956099      0.38158274      0.96446032      2.30000000    -10.00000000
     17.59197324     -0.00000000     -0.00000000      0.00000000      0.00000000      0.00036768     -7.22818736      0.00003347     26.40462435      0.60145109      0.00000000      0.99981680      0.15399701      0.51934873      0.51934873      0.38222871      0.96350981      2.30000000    -10.00000000
     17.75919732     -0.00000000     -0.00000000      0.00000000      0.00000000      0.00034266     -7.28879521      0.00003261     25.67875872      0.62886725      0.00000000      0.99981680      0.15482198      0.51914108      0.51914108      0.38287114      0.96251700      2.30000000    -10.00000000
     17.92642140     -0.00000000     -0.00000000      0.00000000      0.00000000      0.00031935     -7.34888171      0.00003178     24.96070276      0.65766876      0.00000000      0.99981680      0.15568617      0.51893789      0.51893789      0.38351045      0.96148024      2.30000000    -10.00000000
     18.09364548     -0.00000000     -0.00000000      0.00000000      0.00000000      0.00029765     -7.40842213      0.00003099     24.25114395      0.68792441      0.00000000      0.99981680      0.15654561      0.51873904      0.51873904      0.38414170      0.96039783      2.30000000    -10.00000000
     18.26086957     -0.00000000     -0.00000000      0.00000000      0.00000000      0.00027744     -7.46739066      0.00003022     23.55071636      0.71970601      0.00000000      0.99981680      0.15737576      0.51854441      0.51854441      0.38477759      0.95926799      2.30000000    -10.00000000
     18.42809365     -0.00000000     -0.00000000      0.00000000      0.00000000      0.00025861     -7.52576036      0.00002947     22.86000581      0.75308837      0.00000000      0.99981680      0.15829156      0.51835385      0.51835385      0.38540515      0.95808886      2.30000000    -10.00000000
     18.59531773     -0.00000000     -0.00000000      0.00000000      0.00000000      0.00024108     -7.58350314      0.00002875     22.17954819      0.78814941      0.00000000      0.99981680      0.15917680      0.51816726      0.51816726      0.38603022      0.95685852      2.30000000    -10.00000000
     18.76254181     -0.00000000     -0.00000000      0.00000000      0.00000000      0.00022475     -7.64058971      0.00002806     21.50983086      0.82497022      0.00000000      0.99981680      0.16007014      0.51798453      0.51798453      0.38665074      0.95557497      2.30000000    -10.00000000
     18.92976589     -0.00000000     -0.00000000      0.00000000      0.00000000      0.00020954     -7.69698952      0.00002739     20.85129392      0.86363511      0.00000000      0.99981680      0.16097102      0.51780553      0.51780553      0.38727006      0.95423612      2.30000000    -10.00000000
     19.09698997     -0.00000000     -0.00000000      0.00000000      0.00000000      0.00019538     -7.75267076      0.00002674     20.20433229      0.90423162      0.00000000      0.99981680      0.16179197      0.51763016      0.51763016      0.38805156      0.95283983      2.30000000    -10.00000000
     19.26421405     -0.00000000     -0.00000000      0.00000000      0.00000000      0.00018219     -7.80760027      0.00002611     19.56929561      0.94685060      0.00000000      0.99981680      0.16279204      0.51745832      0.51745832      0.38848705      0.95138385      2.30000000    -10.00000000
     19.43143813     -0.00000000     -0.00000000      0.00000000      0.00000000      0.00016990     -7.86174353      0.00002550     18.94649065      0.99158620      0.00000000      0.99981680      0.16371153      0.51728990      0.51728990      0.38909343      0.94986587      2.30000000    -10.00000000
     19.59866221     -0.00000000     -0.00000000      0.00000000      0.00000000      0.00015845     -7.91506459      0.00002490     18.33618190      1.03853593      0.00000000      0.99981680      0.16463527      0.51712481      0.51712481      0.38969399      0.94828348      2.30000000    -10.00000000
     19.76588629     -0.00000000     -0.00000000      0.00000000      0.00000000      0.00014779     -7.96752612      0.00002433     17.73859657      1.08780048      0.00000000      0.99981680      0.16556810      0.51696295      0.51696295      0.39029131      0.94663421      2.30000000    -10.00000000
     19.93311037     -0.00000000     -0.00000000      0.00000000      0.00000000      0.00013786     -8.01908919      0.00002377     17.15392011      1.13948396      0.00000000      0.99981680      0.16669429      0.51680421      0.51680421      0.39088272      0.94491548      2.30000000    -10.00000000
     20.10033445     -0.00000000     -0.00000000      0.00000000      0.00000000      0.00012861     -8.06971343      0.00002323     16.58230329      1.19369364      0.00000000      0.99981680      0.16744401      0.51664856      0.51664856      0.39147084      0.94312463      2.30000000    -10.00000000
     20.26755853     -0.00000000     -0.00000000      0.00000000      0.00000000      0.00012000     -8.11935688      0.00002271     16.02386218      1.25053995      0.00000000      0.99981680      0.16838846      0.51649586      0.51649586      0.39205517      0.94125892      2.30000000    -10.00000000
     20.43478261     -0.00000000     -0.00000000      0.00000000      0.00000000      0.00011197     -8.16797597      0.00002220     15.47867938      1.31013638      0.00000000      0.99981680      0.16933684      0.51634604      0.51634604      0.39263405      0.93931553      2.30000000    -10.00000000
     20.60200669     -0.00000000     -0.00000000      0.00000000      0.00000000      0.00010449     -8.21552552      0.00002170     14.94680710      1.37259932      0.00000000      0.99981680      0.17028891      0.51619903      0.51619903      0.39321000      0.93729152      2.30000000    -10.00000000
     20.76923077     -0.00000000     -0.00000000      0.00000000      0.00000000      0.00009752     -8.26195870      0.00002122     14.42826708      1.43804798      0.00000000      0.99981680      0.17124430      0.51605475      0.51605475      0.39378130      0.93518391      2.30000000    -10.00000000
     20.93645485     -0.00000000     -0.00000000      0.00000000      0.00000000      0.00009103     -8.30722697      0.00002075     13.92305395      1.50660414      0.00000000      0.99981680      0.17220980      0.51591312      0.51591312      0.39434848      0.93298959      2.30000000    -10.00000000
     21.10367893     -0.00000000     -0.00000000      0.00000000      0.00000000      0.00008498     -8.35128012      0.00002030     13.43113657      1.57839191      0.00000000      0.99981680      0.17316371      0.51577407      0.51577407      0.39491169      0.93070539      2.30000000    -10.00000000
     21.27090301     -0.00000000     -0.00000000      0.00000000      0.00000000      0.00007934     -8.39406621      0.00001985     12.95245975      1.65353746      0.00000000      0.99981680      0.17412736      0.51563753      0.51563753      0.39546960      0.92832805      2.30000000    -10.00000000
     21.43812709     -0.00000000     -0.00000000      0.00000000      0.00000000      0.00007409     -8.43553157      0.00001942     12.48694545      1.73216877      0.00000000      0.99981680      0.17509391      0.51550344      0.51550344      0.39602410      0.92585423      2.30000000    -10.00000000
     21.60535117     -0.00000000     -0.00000000      0.00000000      0.00000000      0.00006919     -8.47562081      0.00001900     12.03449483      1.81441523      0.00000000      0.99981680      0.17603646      0.51537173      0.51537173      0.39656762      0.92328049      2.30000000    -10.00000000
     21.77257525     -0.00000000     -0.00000000      0.00000000      0.00000000      0.00006463     -8.51427680      0.00001859     11.59499026      1.90040713      0.00000000      0.99981680      0.17703086      0.51524232      0.51524232      0.39712011      0.92060335      2.30000000    -10.00000000
     21.93979933     -0.00000000     -0.00000000      0.00000000      0.00000000      0.00006038     -8.55144069      0.00001819     11.16829628      1.99027532      0.00000000      0.99981680      0.17800216      0.51511518      0.51511518      0.39766175      0.91781923      2.30000000    -10.00000000
     22.10702341     -0.00000000     -0.00000000      0.00000000      0.00000000      0.00005642     -8.58705192      0.00001779     10.75426121      2.08415064      0.00000000      0.99981680      0.17897486      0.51499023      0.51499023      0.39821602      0.91492447      2.30000000    -10.00000000
     22.27424749     -0.00000000     -0.00000000      0.00000000      0.00000000      0.00005272     -8.62104827      0.00001741     10.35271886      2.18216327      0.00000000      0.99981680      0.17994863      0.51486742      0.51486742      0.39873253      0.91191537      2.30000000    -10.00000000
     22.44147157     -0.00000000     -0.00000000      0.00000000      0.00000000      0.00004928     -8.65336588      0.00001704      9.96348980      2.28444214      0.00000000      0.99981680      0.18092311      0.51474670      0.51474670      0.39926180      0.90878817      2.30000000    -10.00000000
     22.60869565     -0.00000000     -0.00000000      0.00000000      0.00000000      0.00004607     -8.68393926      0.00001667      9.58638259      2.39111413      0.00000000      0.99981680      0.18189890      0.51462800      0.51462800      0.39978664      0.90553903      2.30000000    -10.00000000
     22.77591973     -0.00000000     -0.00000000      0.00000000      0.00000000      0.00004308     -8.71270144      0.00001631      9.22119530      2.50230333      0.00000000      0.99981680      0.18287451      0.51451129      0.51451129      0.40030747      0.90216408      2.30000000    -10.00000000
     22.94314381     -0.00000000     -0.00000000      0.00000000      0.00000000      0.00004028     -8.73958396      0.00001596      8.86771658      2.61813010      0.00000000      0.99981680      0.18385080      0.51439650      0.51439650      0.40082406      0.89865943      2.30000000    -10.00000000
     23.11036789     -0.00000000     -0.00000000      0.00000000      0.00000000      0.00003768     -8.76451696      0.00001562      8.52572675      2.73871015      0.00000000      0.99981680      0.18482737      0.51428360      0.51428360      0.40133672      0.89502113      2.30000000    -10.00000000
     23.27759197     -0.00000000     -0.00000000      0.00000000      0.00000000      0.00003526     -8.78742936      0.00001528      8.19499931      2.86415345      0.00000000      0.99981680      0.18580394      0.51417253      0.51417253      0.40184525      0.89124523      2.30000000    -10.00000000
     23.44481605     -0.00000000     -0.00000000      0.00000000      0.00000000      0.00003299     -8.80824886      0.00001495      7.87530138      2.99456317      0.00000000      0.99981680      0.18678042      0.51406325      0.51406325      0.40234965      0.88732777      2.30000000    -10.00000000
     23.61204013     -0.00000000     -0.00000000      0.00000000      0.00000000      0.00003088     -8.82690217      0.00001463      7.56639514      3.13003445      0.00000000      0.99981680      0.18775665      0.51395571      0.51395571      0.40285008      0.88326478      2.30000000    -10.00000000
     23.77926421     -0.00000000     -0.00000000      0.00000000      0.00000000      0.00002891     -8.84331510      0.00001431      7.26803864      3.27065309      0.00000000      0.99981680      0.18873241      0.51384988      0.51384988      0.40334650      0.87905233      2.30000000    -10.00000000
     23.94648829     -0.00000000     -0.00000000      0.00000000      0.00000000      0.00002708     -8.85741276      0.00001400      6.97998660      3.41649420      0.00000000      0.99981680      0.18989067      0.51374570      0.51374570      0.40383879      0.87468651      2.30000000    -10.00000000
     24.11371237     -0.00000000     -0.00000000      0.00000000      0.00000000      0.00002536     -8.86911973      0.00001369      6.70199128      3.56762080      0.00000000      0.99981680      0.19068280      0.51364316      0.51364316      0.40432700      0.87016345      2.30000000    -10.00000000
     24.28093645     -0.00000000     -0.00000000      0.00000000      0.00000000      0.00002376     -8.87836028      0.00001339      6.43380323      3.72408225      0.00000000      0.99981680      0.19165612      0.51354219      0.51354219      0.40481206      0.86547936      2.30000000    -10.00000000
     24.44816054     -0.00000000     -0.00000000      0.00000000      0.00000000      0.00002227     -8.88505858      0.00001310      6.17517202      3.88591271      0.00000000      0.99981680      0.19262855      0.51344277      0.51344277      0.40529224      0.86063052      2.30000000    -10.00000000
     24.61538462     -0.00000000     -0.00000000      0.00000000      0.00000000      0.00002088     -8.88913897      0.00001281      5.92584682      4.05312950      0.00000000      0.99981680      0.19360083      0.51334486      0.51334486      0.40576890      0.85561332      2.30000000    -10.00000000
     24.78260870     -0.00000000     -0.00000000      0.00000000      0.00000000      0.00001958     -8.89052623      0.00001252      5.68557719      4.22573137      0.00000000      0.99981680      0.19457173      0.51324842      0.51324842      0.40624167      0.85042428      2.30000000    -10.00000000
     24.94983278     -0.00000000     -0.00000000      0.00000000      0.00000000      0.00001837     -8.88914582      0.00001224      5.45411315      4.40369698      0.00000000      0.99981680      0.19553598      0.51315343      0.51315343      0.40671061      0.84506005      2.30000000    -10.00000000
     25.11705686     -0.00000000     -0.00000000      0.00000000      0.00000000      0.00001724     -8.88492439      0.00001196      5.23120681      4.58698259      0.00000000      0.99981680      0.19663888      0.51305984      0.51305984      0.40717564      0.83951744      2.30000000    -10.00000000
     25.28428094     -0.00000000     -0.00000000      0.00000000      0.00000000      0.00001618     -8.87778959      0.00001169      5.01661057      4.77552163      0.00000000      0.99981680      0.19749203      0.51296763      0.51296763      0.40763711      0.83379346      2.30000000    -10.00000000
     25.45150502     -0.00000000     -0.00000000      0.00000000      0.00000000      0.00001519     -8.86767130      0.00001142      4.81008091      4.96922087      0.00000000      0.99981680      0.19843875      0.51287676      0.51287676      0.40809495      0.82788536      2.30000000    -10.00000000
     25.61872910     -0.00000000     -0.00000000      0.00000000      0.00000000      0.00001427     -8.85450118      0.00001116      4.61137574      5.16796067      0.00000000      0.99981680      0.19940225      0.51278721      0.51278721      0.40854836      0.82179058      2.30000000    -10.00000000
     25.78595318     -0.00000000     -0.00000000      0.00000000      0.00000000      0.00001341     -8.83821349      0.00001090      4.42025617      5.37159234      0.00000000      0.99981680      0.20036195      0.51269894      0.51269894      0.40920140      0.81550687      2.30000000    -10.00000000
     25.95317726     -0.00000000     -0.00000000      0.00000000      0.00000000      0.00001260     -8.81874539      0.00001064      4.23648660      5.57993680      0.00000000      0.99981680      0.20132176      0.51261194      0.51261194      0.40944560      0.80903226      2.30000000    -10.00000000
     26.12040134     -0.00000000     -0.00000000      0.00000000      0.00000000      0.00001185     -8.79603740      0.00001039      4.05983497      5.79278305      0.00000000      0.99981680      0.20227943      0.51252616      0.51252616      0.40989291      0.80236510      2.30000000    -10.00000000
     26.28762542     -0.00000000     -0.00000000      0.00000000      0.00000000      0.00001115     -8.77003383      0.00001014      3.89007298      6.00988688      0.00000000      0.99981680      0.20323475      0.51244158      0.51244158      0.41032791      0.79550407      2.30000000    -10.00000000
     26.45484950     -0.00000000     -0.00000000      0.00000000      0.00000000      0.00001049     -8.74068324      0.00000989      3.72697635      6.23096964      0.00000000      0.99981680      0.20418746      0.51235818      0.51235818      0.41076366      0.78844828      2.30000000    -10.00000000
     26.62207358     -0.00000000     -0.00000000      0.00000000      0.00000000      0.00000988     -8.70793890      0.00000965      3.57032500      6.45571731      0.00000000      0.99981680      0.20513326      0.51227593      0.51227593      0.41119586      0.78119718      2.30000000    -10.00000000
     26.78929766     -0.00000000     -0.00000000      0.00000000      0.00000000      0.00000930     -8.67175926      0.00000941      3.41990316      6.68377970      0.00000000      0.99981680      0.20608719      0.51219481      0.51219481      0.41162454      0.77375070      2.30000000    -10.00000000
     26.95652174     -0.00000000     -0.00000000      0.00000000      0.00000000      0.00000877     -8.63210844      0.00000917      3.27549958      6.91476995      0.00000000      0.99981680      0.20703350      0.51211479      0.51211479      0.41203460      0.76610920      2.30000000    -10.00000000
     27.12374582     -0.00000000     -0.00000000      0.00000000      0.00000000      0.00000826     -8.58895666      0.00000894      3.13690763      7.14826431      0.00000000      0.99981680      0.20797757      0.51203585      0.51203585      0.41247169      0.75827355      2.30000000    -10.00000000
     27.29096990     -0.00000000     -0.00000000      0.00000000      0.00000000      0.00000779     -8.54228074      0.00000871      3.00392532      7.38380226      0.00000000      0.99981680      0.20891894      0.51195797      0.51195797      0.41289085      0.75024509      2.30000000    -10.00000000
     27.45819398     -0.00000000     -0.00000000      0.00000000      0.00000000      0.00000735     -8.49206450      0.00000848      2.87635547      7.62088698      0.00000000      0.99981680      0.20985880      0.51188113      0.51188113      0.41330504      0.74202572      2.30000000    -10.00000000
     27.62541806     -0.00000000     -0.00000000      0.00000000      0.00000000      0.00000694     -8.43829925      0.00000826      2.75400570      7.85898608      0.00000000      0.99981680      0.21078392      0.51180530      0.51180530      0.41371670      0.73361788      2.30000000    -10.00000000
     27.79264214     -0.00000000     -0.00000000      0.00000000      0.00000000      0.00000656     -8.38098415      0.00000803      2.63668851      8.09753292      0.00000000      0.99981680      0.21172754      0.51173047      0.51173047      0.41412498      0.72502457      2.30000000    -10.00000000
     27.95986622     -0.00000000     -0.00000000      0.00000000      0.00000000      0.00000620     -8.32012655      0.00000782      2.52422116      8.33592829      0.00000000      0.99981680      0.21265456      0.51165661      0.51165661      0.41452999      0.71624936      2.30000000    -10.00000000
     28.12709030     -0.00000000     -0.00000000      0.00000000      0.00000000      0.00000586     -8.25574266      0.00000760      2.41642616      8.57354193      0.00000000      0.99981680      0.21358675      0.51158370      0.51158370      0.41492956      0.70729647      2.30000000    -10.00000000
     28.29431438     -0.00000000     -0.00000000      0.00000000      0.00000000      0.00000554     -8.18785716      0.00000739      2.31313037      8.80971612      0.00000000      0.99981680      0.21451223      0.51151173      0.51151173      0.41533024      0.69817065      2.30000000    -10.00000000
     28.46153846     -0.00000000     -0.00000000      0.00000000      0.00000000      0.00000524     -8.11650410      0.00000718      2.21416582      9.04376756      0.00000000      0.99981680      0.21543452      0.51144068      0.51144068      0.41572551      0.68887728      2.30000000    -10.00000000
     28.62876254     -0.00000000     -0.00000000      0.00000000      0.00000000      0.00000497     -8.04172699      0.00000697      2.11936942      9.27499096      0.00000000      0.99981680      0.21635415      0.51137052      0.51137052      0.41611673      0.67942239      2.30000000    -10.00000000
     28.79598662     -0.00000000     -0.00000000      0.00000000      0.00000000      0.00000471     -7.96357853      0.00000677      2.02858264      9.50266326      0.00000000      0.99981680      0.21726881      0.51130125      0.51130125      0.41650626      0.66981254      2.30000000    -10.00000000
     28.96321070     -0.00000000     -0.00000000      0.00000000      0.00000000      0.00000446     -7.88212116      0.00000657      1.94165180      9.72604720      0.00000000      0.99981680      0.21818465      0.51123285      0.51123285      0.41689253      0.66005494      2.30000000    -10.00000000
     29.13043478     -0.00000000     -0.00000000      0.00000000      0.00000000      0.00000423     -7.79742678      0.00000637      1.85842786      9.94439604      0.00000000      0.99981680      0.21915852      0.51116529      0.51116529      0.41727588      0.65015734      2.30000000    -10.00000000
     29.29765886     -0.00000000     -0.00000000      0.00000000      0.00000000      0.00000402     -7.70957673      0.00000618      1.77876637     10.15695831      0.00000000      0.99981680      0.22000371      0.51109856      0.51109856      0.41765497      0.64012808      2.30000000    -10.00000000
     29.46488294     -0.00000000     -0.00000000      0.00000000      0.00000000      0.00000382     -7.61866157      0.00000598      1.70252735     10.36298279      0.00000000      0.99981680      0.22090888      0.51103265      0.51103265      0.41803164      0.62997599      2.30000000    -10.00000000
     29.63210702     -0.00000000     -0.00000000      0.00000000      0.00000000      0.00000363     -7.52478079      0.00000580      1.62957522     10.56172369      0.00000000      0.99981680      0.22180908      0.51096754      0.51096754      0.41840532      0.61971044      2.30000000    -10.00000000
     29.79933110     -0.00000000     -0.00000000      0.00000000      0.00000000      0.00000345     -7.42804239      0.00000561      1.55977872     10.75244591      0.00000000      0.99981680      0.22271791      0.51090321      0.51090321      0.41877655      0.60934123      2.30000000    -10.00000000
     29.96655518     -0.00000000     -0.00000000      0.00000000      0.00000000      0.00000328     -7.32856231      0.00000543      1.49301070     10.93443023      0.00000000      0.99981680      0.22360313      0.51083966      0.51083966      0.41914379      0.59887858      2.30000000    -10.00000000
     30.13377926     -0.00000000     -0.00000000      0.00000000      0.00000000      0.00000312     -7.22646370      0.00000525      1.42914808     11.10697848      0.00000000      0.99981680      0.22449367      0.51077686      0.51077686      0.41950876      0.58833304      2.30000000    -10.00000000
     30.30100334     -0.00000000     -0.00000000      0.00000000      0.00000000      0.00000298     -7.12187601      0.00000507      1.36807160     11.26941827      0.00000000      0.99981680      0.22538332      0.51071481      0.51071481      0.41987065      0.57771547      2.30000000    -10.00000000
     30.46822742     -0.00000000     -0.00000000      0.00000000      0.00000000      0.00000284     -7.01493380      0.00000490      1.30966568     11.42110738      0.00000000      0.99981680      0.22626881      0.51065349      0.51065349      0.42022968      0.56703691      2.30000000    -10.00000000
     30.63545151     -0.00000000     -0.00000000      0.00000000      0.00000000      0.00000271     -6.90577529      0.00000473      1.25381818     11.56143741      0.00000000      0.99981680      0.22715019      0.51059288      0.51059288      0.42058587      0.55630849      2.30000000    -10.00000000
     30.80267559     -0.00000000     -0.00000000      0.00000000      0.00000000      0.00000258     -6.79454040      0.00000457      1.20042006     11.68983650      0.00000000      0.99981680      0.22802990      0.51053298      0.51053298      0.42082667      0.54554132      2.30000000    -10.00000000
     30.96989967     -0.00000000     -0.00000000      0.00000000      0.00000000      0.00000247     -6.68136842      0.00000441      1.14936511     11.80577061      0.00000000      0.99981680      0.22890560      0.51047377      0.51047377      0.42079704      0.53474633      2.30000000    -10.00000000
     31.13712375     -0.00000000     -0.00000000      0.00000000      0.00000000      0.00000236     -6.56639463      0.00000425      1.10054941     11.90874299      0.00000000      0.99981680      0.22977702      0.51041523      0.51041523      0.42163800      0.52393407      2.30000000    -10.00000000
     31.30434783     -0.00000000     -0.00000000      0.00000000      0.00000000      0.00000225     -6.44974597      0.00000409      1.05387074     11.99829082      0.00000000      0.99981680      0.23064655      0.51035737      0.51035737      0.42198311      0.51311444      2.30000000    -10.00000000
     31.47157191     -0.00000000     -0.00000000      0.00000000      0.00000000      0.00000216     -6.33153504      0.00000394      1.00922769     12.07397803      0.00000000      0.99981680      0.23151247      0.51030016      0.51030016      0.42233633      0.50229633      2.30000000    -10.00000000
     31.63879599     -0.00000000     -0.00000000      0.00000000      0.00000000      0.00000206     -6.21185151      0.00000379      0.96651851     12.13538235      0.00000000      0.99981680      0.23237450      0.51024359      0.51024359      0.42266481      0.49148712      2.30000000    -10.00000000
     31.80602007     -0.00000000     -0.00000000      0.00000000      0.00000000      0.00000198     -6.09074989      0.00000365      0.92563938     12.18207362      0.00000000      0.99981680      0.23323301      0.51018766      0.51018766      0.42300276      0.48069197      2.30000000    -10.00000000
     31.97324415     -0.00000000     -0.00000000      0.00000000      0.00000000      0.00000190     -5.96823144      0.00000350      0.88648191     12.21357900      0.00000000      0.99981680      0.23408864      0.51013234      0.51013234      0.42333663      0.46991275      2.30000000    -10.00000000
     32.14046823     -0.00000000     -0.00000000      0.00000000      0.00000000      0.00000182     -5.84421705      0.00000337      0.84892948     12.22932724      0.00000000      0.99981680      0.23492939      0.51007764      0.51007764      0.42366933      0.45914649      2.30000000    -10.00000000
     32.30769231     -0.00000000     -0.00000000      0.00000000      0.00000000      0.00000175     -5.71850598      0.00000323      0.81285176     12.22855996      0.00000000      0.99981680      0.23605893      0.51002354      0.51002354      0.42399842      0.44838292      2.30000000    -10.00000000
     32.47491639     -0.00000000     -0.00000000      0.00000000      0.00000000      0.00000168     -5.59071208      0.00000310      0.77809633     12.21018923      0.00000000      0.99981680      0.23663409      0.50997004      0.50997004      0.42432552      0.43760077      2.30000000    -10.00000000
     32.64214047     -0.00000000     -0.00000000      0.00000000      0.00000000      0.00000161     -5.46016474      0.00000296      0.74447616     12.17256799      0.00000000      0.99981680      0.23747839      0.50991711      0.50991711      0.42465006      0.42676201      2.30000000    -10.00000000
     32.80936455     -0.00000000     -0.00000000      0.00000000      0.00000000      0.00000155     -5.32575457      0.00000283      0.71175064     12.11311774      0.00000000      0.99981680      0.23831380      0.50986475      0.50986475      0.42497203      0.41580276      2.30000000    -10.00000000
     32.97658863     -0.00000000     -0.00000000      0.00000000      0.00000000      0.00000148     -5.18569641      0.00000270      0.67959808     12.02772639      0.00000000      0.99981680      0.23914652      0.50981296      0.50981296      0.42529141      0.40461947      2.30000000    -10.00000000
     33.14381271     -0.00000000     -0.00000000      0.00000000      0.00000000      0.00000143     -5.03717723      0.00000257      0.64757777     11.90978833      0.00000000      0.99981680      0.23998661      0.50976172      0.50976172      0.42560819      0.39304838      2.30000000    -10.00000000
     33.31103679     -0.00000000     -0.00000000      0.00000000      0.00000000      0.00000137     -4.87587437      0.00000243      0.61508537     11.74873548      0.00000000      0.99981680      0.24080741      0.50971102      0.50971102      0.42592235      0.38083768      2.30000000    -10.00000000
     33.47826087     -0.00000000     -0.00000000      0.00000000      0.00000000      0.00000131     -4.69541201      0.00000229      0.58132009     11.52798991      0.00000000      0.99981680      0.24163174      0.50966086      0.50966086      0.42623488      0.36761697      2.30000000    -10.00000000
     33.64548495     -0.00000000     -0.00000000      0.00000000      0.00000000      0.00000126     -4.48706995      0.00000213      0.54531757     11.22270900      0.00000000      0.99981680      0.24245135      0.50961123      0.50961123      0.42654462      0.35288382      2.30000000    -10.00000000
     33.81270903     -0.00000000     -0.00000000      0.00000000      0.00000000      0.00000120     -4.24055493      0.00000196      0.50615632     10.79896734      0.00000000      0.99981680      0.24326972      0.50956211      0.50956211      0.42689257      0.33605829      2.30000000    -10.00000000
     33.97993311     -0.00000000     -0.00000000      0.00000000      0.00000000      0.00000114     -3.94717838      0.00000176      0.46345991     10.21839867      0.00000000      0.99981680      0.24408681      0.50951351      0.50951351      0.42715713      0.31668781      2.30000000    -10.00000000
     34.14715719     -0.00000000     -0.00000000      0.00000000      0.00000000      0.00000108     -3.60616461      0.00000155      0.41812515      9.45379786      0.00000000      0.99981680      0.24503016      0.50946540      0.50946540      0.42745986      0.29484362      2.30000000    -10.00000000
     34.31438127     -0.00000000     -0.00000000      0.00000000      0.00000000      0.00000102     -3.23131505      0.00000132      0.37273384      8.51493413      0.00000000      0.99981680      0.24570038      0.50941779      0.50941779      0.42776046      0.27152666      2.30000000    -10.00000000
     34.48160535     -0.00000000     -0.00000000      0.00000000      0.00000000      0.00000097     -2.85196107      0.00000110      0.33100036      7.46930559      0.00000000      0.99981680      0.24650364      0.50937064      0.50937064      0.42805835      0.24868540      2.30000000    -10.00000000
     34.64882943     -0.00000000     -0.00000000      0.00000000      0.00000000      0.00000092     -2.49807974      0.00000089      0.29578687      6.41291100      0.00000000      0.99981680      0.24732080      0.50932398      0.50932398      0.42835473      0.22826815      2.30000000    -10.00000000
     34.81605351     -0.00000000     -0.00000000      0.00000000      0.00000000      0.00000088     -2.19392502      0.00000073      0.26860095      5.44700196      0.00000000      0.99981680      0.24809754      0.50927779      0.50927779      0.42864852      0.21173005      2.30000000    -10.00000000
     34.98327759     -0.00000000     -0.00000000      0.00000000      0.00000000      0.00000085     -1.94724823      0.00000059      0.24904702      4.62788748      0.00000000      0.99981680      0.24889275      0.50923206      0.50923206      0.42894014      0.19938963      2.30000000    -10.00000000
     35.15050167     -0.00000000     -0.00000000      0.00000000      0.00000000      0.00000082     -1.75421800      0.00000049      0.23573687      3.96790372      0.00000000      0.99981680      0.24964041      0.50918680      0.50918680      0.42922959      0.19076623      2.30000000    -10.00000000
     35.31772575     -0.00000000     -0.00000000      0.00000000      0.00000000      0.00000079     -1.60561901      0.00000041      0.22703661      3.45152177      0.00000000      0.99981680      0.25046759      0.50914198      0.50914198      0.42951685      0.18502839      2.30000000    -10.00000000
     35.48494983     -0.00000000     -0.00000000      0.00000000      0.00000000      0.00000077     -1.49145448      0.00000035      0.22149686      3.05262838      0.00000000      0.99981680      0.25124961      0.50909761      0.50909761      0.42980208      0.18133232      2.30000000    -10.00000000
     35.65217391     -0.00000000     -0.00000000      0.00000000      0.00000000      0.00000075     -1.40308606      0.00000031      0.21799972      2.74494842      0.00000000      0.99981680      0.25198863      0.50905367      0.50905367      0.43008514      0.17898175      2.30000000    -10.00000000
     35.81939799     -0.00000000     -0.00000000      0.00000000      0.00000000      0.00000073     -1.33377580      0.00000028      0.21575284      2.50628619      0.00000000      0.99981680      0.25280508      0.50901016      0.50901016      0.43036613      0.17746439      2.30000000    -10.00000000
     35.98662207     -0.00000000     -0.00000000      0.00000000      0.00000000      0.00000071     -1.27852209      0.00000025      0.21422628      2.31934439      0.00000000      0.99981680      0.25357583      0.50896708      0.50896708      0.43064710      0.17643028      2.30000000    -10.00000000
     36.15384615     -0.00000000     -0.00000000      0.00000000      0.00000000      0.00000070     -1.23369402      0.00000023      0.21308122      2.17115714      0.00000000      0.99981680      0.25436507      0.50892442      0.50892442      0.43092192      0.17565289      2.30000000    -10.00000000
     36.32107023     -0.00000000     -0.00000000      0.00000000      0.00000000      0.00000068     -1.19667441      0.00000021      0.21210954      2.05216993      0.00000000      0.99981680      0.25510817      0.50888216      0.50888216      0.43119675      0.17499206      2.30000000    -10.00000000
     36.48829431     -0.00000000     -0.00000000      0.00000000      0.00000000      0.00000067     -1.16557372      0.00000020      0.21118869      1.95537628      0.00000000      0.99981680      0.25587030      0.50884032      0.50884032      0.43146936      0.17436482      2.30000000    -10.00000000
     36.65551839     -0.00000000     -0.00000000      0.00000000      0.00000000      0.00000065     -1.13901869      0.00000018      0.21025034      1.87562707      0.00000000      0.99981680      0.25662879      0.50879887      0.50879887      0.43173993      0.17372467      2.30000000    -10.00000000
     36.82274247     -0.00000000     -0.00000000      0.00000000      0.00000000      0.00000064     -1.11600184      0.00000017      0.20925953      1.80911458      0.00000000      0.99981680      0.25738294      0.50875781      0.50875781      0.43200764      0.17304766      2.30000000    -10.00000000
     36.98996656     -0.00000000     -0.00000000      0.00000000      0.00000000      0.00000062     -1.09577596      0.00000017      0.20820127      1.75299901      0.00000000      0.99981680      0.25813389      0.50871714      0.50871714      0.43227575      0.17232333      2.30000000    -10.00000000
     37.15719064     -0.00000000     -0.00000000      0.00000000      0.00000000      0.00000061     -1.07778046      0.00000016      0.20707212      1.70514174      0.00000000      0.99981680      0.25888119      0.50867686      0.50867686      0.43254098      0.17154909      2.30000000    -10.00000000
     37.32441472     -0.00000000     -0.00000000      0.00000000      0.00000000      0.00000060     -1.06158975      0.00000015      0.20587501      1.66391568      0.00000000      0.99981680      0.25962519      0.50863695      0.50863695      0.43280445      0.17072665      2.30000000    -10.00000000
     37.49163880     -0.00000000     -0.00000000      0.00000000      0.00000000      0.00000059     -1.04687702      0.00000014      0.20461608      1.62806998      0.00000000      0.99981680      0.26038763      0.50859741      0.50859741      0.43308247      0.16986000      2.30000000    -10.00000000
     37.65886288     -0.00000000     -0.00000000      0.00000000      0.00000000      0.00000058     -1.03338844      0.00000014      0.20330290      1.59663316      0.00000000      0.99981680      0.26110397      0.50855824      0.50855824      0.43306288      0.16895405      2.30000000    -10.00000000
     37.82608696     -0.00000000     -0.00000000      0.00000000      0.00000000      0.00000056     -1.02092474      0.00000013      0.20194329      1.56884319      0.00000000      0.99981680      0.26183601      0.50851942      0.50851942      0.43358275      0.16801399      2.30000000    -10.00000000
     37.99331104     -0.00000000     -0.00000000      0.00000000      0.00000000      0.00000055     -1.00932783      0.00000013      0.20054487      1.54409651      0.00000000      0.99981680      0.26256859      0.50848097      0.50848097      0.43383816      0.16704488      2.30000000    -10.00000000
     38.16053512     -0.00000000     -0.00000000      0.00000000      0.00000000      0.00000054     -0.99847100      0.00000013      0.19911466      1.52191072      0.00000000      0.99981680      0.26329438      0.50844286      0.50844286      0.43409202      0.16605140      2.30000000    -10.00000000
     38.32775920     -0.00000000     -0.00000000      0.00000000      0.00000000      0.00000053     -0.98825181      0.00000012      0.19765902      1.50189687      0.00000000      0.99981680      0.26406988      0.50840510      0.50840510      0.43434408      0.16503781      2.30000000    -10.00000000
     38.49498328     -0.00000000     -0.00000000      0.00000000      0.00000000      0.00000052     -0.97858664      0.00000012      0.19618358      1.48373869      0.00000000      0.99981680      0.26474129      0.50836769      0.50836769      0.43459417      0.16400792      2.30000000    -10.00000000
     38.66220736     -0.00000000     -0.00000000      0.00000000      0.00000000      0.00000051     -0.96940665      0.00000011      0.19469329      1.46717704      0.00000000      0.99981680      0.26545767      0.50833060      0.50833060      0.43484625      0.16296508      2.30000000    -10.00000000
     38.82943144     -0.00000000     -0.00000000      0.00000000      0.00000000      0.00000050     -0.96065474      0.00000011      0.19319246      1.45199791      0.00000000      0.99981680      0.26617103      0.50829385      0.50829385      0.43508959      0.16191224      2.30000000    -10.00000000
     38.99665552     -0.00000000     -0.00000000      0.00000000      0.00000000      0.00000049     -0.95228314      0.00000011      0.19168483      1.43802340      0.00000000      0.99981680      0.26688134      0.50825743      0.50825743      0.43533490      0.16085195      2.30000000    -10.00000000
     39.16387960     -0.00000000     -0.00000000      0.00000000      0.00000000      0.00000049     -0.94425162      0.00000010      0.19017362      1.42510453      0.00000000      0.99981680      0.26758854      0.50822133      0.50822133      0.43557807      0.15978645      2.30000000    -10.00000000
     39.33110368     -0.00000000     -0.00000000      0.00000000      0.00000000      0.00000048     -0.93652606      0.00000010      0.18866159      1.41311583      0.00000000      0.99981680      0.26829261      0.50818555      0.50818555      0.43581943      0.15871766      2.30000000    -10.00000000
     39.49832776     -0.00000000     -0.00000000      0.00000000      0.00000000      0.00000047     -0.92907735      0.00000010      0.18715113      1.40195091      0.00000000      0.99981680      0.26905292      0.50815008      0.50815008      0.43605873      0.15764726      2.30000000    -10.00000000
     39.66555184     -0.00000000     -0.00000000      0.00000000      0.00000000      0.00000046     -0.92188044      0.00000010      0.18564426      1.39151912      0.00000000      0.99981680      0.26969033      0.50811493      0.50811493      0.43629757      0.15657670      2.30000000    -10.00000000
     39.83277592     -0.00000000     -0.00000000      0.00000000      0.00000000      0.00000045     -0.91491371      0.00000009      0.18414274      1.38174274      0.00000000      0.99981680      0.27038550      0.50808008      0.50808008      0.43653402      0.15550721      2.30000000    -10.00000000
     40.00000000     -0.00000000     -0.00000000      0.00000000      0.00000000      0.00000044     -0.90815837      0.00000009      0.18264803      1.37255479      0.00000000      0.99981680      0.27107656      0.50804553      0.50804553      0.43676880      0.15443989      2.30000000    -10.00000000
