    -10.00000000      0.00000000      0.00000000      0.00000000      0.00000000      0.01064137      0.00000109      0.00026778      0.00000000      0.34768420      0.99981459      0.99981459      0.50010044      0.50013458      0.50013458      0.49998312      0.00000000      1.10000000    -10.00000000
    -10.16722408      0.00000000      0.00000000      0.00000000      0.00000000      0.01068934     -0.01492283      0.00026917      0.00019456      0.34791642      1.00040737      0.99981459      0.48759332      0.50057669      0.50057669      0.49529696      0.00019452      1.10000000    -10.00000000
    -10.33444816      0.00000000      0.00000000      0.00000000      0.00000000      0.01073428     -0.02997884      0.00027421      0.00077400      0.35294562      1.00081697      0.99981459      0.47523028      0.50111866      0.50111866      0.49059849      0.00077341      1.10000000    -10.00000000
    -10.50167224      0.00000000      0.00000000      0.00000000      0.00000000      0.01077210     -0.04547683      0.00028265      0.00173400      0.36253706      1.00123066      0.99981459      0.46286327      0.50168442      0.50168442      0.48584042      0.00173100      1.10000000    -10.00000000
    -10.66889632      0.00000000      0.00000000      0.00000000      0.00000000      0.01082483     -0.06158963      0.00029457      0.00306671      0.37597960      1.00165054      0.99981459      0.45045958      0.50225276      0.50225276      0.48099231      0.00305733      1.10000000    -10.00000000
    -10.83612040      0.00000000      0.00000000      0.00000000      0.00000000      0.01089328     -0.07852087      0.00031005      0.00476565      0.39325048      1.00207874      0.99981459      0.43782208      0.50282648      0.50282648      0.47643799      0.00474305      1.10000000    -10.00000000
    -11.00334448      0.00000000      0.00000000      0.00000000      0.00000000      0.01097808     -0.09647467      0.00032921      0.00682818      0.41432703      1.00251749      0.99981459      0.42621331      0.50339604      0.50339604      0.47183839      0.00678187      1.10000000    -10.00000000
    -11.17056856      0.00000000      0.00000000      0.00000000      0.00000000      0.01108000     -0.11565421      0.00035219      0.00925781      0.43917339      1.00296910      0.99981459      0.41446445      0.50395942      0.50395942      0.46723819      0.00917289      1.10000000    -10.00000000
    -11.33779264      0.00000000      0.00000000      0.00000000      0.00000000      0.01119994     -0.13626060      0.00037915      0.01206600      0.46773366      1.00343601      0.99981459      0.40341405      0.50453450      0.50453450      0.46274399      0.01192215      1.10000000    -10.00000000
    -11.50501672      0.00000000      0.00000000      0.00000000      0.00000000      0.01133899     -0.15849131      0.00041028      0.01527311      0.49992497      1.00392079      0.99981459      0.39231987      0.50512820      0.50512820      0.45834347      0.01504336      1.10000000    -10.00000000
    -11.67224080      0.00000000      0.00000000      0.00000000      0.00000000      0.01149841     -0.18253814      0.00044576      0.01890880      0.53562975      1.00442619      0.99981459      0.38147445      0.50573044      0.50573044      0.45391894      0.01855790      1.10000000    -10.00000000
    -11.83946488      0.00000000      0.00000000      0.00000000      0.00000000      0.01167970     -0.20858448      0.00048581      0.02301197      0.57468731      1.00495512      0.99981459      0.37092912      0.50634916      0.50634916      0.44953808      0.02249434      1.10000000    -10.00000000
    -12.00668896      0.00000000      0.00000000      0.00000000      0.00000000      0.01188460     -0.23680197      0.00053063      0.02763044      0.61688516      1.00551075      0.99981459      0.36074701      0.50697924      0.50697924      0.44523079      0.02688753      1.10000000    -10.00000000
    -12.17391304      0.00000000      0.00000000      0.00000000      0.00000000      0.01211509     -0.26734639      0.00058043      0.03282048      0.66195009      1.00609648      0.99981459      0.35093290      0.50762384      0.50762384      0.44098883      0.03177753      1.10000000    -10.00000000
    -12.34113712      0.00000000      0.00000000      0.00000000      0.00000000      0.01237349     -0.30035283      0.00063543      0.03864633      0.70953970      1.00671600      0.99981459      0.34151797      0.50828389      0.50828389      0.43687970      0.03720836      1.10000000    -10.00000000
    -12.50836120      0.00000000      0.00000000      0.00000000      0.00000000      0.01266242     -0.33593011      0.00069582      0.04517969      0.75923486      1.00737334      0.99981459      0.33252450      0.50895767      0.50895767      0.43274734      0.04322672      1.10000000    -10.00000000
    -12.67558528      0.00000000      0.00000000      0.00000000      0.00000000      0.01298490     -0.37415459      0.00076175      0.05249919      0.81053367      1.00807289      0.99981459      0.32397307      0.50965539      0.50965539      0.42876348      0.04988050      1.10000000    -10.00000000
    -12.84280936      0.00000000      0.00000000      0.00000000      0.00000000      0.01334440     -0.41506329      0.00083336      0.06068983      0.86284792      1.00881947      0.99981459      0.31587582      0.51037098      0.51037098      0.42485937      0.05721732      1.10000000    -10.00000000
    -13.01003344      0.00000000      0.00000000      0.00000000      0.00000000      0.01374483     -0.45864677      0.00091075      0.06984231      0.91550256      1.00961834      0.99981459      0.30795605      0.51110756      0.51110756      0.42107611      0.06528281      1.10000000    -10.00000000
    -13.17725753      0.00000000      0.00000000      0.00000000      0.00000000      0.01419069     -0.50484173      0.00099395      0.08005226      0.96773935      1.01047533      0.99981459      0.30114276      0.51186673      0.51186673      0.41742720      0.07411888      1.10000000    -10.00000000
    -13.34448161      0.00000000      0.00000000      0.00000000      0.00000000      0.01468707     -0.55352389      0.00108291      0.09141915      1.01872523      1.01139682      0.99981459      0.29454245      0.51265094      0.51265094      0.41388314      0.08376172      1.10000000    -10.00000000
    -13.51170569      0.00000000      0.00000000      0.00000000      0.00000000      0.01523978     -0.60450137      0.00117754      0.10404501      1.06756620      1.01238988      0.99981459      0.28848087      0.51346138      0.51346138      0.41047755      0.09423983      1.10000000    -10.00000000
    -13.67892977      0.00000000      0.00000000      0.00000000      0.00000000      0.01585539     -0.65750924      0.00127762      0.11803276      1.11332681      1.01346229      0.99981459      0.28297739      0.51429458      0.51429458      0.40719513      0.10557183      1.10000000    -10.00000000
    -13.84615385      0.00000000      0.00000000      0.00000000      0.00000000      0.01654139     -0.71220544      0.00138285      0.13348398      1.15505569      1.01462269      0.99981459      0.27807279      0.51516740      0.51516740      0.40406568      0.11776433      1.10000000    -10.00000000
    -14.01337793      0.00000000      0.00000000      0.00000000      0.00000000      0.01730621     -0.76816888      0.00149284      0.15049626      1.19181606      1.01588059      0.99981459      0.27383191      0.51606593      0.51606593      0.40109746      0.13080986      1.10000000    -10.00000000
    -14.18060201      0.00000000      0.00000000      0.00000000      0.00000000      0.01815942     -0.82490012      0.00160705      0.16915976      1.22272044      1.01724653      0.99981459      0.27038751      0.51699646      0.51699646      0.39829448      0.14468490      1.10000000    -10.00000000
    -14.34782609      0.00000000      0.00000000      0.00000000      0.00000000      0.01911180     -0.88182493      0.00172488      0.18955317      1.24696767      1.01873219      0.99981459      0.26864847      0.51796036      0.51796036      0.39566920      0.15934821      1.10000000    -10.00000000
    -14.51505017      0.00000000      0.00000000      0.00000000      0.00000000      0.02017551     -0.93830119      0.00184557      0.21173864      1.26388023      1.02035047      0.99981459      0.26559512      0.51895853      0.51895853      0.39323276      0.17473953      1.10000000    -10.00000000
    -14.68227425      0.00000000      0.00000000      0.00000000      0.00000000      0.02136420     -0.99362907      0.00196832      0.23575588      1.27293890      1.02211563      0.99981459      0.26234298      0.51999043      0.51999043      0.39099713      0.19077868      1.10000000    -10.00000000
    -14.84949833      0.00000000      0.00000000      0.00000000      0.00000000      0.02269316     -1.04706446      0.00209219      0.26161517      1.27381228      1.02404344      0.99981459      0.25973418      0.52105710      0.52105710      0.38897543      0.20736527      1.10000000    -10.00000000
    -15.01672241      0.00000000      0.00000000      0.00000000      0.00000000      0.02417945     -1.09783520      0.00221621      0.28928929      1.26637830      1.02615132      0.99981459      0.25778677      0.52215635      0.52215635      0.38718152      0.22437888      1.10000000    -10.00000000
    -15.18394649      0.00000000      0.00000000      0.00000000      0.00000000      0.02584207     -1.14515945      0.00233934      0.31870435      1.25073541      1.02845845      0.99981459      0.25651080      0.52329147      0.52329147      0.38562881      0.24167991      1.10000000    -10.00000000
    -15.35117057      0.00000000      0.00000000      0.00000000      0.00000000      0.02770203     -1.18826560      0.00246053      0.34972959      1.22720237      1.03098599      0.99981459      0.25592105      0.52445190      0.52445190      0.38433816      0.25911086      1.10000000    -10.00000000
    -15.51839465      0.00000000      0.00000000      0.00000000      0.00000000      0.02978243     -1.22641224      0.00257871      0.38216638      1.19630519      1.03375714      0.99981459      0.25602768      0.52564084      0.52564084      0.38332181      0.27649810      1.10000000    -10.00000000
    -15.68561873      0.00000000      0.00000000      0.00000000      0.00000000      0.03210858     -1.25890782      0.00269285      0.41573736      1.15875151      1.03679738      0.99981459      0.25685024      0.52684901      0.52684901      0.38259677      0.29365430      1.10000000    -10.00000000
    -15.85284281      0.00000000      0.00000000      0.00000000      0.00000000      0.03470792     -1.28512999      0.00280192      0.45008073      1.11538604      1.04013455      0.99981459      0.25840594      0.52807639      0.52807639      0.38219402      0.31038322      1.10000000    -10.00000000
    -16.02006689      0.00000000      0.00000000      0.00000000      0.00000000      0.03761000     -1.30452171      0.00290513      0.48468827      1.06723883      1.04379900      0.99981459      0.26070945      0.52930786      0.52930786      0.38212274      0.32645794      1.10000000    -10.00000000
    -16.18729097      0.00000000      0.00000000      0.00000000      0.00000000      0.04084625     -1.31663823      0.00300158      0.51898944      1.01530355      1.04782369      0.99981459      0.26375577      0.53050067      0.53050067      0.38240756      0.34166758      1.10000000    -10.00000000
    -16.35451505      0.00000000      0.00000000      0.00000000      0.00000000      0.04444977     -1.32110521      0.00309081      0.55219745      0.96073125      1.05224425      0.99981459      0.26760350      0.53168456      0.53168456      0.38308492      0.35575207      1.10000000    -10.00000000
    -16.52173913      0.00000000      0.00000000      0.00000000      0.00000000      0.04845465     -1.31768904      0.00317196      0.58352044      0.90446405      1.05709905      0.99981459      0.27226028      0.53283284      0.53283284      0.38416852      0.36849568      1.10000000    -10.00000000
    -16.68896321      0.00000000      0.00000000      0.00000000      0.00000000      0.05289544     -1.30621980      0.00324491      0.61188573      0.84758587      1.06242910      0.99981459      0.27774641      0.53391932      0.53391932      0.38567005      0.37960863      1.10000000    -10.00000000
    -16.85618729      0.00000000      0.00000000      0.00000000      0.00000000      0.05780580     -1.28665214      0.00330937      0.63616645      0.79099373      1.06827799      0.99981459      0.28407584      0.53491795      0.53491795      0.38768238      0.38881524      1.10000000    -10.00000000
    -17.02341137      0.00000000      0.00000000      0.00000000      0.00000000      0.06321709     -1.25904286      0.00336512      0.65514451      0.73547079      1.07469169      0.99981459      0.29126146      0.53579776      0.53579776      0.39017522      0.39582315      1.10000000    -10.00000000
    -17.19063545      0.00000000      0.00000000      0.00000000      0.00000000      0.06915645     -1.22353977      0.00341210      0.66752941      0.68169056      1.08171822      0.99981459      0.29931826      0.53652257      0.53652257      0.39320620      0.40031043      1.10000000    -10.00000000
    -17.35785953      0.00000000      0.00000000      0.00000000      0.00000000      0.07564448     -1.18037262      0.00345032      0.67201528      0.63020322      1.08940723      0.99981459      0.30822758      0.53704328      0.53704328      0.39682874      0.40191934      1.10000000    -10.00000000
    -17.52508361      0.00000000      0.00000000      0.00000000      0.00000000      0.08269264     -1.12983901      0.00347990      0.66735254      0.58143253      1.09780938      0.99981459      0.31800174      0.53733334      0.53733334      0.40119464      0.40024681      1.10000000    -10.00000000
    -17.69230769      0.00000000      0.00000000      0.00000000      0.00000000      0.09030026     -1.07228981      0.00350104      0.65243772      0.53568169      1.10697558      0.99981459      0.32860726      0.53732257      0.53732257      0.40598386      0.39483347      1.10000000    -10.00000000
    -17.85953177      0.00000000      0.00000000      0.00000000      0.00000000      0.09845132     -1.00811490      0.00351396      0.62642286      0.49314426      1.11695607      0.99981459      0.34002567      0.53695890      0.53695890      0.41099833      0.38515375      1.10000000    -10.00000000
    -18.02675585      0.00000000      0.00000000      0.00000000      0.00000000      0.10711101     -0.93773062      0.00351895      0.58884400      0.45391805      1.12779925      0.99981459      0.35209250      0.53618457      0.53618457      0.41664779      0.37061159      1.10000000    -10.00000000
    -18.19397993      0.00000000      0.00000000      0.00000000      0.00000000      0.11622241     -0.86156906      0.00351632      0.53976437      0.41802042      1.13955039      0.99981459      0.36516744      0.53493279      0.53493279      0.42292110      0.35054998      1.10000000    -10.00000000
    -18.36120401      0.00000000      0.00000000      0.00000000      0.00000000      0.12570344     -0.78006914      0.00350642      0.47992348      0.38540355      1.15225011      0.99981459      0.37891392      0.53316074      0.53316074      0.42982309      0.32428939      1.10000000    -10.00000000
    -18.52842809      0.00000000      0.00000000      0.00000000      0.00000000      0.13544464     -0.69366933      0.00348959      0.41088009      0.35596836      1.16593274      0.99981459      0.39324821      0.53085762      0.53085762      0.43734398      0.29122254      1.10000000    -10.00000000
    -18.69565217      0.00000000      0.00000000      0.00000000      0.00000000      0.14530797     -0.60280091      0.00346619      0.33512569      0.32958057      1.18062463      0.99981459      0.40809986      0.52777820      0.52777820      0.44546399      0.25100685      1.10000000    -10.00000000
    -18.86287625      0.00000000      0.00000000      0.00000000      0.00000000      0.15512740     -0.50788366      0.00343656      0.25616283      0.30607925      1.19634231      0.99981459      0.42334743      0.52408856      0.52408856      0.45414518      0.20392486      1.10000000    -10.00000000
    -19.03010033      0.00000000      0.00000000      0.00000000      0.00000000      0.16471140     -0.40932157      0.00340101      0.17851217      0.28528763      1.21309084      0.99981459      0.43889150      0.51970841      0.51970841      0.46336863      0.15147249      1.10000000    -10.00000000
    -19.19732441      0.00000000      0.00000000      0.00000000      0.00000000      0.17384785     -0.30749940      0.00335983      0.10763729      0.26702215      1.23086216      0.99981459      0.45462749      0.51461486      0.51461486      0.47305858      0.09717738      1.10000000    -10.00000000
    -19.36454849      0.00000000      0.00000000      0.00000000      0.00000000      0.18231125     -0.20278021      0.00331329      0.04977695      0.25109866      1.24963378      0.99981459      0.47041952      0.50883609      0.50883609      0.48315854      0.04741669      1.10000000    -10.00000000
    -19.53177258      0.00000000      0.00000000      0.00000000      0.00000000      0.18987223     -0.09550335      0.00326158      0.01168134      0.23733731      1.26936776      0.99981459      0.48618833      0.50241549      0.50241549      0.49358886      0.01154646      1.10000000    -10.00000000
    -19.69899666      0.00000000      0.00000000      0.00000000      0.00000000      0.19630879      0.01401716      0.00320491      0.00026477      0.22556634      1.29001006      0.99981459      0.50182115      0.49542436      0.49542436      0.50422706      0.00026470      1.10000000    -10.00000000
    -19.86622074      0.00000000      0.00000000      0.00000000      0.00000000      0.20141843      0.12549372      0.00314339      0.02220073      0.21562453      1.31149053      0.99981459      0.51725314      0.48796165      0.48796165      0.51518007      0.02171857      1.10000000    -10.00000000
    -20.03344482      0.00000000      0.00000000      0.00000000      0.00000000      0.20503017      0.23866598      0.00307716      0.08349712      0.20736289      1.33372325      0.99981459      0.53244249      0.48015249      0.48015249      0.52622130      0.07706261      1.10000000    -10.00000000
    -20.20066890      0.00000000      0.00000000      0.00000000      0.00000000      0.20701537      0.35330121      0.00300631      0.18909604      0.20064545      1.35660764      0.99981459      0.54733592      0.47213160      0.47213160      0.53726205      0.15902504      1.10000000    -10.00000000
    -20.36789298      0.00000000      0.00000000      0.00000000      0.00000000      0.20729620      0.46919437      0.00293093      0.34254241      0.19534970      1.38002998      0.99981459      0.56191018      0.46405266      0.46405266      0.54821571      0.25514457      1.10000000    -10.00000000
    -20.53511706      0.00000000      0.00000000      0.00000000      0.00000000      0.20585075      0.58616752      0.00285115      0.54575702      0.19136640      1.40386547      0.99981459      0.57598601      0.45608509      0.45608509      0.55900097      0.35306779      1.10000000    -10.00000000
    -20.70234114      0.00000000      0.00000000      0.00000000      0.00000000      0.20271452      0.70406894      0.00276711      0.79893560      0.18859931      1.42798084      0.99981459      0.59014481      0.44837706      0.44837706      0.56954419      0.44411573      1.10000000    -10.00000000
    -20.86956522      0.00000000      0.00000000      0.00000000      0.00000000      0.19797783      0.82277151      0.00267903      1.10057710      0.18696466      1.45223721      0.99981459      0.60384314      0.44107723      0.44107723      0.57978118      0.52394035      1.10000000    -10.00000000
    -21.03678930      0.00000000      0.00000000      0.00000000      0.00000000      0.19177982      0.94217069      0.00258719      1.44762783      0.18639050      1.47649320      0.99981459      0.61729259      0.43431374      0.43431374      0.58965731      0.59144115      1.10000000    -10.00000000
    -21.20401338      0.00000000      0.00000000      0.00000000      0.00000000      0.18429946      1.06218190      0.00249195      1.83571418      0.18681607      1.50060826      0.99981459      0.63051380      0.42819397      0.42819397      0.59913230      0.64735515      1.10000000    -10.00000000
    -21.37123746      0.00000000      0.00000000      0.00000000      0.00000000      0.17574465      1.18273759      0.00239377      2.25942994      0.18819125      1.52444588      0.99981459      0.64353609      0.42279133      0.42279133      0.60817156      0.69319788      1.10000000    -10.00000000
    -21.53846154      0.00000000      0.00000000      0.00000000      0.00000000      0.16634052      1.30378387      0.00229319      2.71264270      0.19047594      1.54787663      0.99981459      0.65636696      0.41815853      0.41815853      0.61675350      0.73065008      1.10000000    -10.00000000
    -21.70568562      0.00000000      0.00000000      0.00000000      0.00000000      0.15631784      1.42527711      0.00219081      3.18878854      0.19363970      1.57078098      0.99981459      0.66901016      0.41431644      0.41431644      0.62486595      0.76126749      1.10000000    -10.00000000
    -21.87290970      0.00000000      0.00000000      0.00000000      0.00000000      0.14590253      1.54718038      0.00208731      3.68113114      0.19766151      1.59305162      0.99981459      0.68145760      0.41126160      0.41126160      0.63250300      0.78637642      1.10000000    -10.00000000
    -22.04013378      0.00000000      0.00000000      0.00000000      0.00000000      0.13530673      1.66946005      0.00198340      4.18297097      0.20252970      1.61459526      0.99981459      0.69369338      0.40896786      0.40896786      0.63966659      0.80706047      1.10000000    -10.00000000
    -22.20735786      0.00000000      0.00000000      0.00000000      0.00000000      0.12472206      1.79208262      0.00187981      4.68779883      0.20824213      1.63533387      0.99981459      0.70569530      0.40738907      0.40738907      0.64636394      0.82418506      1.10000000    -10.00000000
    -22.37458194      0.00000000      0.00000000      0.00000000      0.00000000      0.11431499      1.91501184      0.00177726      5.18939702      0.21480656      1.65520530      0.99981459      0.71743384      0.40644074      0.40644074      0.65260672      0.83843337      1.10000000    -10.00000000
    -22.54180602      0.00000000      0.00000000      0.00000000      0.00000000      0.10422434      2.03820649      0.00167647      5.68189813      0.22224113      1.67416331      0.99981459      0.72888550      0.40616222      0.40616222      0.65841009      0.85034193      1.10000000    -10.00000000
    -22.70903010      0.00000000      0.00000000      0.00000000      0.00000000      0.09456057      2.16161871      0.00157806      6.15981678      0.23057483      1.69217704      0.99981459      0.74001381      0.40637059      0.40637059      0.66379178      0.86033162      1.10000000    -10.00000000
    -22.87625418      0.00000000      0.00000000      0.00000000      0.00000000      0.08540671      2.28519306      0.00148262      6.61806990      0.23984792      1.70923012      0.99981459      0.75079344      0.40703327      0.40703327      0.66877135      0.86873316      1.10000000    -10.00000000
    -23.04347826      0.00000000      0.00000000      0.00000000      0.00000000      0.07682035      2.40886613      0.00139063      7.05199643      0.25011213      1.72531930      0.99981459      0.76119907      0.40807987      0.40807987      0.67338255      0.87580720      1.10000000    -10.00000000
    -23.21070234      0.00000000      0.00000000      0.00000000      0.00000000      0.06883643      2.53256630      0.00130250      7.45737716      0.26143098      1.74045296      0.99981459      0.77123173      0.40944348      0.40944348      0.67760785      0.88176003      1.10000000    -10.00000000
    -23.37792642      0.00000000      0.00000000      0.00000000      0.00000000      0.06147051      2.65621339      0.00121851      7.83044672      0.27388036      1.75464942      0.99981459      0.78083074      0.41106204      0.41106204      0.68150787      0.88675545      1.10000000    -10.00000000
    -23.54515050      0.00000000      0.00000000      0.00000000      0.00000000      0.05472210      2.77971758      0.00113888      8.16788776      0.28754982      1.76793522      0.99981459      0.78999152      0.41288048      0.41288048      0.68509125      0.89092362      1.10000000    -10.00000000
    -23.71237458      0.00000000      0.00000000      0.00000000      0.00000000      0.04857800      2.90297795      0.00106373      8.46680645      0.30254456      1.78034344      0.99981459      0.79874436      0.41485253      0.41485253      0.68837753      0.89436776      1.10000000    -10.00000000
    -23.87959866      0.00000000      0.00000000      0.00000000      0.00000000      0.04301533      3.02588070      0.00099311      8.72470246      0.31898810      1.79191212      0.99981459      0.80706996      0.41692042      0.41692042      0.69139177      0.89716909      1.10000000    -10.00000000
    -24.04682274      0.00000000      0.00000000      0.00000000      0.00000000      0.03800420      3.14829786      0.00092703      8.93945621      0.33702494      1.80268282      0.99981459      0.81497021      0.41906087      0.41906087      0.69414928      0.89939087      1.10000000    -10.00000000
    -24.21404682      0.00000000      0.00000000      0.00000000      0.00000000      0.03351006      3.27008692      0.00086542      9.10935636      0.35682265      1.81269934      0.99981459      0.82245196      0.42123624      0.42123624      0.69667013      0.90108173      1.10000000    -10.00000000
    -24.38127090      0.00000000      0.00000000      0.00000000      0.00000000      0.02949557      3.39109198      0.00080818      9.23318005      0.37857274      1.82200664      0.99981459      0.82951237      0.42340951      0.42340951      0.69897292      0.90227867      1.10000000    -10.00000000
    -24.54849498      0.00000000      0.00000000      0.00000000      0.00000000      0.02592219      3.51114642      0.00075514      9.31032305      0.40248958      1.83064988      0.99981459      0.83620599      0.42559944      0.42559944      0.70107398      0.90300983      1.10000000    -10.00000000
    -24.71571906      0.00000000      0.00000000      0.00000000      0.00000000      0.02275136      3.63007726      0.00070611      9.34095667      0.42880702      1.83867370      0.99981459      0.84251791      0.42775993      0.42775993      0.70298797      0.90329715      1.10000000    -10.00000000
    -24.88294314      0.00000000      0.00000000      0.00000000      0.00000000      0.01994541      3.74771036      0.00066084      9.32616742      0.45777318      1.84612167      0.99981459      0.84846636      0.42987738      0.42987738      0.70473221      0.90315865      1.10000000    -10.00000000
    -25.05016722      0.00000000      0.00000000      0.00000000      0.00000000      0.01746830      3.86387536      0.00061906      9.26802453      0.48964413      1.85303575      0.99981459      0.85405979      0.43193964      0.43193964      0.70631823      0.90261028      1.10000000    -10.00000000
    -25.21739130      0.00000000      0.00000000      0.00000000      0.00000000      0.01528604      3.97840887      0.00058048      9.16952967      0.52467851      1.85945605      0.99981459      0.85931827      0.43393457      0.43393457      0.70775925      0.90166704      1.10000000    -10.00000000
    -25.38461538      0.00000000      0.00000000      0.00000000      0.00000000      0.01336698      4.09115472      0.00054481      9.03443761      0.56313458      1.86542059      0.99981459      0.86428613      0.43588635      0.43588635      0.70906845      0.90034319      1.10000000    -10.00000000
    -25.55183946      0.00000000      0.00000000      0.00000000      0.00000000      0.01168203      4.20196102      0.00051176      8.86698147      0.60527084      1.87096512      0.99981459      0.86895810      0.43776816      0.43776816      0.71025195      0.89865188      1.10000000    -10.00000000
    -25.71906355      0.00000000      0.00000000      0.00000000      0.00000000      0.01020464      4.31067476      0.00048108      8.67156850      0.65134992      1.87612312      0.99981459      0.87335144      0.43957766      0.43957766      0.71132614      0.89660415      1.10000000    -10.00000000
    -25.88628763      0.00000000      0.00000000      0.00000000      0.00000000      0.00891076      4.41713542      0.00045251      8.45251500      0.70164428      1.88092577      0.99981459      0.87748262      0.44131351      0.44131351      0.71229393      0.89420805      1.10000000    -10.00000000
    -26.05351171      0.00000000      0.00000000      0.00000000      0.00000000      0.00777879      4.52116935      0.00042588      8.21386421      0.75644184      1.88540197      0.99981459      0.88136669      0.44297524      0.44297524      0.71316445      0.89146790      1.10000000    -10.00000000
    -26.22073579      0.00000000      0.00000000      0.00000000      0.00000000      0.00678935      4.62258568      0.00040100      7.95929573      0.81605007      1.88957844      0.99981459      0.88501411      0.44455648      0.44455648      0.71394984      0.88838408      1.10000000    -10.00000000
    -26.38795987      0.00000000      0.00000000      0.00000000      0.00000000      0.00592520      4.72117419      0.00037773      7.69210807      0.88079772      1.89347978      0.99981459      0.88844711      0.44606962      0.44606962      0.71465304      0.88495311      1.10000000    -10.00000000
    -26.55518395      0.00000000      0.00000000      0.00000000      0.00000000      0.00517097      4.81670478      0.00035593      7.41524491      0.95103405      1.89712860      0.99981459      0.89171251      0.44754814      0.44754814      0.71528126      0.88116805      1.10000000    -10.00000000
    -26.72240803      0.00000000      0.00000000      0.00000000      0.00000000      0.00451308      4.90892803      0.00033550      7.13133852      1.02712615      1.90054564      0.99981459      0.89478793      0.44895964      0.44895964      0.71583992      0.87701902      1.10000000    -10.00000000
    -26.88963211      0.00000000      0.00000000      0.00000000      0.00000000      0.00393949      4.99757622      0.00031634      6.84275276      1.10945454      1.90374986      0.99981459      0.89768924      0.45030694      0.45030694      0.71633427      0.87249375      1.10000000    -10.00000000
    -27.05685619      0.00000000      0.00000000      0.00000000      0.00000000      0.00343960      5.08236464      0.00029834      6.55161823      1.19840764      1.90675860      0.99981459      0.90042813      0.45159293      0.45159293      0.71676892      0.86757805      1.10000000    -10.00000000
    -27.22408027      0.00000000      0.00000000      0.00000000      0.00000000      0.00300409      5.16299290      0.00028143      6.25985731      1.29437504      1.90958770      0.99981459      0.90301341      0.45282055      0.45282055      0.71715770      0.86225625      1.10000000    -10.00000000
    -27.39130435      0.00000000      0.00000000      0.00000000      0.00000000      0.00262474      5.23914626      0.00026553      5.96920120      1.39773982      1.91225158      0.99981459      0.90545744      0.45399268      0.45399268      0.71747574      0.85651153      1.10000000    -10.00000000
    -27.55852843      0.00000000      0.00000000      0.00000000      0.00000000      0.00229436      5.31049711      0.00025056      5.68120147      1.50886947      1.91476340      0.99981459      0.90776891      0.45511215      0.45511215      0.71775529      0.85032632      1.10000000    -10.00000000
    -27.72575251      0.00000000      0.00000000      0.00000000      0.00000000      0.00200666      5.37670660      0.00023646      5.39723810      1.62810574      1.91713514      0.99981459      0.90995698      0.45618170      0.45618170      0.71798987      0.84368254      1.10000000    -10.00000000
    -27.89297659      0.00000000      0.00000000      0.00000000      0.00000000      0.00175613      5.43742658      0.00022316      5.11852623      1.75575287      1.91937772      0.99981459      0.91202949      0.45720395      0.45720395      0.71818247      0.83656195      1.10000000    -10.00000000
    -28.06020067      0.00000000      0.00000000      0.00000000      0.00000000      0.00153795      5.49230192      0.00021061      4.84612244      1.89206448      1.92150108      0.99981459      0.91399412      0.45818159      0.45818159      0.71833570      0.82894645      1.10000000    -10.00000000
    -28.22742475      0.00000000      0.00000000      0.00000000      0.00000000      0.00134792      5.54097329      0.00019875      4.58093135      2.03722895      1.92351427      0.99981459      0.91585783      0.45911692      0.45911692      0.71845676      0.82081844      1.10000000    -10.00000000
    -28.39464883      0.00000000      0.00000000      0.00000000      0.00000000      0.00118238      5.58308044      0.00018753      4.32371279      2.19135350      1.92542552      0.99981459      0.91762711      0.46001230      0.46001230      0.71853346      0.81216117      1.10000000    -10.00000000
    -28.56187291      0.00000000      0.00000000      0.00000000      0.00000000      0.00103814      5.61826606      0.00017691      4.07508973      2.35444710      1.92724236      0.99981459      0.91930769      0.46086994      0.46086994      0.71858219      0.80295915      1.10000000    -10.00000000
    -28.72909699      0.00000000      0.00000000      0.00000000      0.00000000      0.00091243      5.64618023      0.00016684      3.83555675      2.52640266      1.92897163      0.99981459      0.92090530      0.46169193      0.46169193      0.71860001      0.79319858      1.10000000    -10.00000000
    -28.89632107      0.00000000      0.00000000      0.00000000      0.00000000      0.00080281      5.66648538      0.00015729      3.60548921      2.70697880      1.93061957      0.99981459      0.92242488      0.46248023      0.46248023      0.71858541      0.78286780      1.10000000    -10.00000000
    -29.06354515      0.00000000      0.00000000      0.00000000      0.00000000      0.00070720      5.67886196      0.00014822      3.38515270      2.89578204      1.93219190      0.99981459      0.92387087      0.46323675      0.46323675      0.71854947      0.77195777      1.10000000    -10.00000000
    -29.23076923      0.00000000      0.00000000      0.00000000      0.00000000      0.00062376      5.68301447      0.00013960      3.17471284      3.09224991      1.93369380      0.99981459      0.92524824      0.46396314      0.46396314      0.71848420      0.76046257      1.10000000    -10.00000000
    -29.39799331      0.00000000      0.00000000      0.00000000      0.00000000      0.00055090      5.67867807      0.00013141      2.97424511      3.29563609      1.93513005      0.99981459      0.92656029      0.46466114      0.46466114      0.71839393      0.74837989      1.10000000    -10.00000000
    -29.56521739      0.00000000      0.00000000      0.00000000      0.00000000      0.00048725      5.66562533      0.00012361      2.78374434      3.50499873      1.93650500      0.99981459      0.92781092      0.46533225      0.46533225      0.71827996      0.73571153      1.10000000    -10.00000000
    -29.73244147      0.00000000      0.00000000      0.00000000      0.00000000      0.00043160      5.64367345      0.00011618      2.60313480      3.71919206      1.93782264      0.99981459      0.92899153      0.46597794      0.46597794      0.71814337      0.72246389      1.10000000    -10.00000000
    -29.89966555      0.00000000      0.00000000      0.00000000      0.00000000      0.00038291      5.61269115      0.00010911      2.43227885      3.93686421      1.93908662      0.99981459      0.93014115      0.46659957      0.46659957      0.71798530      0.70864838      1.10000000    -10.00000000
    -30.06688963      0.00000000      0.00000000      0.00000000      0.00000000      0.00034028      5.57260549      0.00010237      2.27098603      4.15646037      1.94030031      0.99981459      0.93122677      0.46719840      0.46719840      0.71780663      0.69428179      1.10000000    -10.00000000
    -30.23411371      0.00000000      0.00000000      0.00000000      0.00000000      0.00030293      5.52340824      0.00009595      2.11902120      4.37623358      1.94146678      0.99981459      0.93226306      0.46777565      0.46777565      0.71760832      0.67938660      1.10000000    -10.00000000
    -30.40133779      0.00000000      0.00000000      0.00000000      0.00000000      0.00027017      5.46516142      0.00008984      1.97611235      4.59426312      1.94258888      0.99981459      0.93325249      0.46833243      0.46833243      0.71739142      0.66399118      1.10000000    -10.00000000
    -30.56856187      0.00000000      0.00000000      0.00000000      0.00000000      0.00024140      5.39800190      0.00008401      1.84195769      4.80848122      1.94366922      0.99981459      0.93419734      0.46886981      0.46886981      0.71715607      0.64812988      1.10000000    -10.00000000
    -30.73578595      0.00000000      0.00000000      0.00000000      0.00000000      0.00021612      5.32214464      0.00007847      1.71623217      5.01670794      1.94471021      0.99981459      0.93509971      0.46938875      0.46938875      0.71690368      0.63184296      1.10000000    -10.00000000
    -30.90301003      0.00000000      0.00000000      0.00000000      0.00000000      0.00019388      5.23788448      0.00007320      1.59859334      5.21669374      1.94571407      0.99981459      0.93596166      0.46989020      0.46989020      0.71663474      0.61517642      1.10000000    -10.00000000
    -31.07023411      0.00000000      0.00000000      0.00000000      0.00000000      0.00017429      5.14559615      0.00006819      1.48868671      5.40616870      1.94668287      0.99981459      0.93678494      0.47037502      0.47037502      0.71634992      0.59818164      1.10000000    -10.00000000
    -31.23745819      0.00000000      0.00000000      0.00000000      0.00000000      0.00015701      5.04573238      0.00006344      1.38615034      5.58289678      1.94761850      0.99981459      0.93757128      0.47084403      0.47084403      0.71604984      0.58091492      1.10000000    -10.00000000
    -31.40468227      0.00000000      0.00000000      0.00000000      0.00000000      0.00014174      4.93882012      0.00005894      1.29061902      5.74473326      1.94852273      0.99981459      0.93832230      0.47129798      0.47129798      0.71573509      0.56343679      1.10000000    -10.00000000
    -31.57190635      0.00000000      0.00000000      0.00000000      0.00000000      0.00012825      4.82545470      0.00005467      1.20172774      5.88968283      1.94939720      0.99981459      0.93903943      0.47173761      0.47173761      0.71540620      0.54581124      1.10000000    -10.00000000
    -31.73913043      0.00000000      0.00000000      0.00000000      0.00000000      0.00011630      4.70629223      0.00005064      1.11911489      6.01595552      1.95024343      0.99981459      0.93972407      0.47216357      0.47216357      0.71506385      0.52810487      1.10000000    -10.00000000
    -31.90635452      0.00000000      0.00000000      0.00000000      0.00000000      0.00010570      4.58204021      0.00004683      1.04242467      6.12201823      1.95106284      0.99981459      0.94037817      0.47257652      0.47257652      0.71470838      0.51038586      1.10000000    -10.00000000
    -32.07357860      0.00000000      0.00000000      0.00000000      0.00000000      0.00009628      4.45344679      0.00004325      0.97130936      6.20663877      1.95185675      0.99981459      0.94100098      0.47297704      0.47297704      0.71434046      0.49272295      1.10000000    -10.00000000
    -32.24080268      0.00000000      0.00000000      0.00000000      0.00000000      0.00008790      4.32128895      0.00003988      0.90543100      6.26892055      1.95262638      0.99981459      0.94159555      0.47336570      0.47336570      0.71400022      0.47518435      1.10000000    -10.00000000
    -32.40802676      0.00000000      0.00000000      0.00000000      0.00000000      0.00008043      4.18635993      0.00003672      0.84446279      6.30832589      1.95337289      0.99981459      0.94216231      0.47374302      0.47374302      0.71356875      0.45783672      1.10000000    -10.00000000
    -32.57525084      0.00000000      0.00000000      0.00000000      0.00000000      0.00007376      4.04945640      0.00003377      0.78809020      6.32468701      1.95409735      0.99981459      0.94270222      0.47410950      0.47410950      0.71316589      0.44074410      1.10000000    -10.00000000
    -32.74247492      0.00000000      0.00000000      0.00000000      0.00000000      0.00006780      3.91136584      0.00003100      0.73601171      6.31820424      1.95480076      0.99981459      0.94319383      0.47446561      0.47446561      0.71275229      0.42396702      1.10000000    -10.00000000
    -32.90969900      0.00000000      0.00000000      0.00000000      0.00000000      0.00006245      3.77285432      0.00002843      0.68793939      6.28943171      1.95548407      0.99981459      0.94370521      0.47481180      0.47481180      0.71232828      0.40756166      1.10000000    -10.00000000
    -33.07692308      0.00000000      0.00000000      0.00000000      0.00000000      0.00005765      3.63465533      0.00002603      0.64359917      6.23925161      1.95614816      0.99981459      0.94416995      0.47514849      0.47514849      0.71189443      0.39157915      1.10000000    -10.00000000
    -33.24414716      0.00000000      0.00000000      0.00000000      0.00000000      0.00005333      3.49745968      0.00002381      0.60273104      6.16883830      1.95679387      0.99981459      0.94461123      0.47547605      0.47547605      0.71145078      0.37606499      1.10000000    -10.00000000
    -33.41137124      0.00000000      0.00000000      0.00000000      0.00000000      0.00004944      3.36190682      0.00002175      0.56508895      6.07961446      1.95742197      0.99981459      0.94502976      0.47579488      0.47579488      0.71099805      0.36105868      1.10000000    -10.00000000
    -33.57859532      0.00000000      0.00000000      0.00000000      0.00000000      0.00004592      3.22857759      0.00001985      0.53044069      5.97320108      1.95803320      0.99981459      0.94542626      0.47610533      0.47610533      0.71053632      0.34659343      1.10000000    -10.00000000
    -33.74581940      0.00000000      0.00000000      0.00000000      0.00000000      0.00004274      3.09798846      0.00001810      0.49856758      5.85136340      1.95862825      0.99981459      0.94580134      0.47640772      0.47640772      0.71006611      0.33269609      1.10000000    -10.00000000
    -33.91304348      0.00000000      0.00000000      0.00000000      0.00000000      0.00003985      2.97058698      0.00001649      0.46926407      5.71595442      1.95920779      0.99981459      0.94616976      0.47670237      0.47670237      0.70958784      0.31938715      1.10000000    -10.00000000
    -34.08026756      0.00000000      0.00000000      0.00000000      0.00000000      0.00003723      2.84674819      0.00001501      0.44233727      5.56885720      1.95977241      0.99981459      0.94648968      0.47698959      0.47698959      0.70910134      0.30668089      1.10000000    -10.00000000
    -34.24749164      0.00000000      0.00000000      0.00000000      0.00000000      0.00003484      2.72677142      0.00001365      0.41760640      5.41192578      1.96032271      0.99981459      0.94680403      0.47726966      0.47726966      0.70860747      0.29458558      1.10000000    -10.00000000
    -34.41471572      0.00000000      0.00000000      0.00000000      0.00000000      0.00003266      2.61087659      0.00001240      0.39490210      5.24692378      1.96085925      0.99981459      0.94709923      0.47754284      0.47754284      0.70810786      0.28310381      1.10000000    -10.00000000
    -34.58193980      0.00000000      0.00000000      0.00000000      0.00000000      0.00003067      2.49919887      0.00001127      0.37406577      5.07545717      1.96138254      0.99981459      0.94737412      0.47780940      0.47780940      0.70759809      0.27223280      1.10000000    -10.00000000
    -34.74916388      0.00000000      0.00000000      0.00000000      0.00000000      0.00002884      2.39177963      0.00001023      0.35494878      4.89889520      1.96189307      0.99981459      0.94763407      0.47806957      0.47806957      0.70708196      0.26196472      1.10000000    -10.00000000
    -34.91638796      0.00000000      0.00000000      0.00000000      0.00000000      0.00002716      2.28855120      0.00000927      0.33741162      4.71826945      1.96239133      0.99981459      0.94787460      0.47832359      0.47832359      0.70656194      0.25228704      1.10000000    -10.00000000
    -35.08361204      0.00000000      0.00000000      0.00000000      0.00000000      0.00002561      2.18931179      0.00000841      0.32132321      4.53413705      1.96287775      0.99981459      0.94809780      0.47857168      0.47857168      0.70603448      0.24318290      1.10000000    -10.00000000
    -35.25083612      0.00000000      0.00000000      0.00000000      0.00000000      0.00002419      2.09368713      0.00000761      0.30656046      4.34639241      1.96335276      0.99981459      0.94830404      0.47881405      0.47881405      0.70550126      0.23463167      1.10000000    -10.00000000
    -35.41806020      0.00000000      0.00000000      0.00000000      0.00000000      0.00002287      2.00107907      0.00000688      0.29300903      4.15402394      1.96381677      0.99981459      0.94849372      0.47905090      0.47905090      0.70495917      0.22661020      1.10000000    -10.00000000
    -35.58528428      0.00000000      0.00000000      0.00000000      0.00000000      0.00002164      1.91061537      0.00000620      0.28056694      3.95486391      1.96427015      0.99981459      0.94866720      0.47928242      0.47928242      0.70436125      0.21909588      1.10000000    -10.00000000
    -35.75250836      0.00000000      0.00000000      0.00000000      0.00000000      0.00002050      1.82115194      0.00000556      0.26915445      3.74552157      1.96471327      0.99981459      0.94882484      0.47950878      0.47950878      0.70386932      0.21207384      1.10000000    -10.00000000
    -35.91973244      0.00000000      0.00000000      0.00000000      0.00000000      0.00001944      1.73144454      0.00000496      0.25873457      3.52195844      1.96514649      0.99981459      0.94896697      0.47973017      0.47973017      0.70331400      0.20555133      1.10000000    -10.00000000
    -36.08695652      0.00000000      0.00000000      0.00000000      0.00000000      0.00001844      1.64065239      0.00000438      0.24934303      3.28138687      1.96557013      0.99981459      0.94909389      0.47994675      0.47994675      0.70272320      0.19957932      1.10000000    -10.00000000
    -36.25418060      0.00000000      0.00000000      0.00000000      0.00000000      0.00001751      1.54917773      0.00000383      0.24110542      3.02563841      1.96598451      0.99981459      0.94920594      0.48015867      0.48015867      0.70219299      0.19426667      1.10000000    -10.00000000
    -36.42140468      0.00000000      0.00000000      0.00000000      0.00000000      0.00001664      1.46008758      0.00000333      0.23418225      2.76710314      1.96638994      0.99981459      0.94930341      0.48036610      0.48036610      0.70162360      0.18974690      1.10000000    -10.00000000
    -36.58862876      0.00000000      0.00000000      0.00000000      0.00000000      0.00001583      1.37545588      0.00000288      0.22865592      2.51496759      1.96678670      0.99981459      0.94938658      0.48056920      0.48056920      0.70105185      0.18610248      1.10000000    -10.00000000
    -36.75585284      0.00000000      0.00000000      0.00000000      0.00000000      0.00001508      1.29973677      0.00000250      0.22439016      2.28838196      1.96717507      0.99981459      0.94945575      0.48076808      0.48076808      0.70047637      0.18326688      1.10000000    -10.00000000
    -36.92307692      0.00000000      0.00000000      0.00000000      0.00000000      0.00001438      1.23475362      0.00000218      0.22103395      2.09663647      1.96755531      0.99981459      0.94951117      0.48096287      0.48096287      0.69989722      0.18102195      1.10000000    -10.00000000
    -37.09030100      0.00000000      0.00000000      0.00000000      0.00000000      0.00001374      1.18036873      0.00000193      0.21817491      1.94111871      1.96792769      0.99981459      0.94955303      0.48115369      0.48115369      0.69931433      0.17909982      1.10000000    -10.00000000
    -37.25752508      0.00000000      0.00000000      0.00000000      0.00000000      0.00001314      1.13520545      0.00000173      0.21548250      1.81785165      1.96829243      0.99981459      0.94958165      0.48134067      0.48134067      0.69872878      0.17728145      1.10000000    -10.00000000
    -37.42474916      0.00000000      0.00000000      0.00000000      0.00000000      0.00001258      1.09749172      0.00000157      0.21275938      1.72081944      1.96864978      0.99981459      0.94959733      0.48152392      0.48152392      0.69813634      0.17543412      1.10000000    -10.00000000
    -37.59197324      0.00000000      0.00000000      0.00000000      0.00000000      0.00001205      1.06557129      0.00000143      0.20992044      1.64411355      1.96899996      0.99981459      0.94960000      0.48170356      0.48170356      0.69754833      0.17349937      1.10000000    -10.00000000
    -37.75919732      0.00000000      0.00000000      0.00000000      0.00000000      0.00001155      1.03809319      0.00000132      0.20695007      1.58280937      1.96934318      0.99981459      0.94959022      0.48187970      0.48187970      0.69695406      0.17146531      1.10000000    -10.00000000
    -37.92642140      0.00000000      0.00000000      0.00000000      0.00000000      0.00001109      1.01402480      0.00000123      0.20386659      1.53310745      1.96967964      0.99981459      0.94960128      0.48205243      0.48205243      0.69635854      0.16934318      1.10000000    -10.00000000
    -38.09364548      0.00000000      0.00000000      0.00000000      0.00000000      0.00001064      0.99259951      0.00000115      0.20070041      1.49218051      1.97000955      0.99981459      0.94953375      0.48222186      0.48222186      0.69575811      0.16715278      1.10000000    -10.00000000
    -38.26086957      0.00000000      0.00000000      0.00000000      0.00000000      0.00001023      0.97325341      0.00000108      0.19748291      1.45795411      1.97033309      0.99981459      0.94948748      0.48238809      0.48238809      0.69515684      0.16491502      1.10000000    -10.00000000
    -38.42809365      0.00000000      0.00000000      0.00000000      0.00000000      0.00000983      0.95557087      0.00000102      0.19424186      1.42890872      1.97065045      0.99981459      0.94942933      0.48255120      0.48255120      0.69455357      0.16264868      1.10000000    -10.00000000
    -38.59531773      0.00000000      0.00000000      0.00000000      0.00000000      0.00000945      0.93924284      0.00000096      0.19099998      1.40392521      1.97096180      0.99981459      0.94935993      0.48271128      0.48271128      0.69393302      0.16036942      1.10000000    -10.00000000
    -38.76254181      0.00000000      0.00000000      0.00000000      0.00000000      0.00000910      0.92403678      0.00000091      0.18777513      1.38217159      1.97126731      0.99981459      0.94927895      0.48286842      0.48286842      0.69334177      0.15808980      1.10000000    -10.00000000
    -38.92976589      0.00000000      0.00000000      0.00000000      0.00000000      0.00000876      0.90977520      0.00000086      0.18458090      1.36302219      1.97156714      0.99981459      0.94918681      0.48302270      0.48302270      0.69281615      0.15581958      1.10000000    -10.00000000
    -39.09698997      0.00000000      0.00000000      0.00000000      0.00000000      0.00000843      0.89632062      0.00000082      0.18142746      1.34600064      1.97186144      0.99981459      0.94908366      0.48317419      0.48317419      0.69212356      0.15356631      1.10000000    -10.00000000
    -39.26421405      0.00000000      0.00000000      0.00000000      0.00000000      0.00000812      0.88356498      0.00000078      0.17832220      1.33073958      1.97215038      0.99981459      0.94896965      0.48332298      0.48332298      0.69151251      0.15133569      1.10000000    -10.00000000
    -39.43143813      0.00000000      0.00000000      0.00000000      0.00000000      0.00000783      0.87142207      0.00000075      0.17527042      1.31695217      1.97243408      0.99981459      0.94884498      0.48346914      0.48346914      0.69090042      0.14913199      1.10000000    -10.00000000
    -39.59866221      0.00000000      0.00000000      0.00000000      0.00000000      0.00000755      0.85982216      0.00000071      0.17227573      1.30441166      1.97271271      0.99981459      0.94870980      0.48361273      0.48361273      0.69028729      0.14695837      1.10000000    -10.00000000
    -39.76588629      0.00000000      0.00000000      0.00000000      0.00000000      0.00000728      0.84870809      0.00000068      0.16934053      1.29293673      1.97298637      0.99981459      0.94856428      0.48375382      0.48375382      0.68967326      0.14481712      1.10000000    -10.00000000
    -39.93311037      0.00000000      0.00000000      0.00000000      0.00000000      0.00000702      0.83803242      0.00000065      0.16646623      1.28238077      1.97325522      0.99981459      0.94840857      0.48389248      0.48389248      0.68905848      0.14270986      1.10000000    -10.00000000
    -40.10033445      0.00000000      0.00000000      0.00000000      0.00000000      0.00000678      0.82775532      0.00000062      0.16365352      1.27262400      1.97351936      0.99981459      0.94824288      0.48402877      0.48402877      0.68844319      0.14063767      1.10000000    -10.00000000
    -40.26755853      0.00000000      0.00000000      0.00000000      0.00000000      0.00000655      0.81784299      0.00000060      0.16090254      1.26356758      1.97377892      0.99981459      0.94806722      0.48416276      0.48416276      0.68798690      0.13860125      1.10000000    -10.00000000
    -40.43478261      0.00000000      0.00000000      0.00000000      0.00000000      0.00000632      0.80826643      0.00000057      0.15821300      1.25512922      1.97403404      0.99981459      0.94788186      0.48429450      0.48429450      0.68721108      0.13660095      1.10000000    -10.00000000
    -40.60200669      0.00000000      0.00000000      0.00000000      0.00000000      0.00000611      0.79900058      0.00000055      0.15558429      1.24723980      1.97428480      0.99981459      0.94768752      0.48442404      0.48442404      0.68659462      0.13463690      1.10000000    -10.00000000
    -40.76923077      0.00000000      0.00000000      0.00000000      0.00000000      0.00000590      0.79002355      0.00000053      0.15301558      1.23984081      1.97453132      0.99981459      0.94748240      0.48455145      0.48455145      0.68597872      0.13270903      1.10000000    -10.00000000
    -40.93645485      0.00000000      0.00000000      0.00000000      0.00000000      0.00000571      0.78131609      0.00000051      0.15050586      1.23288233      1.97477371      0.99981459      0.94726890      0.48467677      0.48467677      0.68535165      0.13081712      1.10000000    -10.00000000
    -41.10367893      0.00000000      0.00000000      0.00000000      0.00000000      0.00000552      0.77286118      0.00000049      0.14805400      1.22632150      1.97501207      0.99981459      0.94704602      0.48480006      0.48480006      0.68474431      0.12896083      1.10000000    -10.00000000
    -41.27090301      0.00000000      0.00000000      0.00000000      0.00000000      0.00000534      0.76464360      0.00000047      0.14565877      1.22012126      1.97524651      0.99981459      0.94686536      0.48492136      0.48492136      0.68412769      0.12713975      1.10000000    -10.00000000
    -41.43812709      0.00000000      0.00000000      0.00000000      0.00000000      0.00000517      0.75664974      0.00000045      0.14331888      1.21424937      1.97547710      0.99981459      0.94657346      0.48504073      0.48504073      0.68351124      0.12535337      1.10000000    -10.00000000
    -41.60535117      0.00000000      0.00000000      0.00000000      0.00000000      0.00000500      0.74886731      0.00000044      0.14103301      1.20867763      1.97570395      0.99981459      0.94632396      0.48515821      0.48515821      0.68289489      0.12360117      1.10000000    -10.00000000
    -41.77257525      0.00000000      0.00000000      0.00000000      0.00000000      0.00000484      0.74128518      0.00000042      0.13879982      1.20338123      1.97592715      0.99981459      0.94606584      0.48527385      0.48527385      0.68227953      0.12188255      1.10000000    -10.00000000
    -41.93979933      0.00000000      0.00000000      0.00000000      0.00000000      0.00000469      0.73389319      0.00000041      0.13661796      1.19833826      1.97614677      0.99981459      0.94579924      0.48538768      0.48538768      0.68166440      0.12019691      1.10000000    -10.00000000
    -42.10702341      0.00000000      0.00000000      0.00000000      0.00000000      0.00000454      0.72668210      0.00000039      0.13448609      1.19352926      1.97636291      0.99981459      0.94552427      0.48549976      0.48549976      0.68104959      0.11854362      1.10000000    -10.00000000
    -42.27424749      0.00000000      0.00000000      0.00000000      0.00000000      0.00000440      0.71964337      0.00000038      0.13240286      1.18893688      1.97657564      0.99981459      0.94524104      0.48561012      0.48561012      0.68043248      0.11692205      1.10000000    -10.00000000
    -42.44147157      0.00000000      0.00000000      0.00000000      0.00000000      0.00000427      0.71276918      0.00000037      0.13036697      1.18454558      1.97678505      0.99981459      0.94494968      0.48571880      0.48571880      0.67982235      0.11533154      1.10000000    -10.00000000
    -42.60869565      0.00000000      0.00000000      0.00000000      0.00000000      0.00000414      0.70605228      0.00000035      0.12837711      1.18034138      1.97699122      0.99981459      0.94465035      0.48582584      0.48582584      0.67921012      0.11377146      1.10000000    -10.00000000
    -42.77591973      0.00000000      0.00000000      0.00000000      0.00000000      0.00000401      0.69948595      0.00000034      0.12643202      1.17631170      1.97719420      0.99981459      0.94434311      0.48593127      0.48593127      0.67859831      0.11224115      1.10000000    -10.00000000
    -42.94314381      0.00000000      0.00000000      0.00000000      0.00000000      0.00000389      0.69306394      0.00000033      0.12453046      1.17244512      1.97739408      0.99981459      0.94402826      0.48603514      0.48603514      0.67798761      0.11073996      1.10000000    -10.00000000
    -43.11036789      0.00000000      0.00000000      0.00000000      0.00000000      0.00000378      0.68678044      0.00000032      0.12267121      1.16873131      1.97759093      0.99981459      0.94370552      0.48613747      0.48613747      0.67737798      0.10926727      1.10000000    -10.00000000
    -43.27759197      0.00000000      0.00000000      0.00000000      0.00000000      0.00000366      0.68063000      0.00000031      0.12085310      1.16516083      1.97778482      0.99981459      0.94337542      0.48623831      0.48623831      0.67663704      0.10782243      1.10000000    -10.00000000
    -43.44481605      0.00000000      0.00000000      0.00000000      0.00000000      0.00000356      0.67460753      0.00000030      0.11907498      1.16172508      1.97797580      0.99981459      0.94303785      0.48633768      0.48633768      0.67616199      0.10640483      1.10000000    -10.00000000
    -43.61204013      0.00000000      0.00000000      0.00000000      0.00000000      0.00000345      0.66870826      0.00000029      0.11733573      1.15841616      1.97816394      0.99981459      0.94269301      0.48643562      0.48643562      0.67555603      0.10501385      1.10000000    -10.00000000
    -43.77926421      0.00000000      0.00000000      0.00000000      0.00000000      0.00000335      0.66292768      0.00000028      0.11563426      1.15522686      1.97834931      0.99981459      0.94234129      0.48653215      0.48653215      0.67495081      0.10364890      1.10000000    -10.00000000
    -43.94648829      0.00000000      0.00000000      0.00000000      0.00000000      0.00000326      0.65726157      0.00000027      0.11396953      1.15215051      1.97853196      0.99981459      0.94198163      0.48662732      0.48662732      0.67434716      0.10230938      1.10000000    -10.00000000
    -44.11371237      0.00000000      0.00000000      0.00000000      0.00000000      0.00000316      0.65170592      0.00000026      0.11234052      1.14918098      1.97871196      0.99981459      0.94161593      0.48672114      0.48672114      0.67374487      0.10099472      1.10000000    -10.00000000
    -44.28093645      0.00000000      0.00000000      0.00000000      0.00000000      0.00000308      0.64625698      0.00000026      0.11074623      1.14631259      1.97888935      0.99981459      0.94128295      0.48681364      0.48681364      0.67314292      0.09970435      1.10000000    -10.00000000
    -44.44816054      0.00000000      0.00000000      0.00000000      0.00000000      0.00000299      0.64091115      0.00000025      0.10918570      1.14354010      1.97906419      0.99981459      0.94086327      0.48690486      0.48690486      0.67254464      0.09843771      1.10000000    -10.00000000
    -44.61538462      0.00000000      0.00000000      0.00000000      0.00000000      0.00000291      0.63566506      0.00000024      0.10765801      1.14085864      1.97923655      0.99981459      0.94047928      0.48699481      0.48699481      0.67194695      0.09719427      1.10000000    -10.00000000
    -44.78260870      0.00000000      0.00000000      0.00000000      0.00000000      0.00000283      0.63051550      0.00000023      0.10616226      1.13826367      1.97940646      0.99981459      0.94008416      0.48708354      0.48708354      0.67135043      0.09597350      1.10000000    -10.00000000
    -44.94983278      0.00000000      0.00000000      0.00000000      0.00000000      0.00000275      0.62545941      0.00000023      0.10469758      1.13575099      1.97957398      0.99981459      0.93968492      0.48717105      0.48717105      0.67075566      0.09477488      1.10000000    -10.00000000
    -45.11705686      0.00000000      0.00000000      0.00000000      0.00000000      0.00000267      0.62049388      0.00000022      0.10326312      1.13331667      1.97973916      0.99981459      0.93927932      0.48725738      0.48725738      0.67009643      0.09359791      1.10000000    -10.00000000
    -45.28428094      0.00000000      0.00000000      0.00000000      0.00000000      0.00000260      0.61561615      0.00000021      0.10185806      1.13095704      1.97990205      0.99981459      0.93886756      0.48734255      0.48734255      0.66957140      0.09244209      1.10000000    -10.00000000
    -45.45150502      0.00000000      0.00000000      0.00000000      0.00000000      0.00000253      0.61082359      0.00000021      0.10048162      1.12866866      1.98006269      0.99981459      0.93844965      0.48742658      0.48742658      0.66898155      0.09130695      1.10000000    -10.00000000
    -45.61872910      0.00000000      0.00000000      0.00000000      0.00000000      0.00000246      0.60611367      0.00000020      0.09913303      1.12644832      1.98022113      0.99981459      0.93802405      0.48750950      0.48750950      0.66836598      0.09019202      1.10000000    -10.00000000
    -45.78595318      0.00000000      0.00000000      0.00000000      0.00000000      0.00000240      0.60148399      0.00000020      0.09781155      1.12429302      1.98037741      0.99981459      0.93759611      0.48759133      0.48759133      0.66780782      0.08909685      1.10000000    -10.00000000
    -45.95317726      0.00000000      0.00000000      0.00000000      0.00000000      0.00000234      0.59693226      0.00000019      0.09651646      1.12219991      1.98053157      0.99981459      0.93716008      0.48767208      0.48767208      0.66722376      0.08802098      1.10000000    -10.00000000
    -46.12040134      0.00000000      0.00000000      0.00000000      0.00000000      0.00000227      0.59245627      0.00000018      0.09524706      1.12016634      1.98068367      0.99981459      0.93671879      0.48775179      0.48775179      0.66659223      0.08696400      1.10000000    -10.00000000
    -46.28762542      0.00000000      0.00000000      0.00000000      0.00000000      0.00000222      0.58805391      0.00000018      0.09400269      1.11818980      1.98083372      0.99981459      0.93627175      0.48783047      0.48783047      0.66606158      0.08592546      1.10000000    -10.00000000
    -46.45484950      0.00000000      0.00000000      0.00000000      0.00000000      0.00000216      0.58372318      0.00000017      0.09278269      1.11626794      1.98098179      0.99981459      0.93581920      0.48790813      0.48790813      0.66548253      0.08490497      1.10000000    -10.00000000
    -46.62207358      0.00000000      0.00000000      0.00000000      0.00000000      0.00000210      0.57946213      0.00000017      0.09158642      1.11439852      1.98112790      0.99981459      0.93542889      0.48798481      0.48798481      0.66490615      0.08390213      1.10000000    -10.00000000
    -46.78929766      0.00000000      0.00000000      0.00000000      0.00000000      0.00000205      0.57526890      0.00000017      0.09041329      1.11257944      1.98127209      0.99981459      0.93489825      0.48806052      0.48806052      0.66432346      0.08291653      1.10000000    -10.00000000
    -46.95652174      0.00000000      0.00000000      0.00000000      0.00000000      0.00000200      0.57114172      0.00000016      0.08926270      1.11080872      1.98141441      0.99981459      0.93442821      0.48813528      0.48813528      0.66375902      0.08194781      1.10000000    -10.00000000
    -47.12374582      0.00000000      0.00000000      0.00000000      0.00000000      0.00000195      0.56707886      0.00000016      0.08813406      1.10908447      1.98155488      0.99981459      0.93395554      0.48820910      0.48820910      0.66318874      0.08099559      1.10000000    -10.00000000
    -47.29096990      0.00000000      0.00000000      0.00000000      0.00000000      0.00000190      0.56307867      0.00000015      0.08702684      1.10740491      1.98169353      0.99981459      0.93347697      0.48828200      0.48828200      0.66262037      0.08005951      1.10000000    -10.00000000
    -47.45819398      0.00000000      0.00000000      0.00000000      0.00000000      0.00000185      0.55913957      0.00000015      0.08594049      1.10576836      1.98183042      0.99981459      0.93299144      0.48835400      0.48835400      0.66205412      0.07913922      1.10000000    -10.00000000
    -47.62541806      0.00000000      0.00000000      0.00000000      0.00000000      0.00000181      0.55526003      0.00000014      0.08487448      1.10417320      1.98196556      0.99981459      0.93250427      0.48842512      0.48842512      0.66149000      0.07823438      1.10000000    -10.00000000
    -47.79264214      0.00000000      0.00000000      0.00000000      0.00000000      0.00000176      0.55143858      0.00000014      0.08382832      1.10261792      1.98209898      0.99981459      0.93201079      0.48849538      0.48849538      0.66092790      0.07734465      1.10000000    -10.00000000
    -47.95986622      0.00000000      0.00000000      0.00000000      0.00000000      0.00000172      0.54767379      0.00000014      0.08280151      1.10110108      1.98223073      0.99981459      0.93151263      0.48856478      0.48856478      0.66036808      0.07646970      1.10000000    -10.00000000
    -48.12709030      0.00000000      0.00000000      0.00000000      0.00000000      0.00000168      0.54396430      0.00000013      0.08179357      1.09962129      1.98236083      0.99981459      0.93100982      0.48863334      0.48863334      0.65981039      0.07560922      1.10000000    -10.00000000
    -48.29431438      0.00000000      0.00000000      0.00000000      0.00000000      0.00000164      0.54030879      0.00000013      0.08080405      1.09817724      1.98248932      0.99981459      0.93050249      0.48870109      0.48870109      0.65925489      0.07476290      1.10000000    -10.00000000
    -48.46153846      0.00000000      0.00000000      0.00000000      0.00000000      0.00000160      0.53670598      0.00000013      0.07983250      1.09676770      1.98261621      0.99981459      0.92999068      0.48876803      0.48876803      0.65870159      0.07393045      1.10000000    -10.00000000
    -48.62876254      0.00000000      0.00000000      0.00000000      0.00000000      0.00000156      0.53315464      0.00000012      0.07887848      1.09539148      1.98274154      0.99981459      0.92947457      0.48883418      0.48883418      0.65815078      0.07311155      1.10000000    -10.00000000
    -48.79598662      0.00000000      0.00000000      0.00000000      0.00000000      0.00000152      0.52965358      0.00000012      0.07794158      1.09404743      1.98286534      0.99981459      0.92895416      0.48889955      0.48889955      0.65760191      0.07230594      1.10000000    -10.00000000
    -48.96321070      0.00000000      0.00000000      0.00000000      0.00000000      0.00000149      0.52620166      0.00000012      0.07702138      1.09273448      1.98298763      0.99981459      0.92842947      0.48896415      0.48896415      0.65705507      0.07151332      1.10000000    -10.00000000
    -49.13043478      0.00000000      0.00000000      0.00000000      0.00000000      0.00000145      0.52279775      0.00000011      0.07611749      1.09145159      1.98310845      0.99981459      0.92790073      0.48902801      0.48902801      0.65651036      0.07073344      1.10000000    -10.00000000
    -49.29765886      0.00000000      0.00000000      0.00000000      0.00000000      0.00000142      0.51944079      0.00000011      0.07522952      1.09019779      1.98322781      0.99981459      0.92747689      0.48909113      0.48909113      0.65596867      0.06996601      1.10000000    -10.00000000
    -49.46488294      0.00000000      0.00000000      0.00000000      0.00000000      0.00000139      0.51612974      0.00000011      0.07435711      1.08897212      1.98334574      0.99981459      0.92683119      0.48915352      0.48915352      0.65542886      0.06921080      1.10000000    -10.00000000
    -49.63210702      0.00000000      0.00000000      0.00000000      0.00000000      0.00000136      0.51286357      0.00000011      0.07349989      1.08777368      1.98346227      0.99981459      0.92629614      0.48921520      0.48921520      0.65489137      0.06846753      1.10000000    -10.00000000
    -49.79933110      0.00000000      0.00000000      0.00000000      0.00000000      0.00000132      0.50964133      0.00000010      0.07265750      1.08660160      1.98357742      0.99981459      0.92574613      0.48927618      0.48927618      0.65435618      0.06773597      1.10000000    -10.00000000
    -49.96655518      0.00000000      0.00000000      0.00000000      0.00000000      0.00000129      0.50646206      0.00000010      0.07182961      1.08545507      1.98369122      0.99981459      0.92519793      0.48933647      0.48933647      0.65382336      0.06701588      1.10000000    -10.00000000
    -50.13377926      0.00000000      0.00000000      0.00000000      0.00000000      0.00000127      0.50332485      0.00000010      0.07101588      1.08433329      1.98380369      0.99981459      0.92464621      0.48939609      0.48939609      0.65329273      0.06630703      1.10000000    -10.00000000
    -50.30100334      0.00000000      0.00000000      0.00000000      0.00000000      0.00000124      0.50022880      0.00000010      0.07021599      1.08323550      1.98391484      0.99981459      0.92409086      0.48945504      0.48945504      0.65276446      0.06560917      1.10000000    -10.00000000
    -50.46822742      0.00000000      0.00000000      0.00000000      0.00000000      0.00000121      0.49717306      0.00000009      0.06942962      1.08216096      1.98402471      0.99981459      0.92353715      0.48951334      0.48951334      0.65223780      0.06492211      1.10000000    -10.00000000
    -50.63545151      0.00000000      0.00000000      0.00000000      0.00000000      0.00000118      0.49415678      0.00000009      0.06865648      1.08110898      1.98413331      0.99981459      0.92296976      0.48957099      0.48957099      0.65171494      0.06424561      1.10000000    -10.00000000
    -50.80267559      0.00000000      0.00000000      0.00000000      0.00000000      0.00000116      0.49117916      0.00000009      0.06789627      1.08007889      1.98424066      0.99981459      0.92240756      0.48962801      0.48962801      0.65119427      0.06357946      1.10000000    -10.00000000
    -50.96989967      0.00000000      0.00000000      0.00000000      0.00000000      0.00000113      0.48823942      0.00000009      0.06714869      1.07907004      1.98434680      0.99981459      0.92183542      0.48968441      0.48968441      0.65067482      0.06292346      1.10000000    -10.00000000
    -51.13712375      0.00000000      0.00000000      0.00000000      0.00000000      0.00000111      0.48533677      0.00000009      0.06641347      1.07808181      1.98445172      0.99981459      0.92124176      0.48974019      0.48974019      0.65015810      0.06227741      1.10000000    -10.00000000
    -51.30434783      0.00000000      0.00000000      0.00000000      0.00000000      0.00000108      0.48247048      0.00000008      0.06569034      1.07711361      1.98455547      0.99981459      0.92068798      0.48979538      0.48979538      0.64964400      0.06164111      1.10000000    -10.00000000
    -51.47157191      0.00000000      0.00000000      0.00000000      0.00000000      0.00000106      0.47963983      0.00000008      0.06497903      1.07616486      1.98465805      0.99981459      0.92010988      0.48984997      0.48984997      0.64913204      0.06101437      1.10000000    -10.00000000
    -51.63879599      0.00000000      0.00000000      0.00000000      0.00000000      0.00000104      0.47684412      0.00000008      0.06427928      1.07523501      1.98475948      0.99981459      0.91952798      0.48990398      0.48990398      0.64862284      0.06039700      1.10000000    -10.00000000
    -51.80602007      0.00000000      0.00000000      0.00000000      0.00000000      0.00000101      0.47408266      0.00000008      0.06359084      1.07432353      1.98485979      0.99981459      0.91894442      0.48995741      0.48995741      0.64811554      0.05978882      1.10000000    -10.00000000
    -51.97324415      0.00000000      0.00000000      0.00000000      0.00000000      0.00000099      0.47135479      0.00000008      0.06291347      1.07342990      1.98495898      0.99981459      0.91835748      0.49001028      0.49001028      0.64761020      0.05918965      1.10000000    -10.00000000
    -52.14046823      0.00000000      0.00000000      0.00000000      0.00000000      0.00000097      0.46865986      0.00000008      0.06224694      1.07255364      1.98505709      0.99981459      0.91776773      0.49006260      0.49006260      0.64710801      0.05859931      1.10000000    -10.00000000
    -52.30769231      0.00000000      0.00000000      0.00000000      0.00000000      0.00000095      0.46599725      0.00000007      0.06159101      1.07169427      1.98515412      0.99981459      0.91717526      0.49011437      0.49011437      0.64664408      0.05801764      1.10000000    -10.00000000
    -52.47491639      0.00000000      0.00000000      0.00000000      0.00000000      0.00000093      0.46336634      0.00000007      0.06094545      1.07085134      1.98525009      0.99981459      0.91658046      0.49016560      0.49016560      0.64611035      0.05744447      1.10000000    -10.00000000
    -52.64214047      0.00000000      0.00000000      0.00000000      0.00000000      0.00000091      0.46076654      0.00000007      0.06031005      1.07002439      1.98534503      0.99981459      0.91598245      0.49021630      0.49021630      0.64561416      0.05687964      1.10000000    -10.00000000
    -52.80936455      0.00000000      0.00000000      0.00000000      0.00000000      0.00000089      0.45819727      0.00000007      0.05968460      1.06921301      1.98543894      0.99981459      0.91538235      0.49026648      0.49026648      0.64512194      0.05632298      1.10000000    -10.00000000
    -52.97658863      0.00000000      0.00000000      0.00000000      0.00000000      0.00000088      0.45565796      0.00000007      0.05906888      1.06841679      1.98553184      0.99981459      0.91477960      0.49031614      0.49031614      0.64463118      0.05577435      1.10000000    -10.00000000
    -53.14381271      0.00000000      0.00000000      0.00000000      0.00000000      0.00000086      0.45314807      0.00000007      0.05846270      1.06763532      1.98562374      0.99981459      0.91417468      0.49036530      0.49036530      0.64413832      0.05523359      1.10000000    -10.00000000
    -53.31103679      0.00000000      0.00000000      0.00000000      0.00000000      0.00000084      0.45066706      0.00000006      0.05786585      1.06686823      1.98571467      0.99981459      0.91356720      0.49041396      0.49041396      0.64365690      0.05470056      1.10000000    -10.00000000
    -53.47826087      0.00000000      0.00000000      0.00000000      0.00000000      0.00000082      0.44821441      0.00000006      0.05727816      1.06611515      1.98580464      0.99981459      0.91296121      0.49046213      0.49046213      0.64317322      0.05417511      1.10000000    -10.00000000
    -53.64548495      0.00000000      0.00000000      0.00000000      0.00000000      0.00000081      0.44578961      0.00000006      0.05669942      1.06537571      1.98589366      0.99981459      0.91235735      0.49050982      0.49050982      0.64269192      0.05365709      1.10000000    -10.00000000
    -53.81270903      0.00000000      0.00000000      0.00000000      0.00000000      0.00000079      0.44339216      0.00000006      0.05612946      1.06464957      1.98598175      0.99981459      0.91173177      0.49055703      0.49055703      0.64215161      0.05314638      1.10000000    -10.00000000
    -53.97993311      0.00000000      0.00000000      0.00000000      0.00000000      0.00000078      0.44102158      0.00000006      0.05556810      1.06393640      1.98606892      0.99981459      0.91111558      0.49060377      0.49060377      0.64173635      0.05264283      1.10000000    -10.00000000
    -54.14715719      0.00000000      0.00000000      0.00000000      0.00000000      0.00000076      0.43867740      0.00000006      0.05501516      1.06323587      1.98615518      0.99981459      0.91074051      0.49065005      0.49065005      0.64126196      0.05214632      1.10000000    -10.00000000
    -54.31438127      0.00000000      0.00000000      0.00000000      0.00000000      0.00000075      0.43635915      0.00000006      0.05447049      1.06254768      1.98624055      0.99981459      0.90986544      0.49069588      0.49069588      0.64078986      0.05165672      1.10000000    -10.00000000
    -54.48160535      0.00000000      0.00000000      0.00000000      0.00000000      0.00000073      0.43406640      0.00000006      0.05393391      1.06187151      1.98632504      0.99981459      0.90925575      0.49074126      0.49074126      0.64031960      0.05117390      1.10000000    -10.00000000
    -54.64882943      0.00000000      0.00000000      0.00000000      0.00000000      0.00000072      0.43179870      0.00000006      0.05340526      1.06120708      1.98640867      0.99981459      0.90863187      0.49078620      0.49078620      0.63984741      0.05069773      1.10000000    -10.00000000
    -54.81605351      0.00000000      0.00000000      0.00000000      0.00000000      0.00000070      0.42955562      0.00000005      0.05288439      1.06055411      1.98649144      0.99981459      0.90800630      0.49083070      0.49083070      0.63938764      0.05022811      1.10000000    -10.00000000
    -54.98327759      0.00000000      0.00000000      0.00000000      0.00000000      0.00000069      0.42733674      0.00000005      0.05237114      1.05991231      1.98657337      0.99981459      0.90737937      0.49087477      0.49087477      0.63892605      0.04976490      1.10000000    -10.00000000
    -55.15050167      0.00000000      0.00000000      0.00000000      0.00000000      0.00000068      0.42514166      0.00000005      0.05186537      1.05928142      1.98665448      0.99981459      0.90674994      0.49091842      0.49091842      0.63846452      0.04930799      1.10000000    -10.00000000
    -55.31772575      0.00000000      0.00000000      0.00000000      0.00000000      0.00000066      0.42296999      0.00000005      0.05136693      1.05866119      1.98673477      0.99981459      0.90611930      0.49096165      0.49096165      0.63800707      0.04885728      1.10000000    -10.00000000
    -55.48494983      0.00000000      0.00000000      0.00000000      0.00000000      0.00000065      0.42082132      0.00000005      0.05087568      1.05805136      1.98681425      0.99981459      0.90546332      0.49100447      0.49100447      0.63749647      0.04841265      1.10000000    -10.00000000
    -55.65217391      0.00000000      0.00000000      0.00000000      0.00000000      0.00000064      0.41869529      0.00000005      0.05039148      1.05745169      1.98689295      0.99981459      0.90485363      0.49104689      0.49104689      0.63709677      0.04797400      1.10000000    -10.00000000
    -55.81939799      0.00000000      0.00000000      0.00000000      0.00000000      0.00000063      0.41659151      0.00000005      0.04991420      1.05686195      1.98697086      0.99981459      0.90421811      0.49108891      0.49108891      0.63664451      0.04754121      1.10000000    -10.00000000
    -55.98662207      0.00000000      0.00000000      0.00000000      0.00000000      0.00000061      0.41450964      0.00000005      0.04944370      1.05628191      1.98704800      0.99981459      0.90361868      0.49113053      0.49113053      0.63619668      0.04711420      1.10000000    -10.00000000
    -56.15384615      0.00000000      0.00000000      0.00000000      0.00000000      0.00000060      0.41244930      0.00000005      0.04897985      1.05571134      1.98712438      0.99981459      0.90294325      0.49117177      0.49117177      0.63574721      0.04669284      1.10000000    -10.00000000
    -56.32107023      0.00000000      0.00000000      0.00000000      0.00000000      0.00000059      0.41041016      0.00000005      0.04852254      1.05515004      1.98720001      0.99981459      0.90230415      0.49121262      0.49121262      0.63530470      0.04627706      1.10000000    -10.00000000
    -56.48829431      0.00000000      0.00000000      0.00000000      0.00000000      0.00000058      0.40839188      0.00000004      0.04807163      1.05459779      1.98727491      0.99981459      0.90166365      0.49125310      0.49125310      0.63486308      0.04586674      1.10000000    -10.00000000
    -56.65551839      0.00000000      0.00000000      0.00000000      0.00000000      0.00000057      0.40639412      0.00000004      0.04762701      1.05405440      1.98734908      0.99981459      0.90102170      0.49129320      0.49129320      0.63442218      0.04546180      1.10000000    -10.00000000
    -56.82274247      0.00000000      0.00000000      0.00000000      0.00000000      0.00000056      0.40441656      0.00000004      0.04718856      1.05351966      1.98742253      0.99981459      0.90037881      0.49133294      0.49133294      0.63398423      0.04506214      1.10000000    -10.00000000
    -56.98996656      0.00000000      0.00000000      0.00000000      0.00000000      0.00000055      0.40245889      0.00000004      0.04675617      1.05299339      1.98749527      0.99981459      0.89975048      0.49137232      0.49137232      0.63354850      0.04466768      1.10000000    -10.00000000
    -57.15719064      0.00000000      0.00000000      0.00000000      0.00000000      0.00000054      0.40052079      0.00000004      0.04632972      1.05247539      1.98756732      0.99981459      0.89908958      0.49141133      0.49141133      0.63311587      0.04427832      1.10000000    -10.00000000
    -57.32441472      0.00000000      0.00000000      0.00000000      0.00000000      0.00000053      0.39860196      0.00000004      0.04590911      1.05196550      1.98763868      0.99981459      0.89844302      0.49145000      0.49145000      0.63267530      0.04389398      1.10000000    -10.00000000
    -57.49163880      0.00000000      0.00000000      0.00000000      0.00000000      0.00000052      0.39670211      0.00000004      0.04549423      1.05146353      1.98770936      0.99981459      0.89779678      0.49148832      0.49148832      0.63225331      0.04351457      1.10000000    -10.00000000
    -57.65886288      0.00000000      0.00000000      0.00000000      0.00000000      0.00000051      0.39482094      0.00000004      0.04508497      1.05096932      1.98777937      0.99981459      0.89714761      0.49152630      0.49152630      0.63182742      0.04314001      1.10000000    -10.00000000
    -57.82608696      0.00000000      0.00000000      0.00000000      0.00000000      0.00000050      0.39295816      0.00000004      0.04468124      1.05048270      1.98784872      0.99981459      0.89649850      0.49156393      0.49156393      0.63140265      0.04277022      1.10000000    -10.00000000
    -57.99331104      0.00000000      0.00000000      0.00000000      0.00000000      0.00000049      0.39111351      0.00000004      0.04428293      1.05000350      1.98791742      0.99981459      0.89584871      0.49160124      0.49160124      0.63097903      0.04240511      1.10000000    -10.00000000
    -58.16053512      0.00000000      0.00000000      0.00000000      0.00000000      0.00000048      0.38928670      0.00000004      0.04388995      1.04953158      1.98798547      0.99981459      0.89519920      0.49163821      0.49163821      0.63055956      0.04204462      1.10000000    -10.00000000
    -58.32775920      0.00000000      0.00000000      0.00000000      0.00000000      0.00000048      0.38747747      0.00000004      0.04350221      1.04906678      1.98805290      0.99981459      0.89454595      0.49167486      0.49167486      0.63014121      0.04168866      1.10000000    -10.00000000
    -58.49498328      0.00000000      0.00000000      0.00000000      0.00000000      0.00000047      0.38568556      0.00000004      0.04311960      1.04860895      1.98811970      0.99981459      0.89389365      0.49171119      0.49171119      0.62972498      0.04133716      1.10000000    -10.00000000
    -58.66220736      0.00000000      0.00000000      0.00000000      0.00000000      0.00000046      0.38391071      0.00000003      0.04274204      1.04815795      1.98818588      0.99981459      0.89324093      0.49174721      0.49174721      0.62931188      0.04099004      1.10000000    -10.00000000
    -58.82943144      0.00000000      0.00000000      0.00000000      0.00000000      0.00000045      0.38215267      0.00000003      0.04236944      1.04771364      1.98825145      0.99981459      0.89258770      0.49178291      0.49178291      0.62889954      0.04064724      1.10000000    -10.00000000
    -58.99665552      0.00000000      0.00000000      0.00000000      0.00000000      0.00000044      0.38041119      0.00000003      0.04200171      1.04727588      1.98831642      0.99981459      0.89193306      0.49181830      0.49181830      0.62848901      0.04030868      1.10000000    -10.00000000
    -59.16387960      0.00000000      0.00000000      0.00000000      0.00000000      0.00000044      0.37868604      0.00000003      0.04163877      1.04684454      1.98838079      0.99981459      0.89134698      0.49185339      0.49185339      0.62808138      0.03997429      1.10000000    -10.00000000
    -59.33110368      0.00000000      0.00000000      0.00000000      0.00000000      0.00000043      0.37697697      0.00000003      0.04128054      1.04641949      1.98844459      0.99981459      0.89062285      0.49188818      0.49188818      0.62768597      0.03964401      1.10000000    -10.00000000
    -59.49832776      0.00000000      0.00000000      0.00000000      0.00000000      0.00000042      0.37528376      0.00000003      0.04092693      1.04600060      1.98850780      0.99981459      0.88996707      0.49192267      0.49192267      0.62727193      0.03931777      1.10000000    -10.00000000
    -59.66555184      0.00000000      0.00000000      0.00000000      0.00000000      0.00000041      0.37360618      0.00000003      0.04057786      1.04558775      1.98857045      0.99981459      0.88931067      0.49195687      0.49195687      0.62687095      0.03899550      1.10000000    -10.00000000
    -59.83277592      0.00000000      0.00000000      0.00000000      0.00000000      0.00000041      0.37194401      0.00000003      0.04023326      1.04518082      1.98863253      0.99981459      0.88865381      0.49199078      0.49199078      0.62647075      0.03867715      1.10000000    -10.00000000
    -60.00000000      0.00000000      0.00000000      0.00000000      0.00000000      0.00000040      0.37029702      0.00000003      0.03989305      1.04477970      1.98869405      0.99981459      0.88799691      0.49202441      0.49202441      0.62607333      0.03836264      1.10000000    -10.00000000
